>CP009001
+1 +2 +3 +4 +5 +6 +8 +10 +11 +12 +13 +14 +15 +16 +17 +18 +19 +20 +21 +22 +23 +24 +25 +26 +27 +28 +29 +30 +31 +32 +33 +36 +37 +38 +39 +40 +41 +42 +44 +45 +46 +47 +48 +49 +50 +52 +53 +54 +55 +57 +58 +59 +60 +61 +62 +63 +64 +65 +66 +67 +70 +71 +72 +73 +74 +75 +76 +77 +78 +79 +80 +81 +82 +83 +84 +85 +86 +87 +88 +89 +90 +91 +92 +93 +94 +95 +97 +98 +100 +101 +102 +103 +104 +105 +106 +107 +108 +109 +110 +111 +112 +113 +114 +115 +116 +117 +118 +119 +120 +121 +122 +123 +124 +125 +126 +127 +128 +129 +130 +133 +134 +135 +136 +137 +143 +145 +146 +147 +148 +149 +150 +151 +152 +153 +154 +155 +156 +157 +158 +159 +161 +162 +163 +164 +165 +166 +167 +169 +170 +171 +172 +177 +178 +179 +180 +181 +182 +183 +184 +185 +186 +187 +188 +189 +190 +191 +192 +193 +194 +195 +196 +198 +199 +200 +201 +202 +203 +204 +207 +208 +209 +210 +211 +213 +214 +215 +216 +217 +218 +219 +220 +221 +222 +223 +224 +225 +226 +227 +228 +229 +230 +231 +232 +234 +235 +236 +237 +238 +239 +240 +241 +242 +243 +244 +245 +246 +247 +250 +251 +252 +253 +254 +255 +256 +257 +258 +259 +260 +261 +262 +263 +264 +272 +273 +274 +275 +276 +277 +278 +279 +280 +281 @
>CP009019
+1 +2 +3 +4 +5 +6 +8 +10 +11 +12 +13 +14 +15 +16 +17 +18 +19 +20 +21 +22 +23 +24 +25 +26 +27 +28 +29 +30 +31 +32 +33 +36 +37 +38 +39 +40 +41 +42 +44 +45 +46 +47 +48 +49 +50 +52 +53 +54 +55 +57 +58 +59 +60 +61 +62 +63 +64 +65 +66 +67 +70 +71 +72 +73 +74 +75 +76 +77 +78 +79 +80 +81 +82 +83 +84 +85 +86 +87 +88 +89 +90 +91 +92 +93 +94 +95 +97 +98 +100 +101 +102 +103 +104 +105 +106 +107 +108 +109 +110 +111 +112 +113 +114 +115 +116 +117 +118 +119 +120 +121 +122 +123 +124 +125 +126 +127 +282 +128 +129 +130 +133 +134 +135 +136 +137 +143 +145 +146 +147 +148 +149 +150 +151 +152 +153 +154 +155 +156 +157 +158 +159 +161 +162 +163 +164 +165 +166 +167 +169 +170 +171 +172 +177 +178 +179 +180 +181 +182 +183 +184 +185 +186 +187 +188 +189 +190 +191 +192 +193 +194 +195 +196 +198 +199 +200 +201 +202 +203 +204 +207 +208 +209 +210 +211 +213 +214 +215 +216 +217 +218 +219 +220 +221 +222 +223 +224 +225 +226 +227 +228 +229 +230 +231 +232 +234 +235 +236 +237 +238 +239 +240 +241 +242 +243 +244 +245 +246 +247 +250 +251 +252 +253 +254 +255 +256 +257 +258 +259 +260 +261 +262 +263 +264 +272 +273 +274 +275 +276 +277 +278 +279 +280 +281 @
>CP009010
+1 +2 +3 +4 +5 +6 +8 +10 +11 +12 +13 +14 +15 +16 +17 +18 +19 +20 +21 +22 +23 +24 +25 +26 +27 +28 +29 +30 +31 +32 +33 +36 +37 +38 +39 +40 +41 +42 +44 +45 +46 +47 +48 +49 +50 +52 +53 +54 +55 +57 +58 +59 +60 +61 +62 +63 +64 +65 +66 +67 +70 +71 +72 +73 +74 +75 +76 +77 +78 +79 +80 +81 +82 +83 +84 +85 +86 +87 +88 +89 +90 +91 +92 +93 +94 +95 +97 +98 +100 +101 +102 +103 +104 +105 +106 +107 +108 +109 +110 +111 +112 +113 +114 +115 +116 +117 +118 +119 +120 +121 +122 +123 +124 +125 +126 +127 +282 +128 +129 +130 +133 +134 +135 +136 +137 +143 +145 +146 +147 +148 +149 +150 +151 +152 +153 +154 +155 +156 +157 +158 +159 +161 +162 +163 +164 +165 +166 +167 +169 +170 +171 +172 +177 +178 +179 +180 +181 +182 +183 +184 +185 +186 +187 +188 +189 +190 +191 +192 +193 +194 +195 +196 +198 +199 +200 +201 +202 +203 +204 +207 +208 +209 +210 +211 +213 +214 +215 +216 +217 +218 +219 +220 +221 +222 +223 +224 +225 +226 +227 +228 +229 +230 +231 +232 +234 +235 +236 +237 +238 +239 +240 +241 +242 +243 +244 +245 +246 +247 +250 +251 +252 +253 +254 +255 +256 +257 +258 +259 +260 +261 +262 +263 +264 +272 +273 +274 +275 +276 +277 +278 +279 +280 +281 @
>CP009016
+1 +2 +3 +4 +5 +6 +8 +10 +11 +12 +13 +14 +15 +16 +17 +18 +19 +20 +21 +22 +23 +24 +25 +26 +27 +28 +29 +30 +31 +32 +33 +36 +37 +38 +39 +40 +41 +42 +44 +45 +46 +47 +48 +49 +50 +52 +53 +54 +55 +57 +58 +59 +60 +61 +62 +63 +64 +65 +66 +67 +70 +71 +72 +73 +74 +75 +76 +77 +78 +79 +80 +81 +82 +83 +84 +85 +86 +87 +88 +89 +90 +91 +92 +93 +94 +95 +97 +98 +100 +101 +102 +103 +104 +105 +106 +107 +108 +109 +110 +111 +112 +113 +114 +115 +116 +117 +118 +119 +120 +121 +122 +123 +124 +125 +126 +127 +282 +128 +129 +130 +133 +134 +135 +136 +137 +143 +145 +146 +147 +148 +149 +150 +151 +152 +153 +154 +155 +156 +157 +158 +159 +161 +162 +163 +164 +165 +166 +167 +169 +170 +171 +172 +177 +178 +179 +180 +181 +182 +183 +184 +185 +186 +187 +188 +189 +190 +191 +192 +193 +194 +195 +196 +198 +199 +200 +201 +202 +203 +204 +207 +208 +209 +210 +211 +213 +214 +215 +216 +217 +218 +219 +220 +221 +222 +223 +224 +225 +226 +227 +228 +229 +230 +231 +232 +234 +235 +236 +237 +238 +239 +240 +241 +242 +243 +244 +245 +246 +247 +250 +251 +252 +253 +254 +255 +256 +257 +258 +259 +260 +261 +262 +263 +264 +272 +273 +274 +275 +276 +277 +278 +279 +280 +281 @
>CP003778
+1 +2 +3 +4 -272 -264 -263 -262 -261 -260 -259 -258 -257 -256 -255 -254 -253 -252 -251 -250 -277 -276 -275 -274 -273 +5 +6 +8 +10 +11 +12 +13 +14 +15 +16 +17 +18 +19 +20 +21 +22 +23 +24 +25 +26 +27 +28 +29 +30 +31 +32 +33 -221 -220 -209 -208 -207 +57 +58 +59 +60 +61 +62 +63 +64 +65 +66 -183 -182 -181 -180 -179 -178 -177 -130 -129 -128 -282 -127 -126 -125 -124 -123 -122 -121 -120 -119 -118 +143 +145 +146 +147 +148 +149 +150 +151 +152 +153 +154 +155 +156 +157 +158 +159 +161 +162 +163 +164 +165 +166 +167 -95 -94 -93 -92 -91 -90 -89 -88 +133 +134 +135 +136 +137 -117 -116 -115 -114 -113 -112 -111 -110 -109 -108 -107 -106 -105 -104 -103 -102 -101 -100 -98 -97 +169 +170 +171 +172 -87 -86 -85 -84 -83 -82 -81 -80 -79 -78 -77 -76 -75 -74 -73 -72 -71 -70 -67 +184 +185 +186 +187 +188 +189 +190 +191 +192 +193 +194 +195 +196 +198 +199 +200 +201 +202 +203 +204 -55 -54 -53 -52 -50 -49 -48 -47 -46 -45 -44 -42 -41 -40 -39 -38 -37 -36 +213 +222 +223 +224 +225 +226 +227 +228 +229 +230 +231 +232 +234 +235 +236 +237 +238 +239 +240 +241 +242 +243 +244 +245 +246 +247 +278 +279 +280 +281 @
>CP009013
+1 +2 +3 +4 +5 +6 +8 +10 +11 +12 +13 +14 +15 +16 +17 +18 +19 +20 +21 +22 +23 +24 +25 +26 +27 +28 +29 +30 +31 +32 +33 +36 +37 +38 +39 +40 +41 +42 +44 +45 +46 +47 +48 +49 +50 +52 +53 +54 +55 +57 +58 +59 +60 +61 +62 +63 +64 +65 +66 +67 +70 +71 +72 +73 +74 +75 +76 +77 +78 +79 +80 +81 +82 +83 +84 +85 +86 +87 +88 +89 +90 +91 +92 +93 +94 +95 +97 +98 +100 +101 +102 +103 +104 +105 +106 +107 +108 +109 +110 +111 +112 +113 +114 +115 +116 +117 +118 +119 +120 +121 +122 +123 +124 +125 +126 +127 +282 +128 +129 +130 +133 +134 +135 +136 +137 +143 +145 +146 +147 +148 +149 +150 +151 +152 +153 +154 +155 +156 +157 +158 +159 +161 +162 +163 +164 +165 +166 +167 +169 +170 +171 +172 +177 +178 +179 +180 +181 +182 +183 +184 +185 +186 +187 +188 +189 +190 +191 +192 +193 +194 +195 +196 +198 +199 +200 +201 +202 +203 +204 +207 +208 +209 +210 +211 +213 +214 +215 +216 +217 +218 +219 +220 +221 +222 +223 +224 +225 +226 +227 +228 +229 +230 +231 +232 +234 +235 +236 +237 +238 +239 +240 +241 +242 +243 +244 +245 +246 +247 +250 +251 +252 +253 +254 +255 +256 +257 +258 +259 +260 +261 +262 +263 +264 +272 +273 +274 +275 +276 +277 +278 +279 +280 +281 @
>CM007622
+106 +107 +108 +109 +110 +111 +112 +113 +114 +115 +116 +117 +118 +119 +120 +121 +122 +123 +124 +125 +126 +127 +128 +129 +130 +133 +134 +135 +136 +137 +143 +145 +146 +147 +148 +149 +150 +151 +152 +153 +154 +155 +156 +157 +158 +159 +161 +162 +163 +164 +165 +166 +167 +169 +170 +171 +172 +177 +178 +179 +180 +181 +182 +183 +184 +185 +186 +187 +188 +189 +190 +191 +192 +193 +194 +195 +196 +198 +199 +200 +201 +202 +203 +204 +207 +208 +209 +210 +211 +213 +214 +215 +216 +217 +218 +219 +220 +221 +222 +223 +224 +225 +226 +227 +228 +229 +230 +231 +232 +234 +235 +236 +237 +238 +239 +240 +241 +242 +243 +244 +245 +246 +247 +250 +251 +252 +253 +254 +255 +256 +257 +258 +259 +260 +261 +262 +263 +264 +272 +273 +274 +275 +276 +277 +278 +279 +280 +281 +1 +2 +3 +4 +5 +6 +8 +10 +11 +12 +13 +14 +15 +16 +17 +18 +19 +20 +21 +22 +23 +24 +25 +26 +27 +28 +29 +30 +31 +32 +33 +36 +37 +38 +39 +40 +41 +42 +44 +45 +46 +47 +48 +49 +50 +52 +53 +54 +55 +57 +58 +59 +60 +61 +62 +63 +64 +65 +66 +67 +70 +71 +72 +73 +74 +83 +84 +85 +86 +87 +88 +89 +90 +91 +92 +93 +94 +95 +97 +98 +100 +101 +102 +103 +104 +105 @
>CP008998
+1 +2 +3 +4 +5 +6 +8 +10 +11 +12 +13 +14 +15 +16 +17 +18 +19 +20 +21 +22 +23 +24 +25 +26 +27 +28 +29 +30 +31 +32 +33 +36 +37 +38 +39 +40 +41 +42 +44 +45 +46 +47 +48 +49 +50 +52 +53 +54 +55 +57 +58 +59 +60 +61 +62 +63 +64 +65 +66 +67 +70 +71 +72 +73 +74 +75 +76 +77 +78 +79 +80 +81 +82 +83 +84 +85 +86 +87 +88 +89 +90 +91 +92 +93 +94 +95 +97 +98 +100 +101 +102 +103 +104 +105 +106 +107 +108 +109 +110 +111 +112 +113 +114 +115 +116 +117 +118 +119 +120 +121 +122 +123 +124 +125 +126 +127 +282 +128 +129 +130 +133 +134 +135 +136 +137 +143 +145 +146 +147 +148 +149 +150 +151 +152 +153 +154 +155 +156 +157 +158 +159 +161 +162 +163 +164 +165 +166 +167 +169 +170 +171 +172 +177 +178 +179 +180 +181 +182 +183 +184 +185 +186 +187 +188 +189 +190 +191 +192 +193 +194 +195 +196 +198 +199 +200 +201 +202 +203 +204 +207 +208 +209 +210 +211 +213 +214 +215 +216 +217 +218 +219 +220 +221 +222 +223 +224 +225 +226 +227 +228 +229 +230 +231 +232 +234 +235 +236 +237 +238 +239 +240 +241 +242 +243 +244 +245 +246 +247 +250 +251 +252 +253 +254 +255 +256 +257 +258 +259 +260 +261 +262 +263 +264 +272 +273 +274 +275 +276 +277 +278 +279 +280 +281 @
>CP009031
+1 +2 +3 +4 -272 -264 -263 -262 -261 -260 -259 -258 -257 -256 -255 -254 -253 -252 -251 -250 -277 -276 -275 -274 -273 +5 +6 +8 +10 +11 +12 +13 +14 +15 +16 +17 +18 +19 +20 +21 +22 +23 +24 +25 +26 +27 +28 +29 +30 +31 +32 +33 -221 -220 -209 -208 -207 +57 +58 +59 +60 +61 +62 +63 +64 +65 +66 -183 -182 -181 -180 -179 -178 -177 -130 -129 -128 -282 -127 -126 -125 -124 -123 -122 -121 -120 -119 -118 +143 +145 +146 +147 +148 +149 +150 +151 +152 +153 +154 +155 +156 +157 +158 +159 +161 +162 +163 +164 +165 +166 +167 -95 -94 -93 -92 -91 -90 -89 -88 +133 +134 +135 +136 +137 -117 -116 -115 -114 -113 -112 -111 -110 -109 -108 -107 -106 -105 -104 -103 -102 -101 -100 -98 -97 +169 +170 +171 +172 -87 -86 -85 -84 -83 -82 -81 -80 -79 -78 -77 -76 -75 -74 -73 -72 -71 -70 -67 +184 +185 +186 +187 +188 +189 +190 +191 +192 +193 +194 +195 +196 +198 +199 +200 +201 +202 +203 +204 -55 -54 -53 -52 -50 -49 -48 -47 -46 -45 -44 -42 -41 -40 -39 -38 -37 -36 +213 +222 +223 +224 +225 +226 +227 +228 +229 +230 +231 +232 +234 +235 +236 +237 +238 +239 +240 +241 +242 +243 +244 +245 +246 +247 +278 +279 +280 +281 @
>CM007619
-97 -95 -94 -93 -92 -91 -90 -89 -88 -87 -86 -85 -84 -83 -82 -81 -80 -79 -78 -77 -76 -75 -74 -73 -72 -71 -70 -67 -66 -65 -64 -63 -62 -61 -60 -59 -58 -57 -55 -54 -53 -52 -50 -49 -48 -47 -46 -45 -44 -42 -41 -40 -39 -38 -37 -36 -33 -32 -31 -30 -29 -28 -27 -26 -25 -24 -23 -22 -21 -20 -19 -18 -17 -16 -15 -14 -13 -12 -11 -10 -8 -6 -5 -4 -3 -2 -1 -281 -280 -279 -278 -277 -276 -275 -274 -273 -272 -264 -263 -262 -261 -260 -259 -258 -257 -256 -255 -254 -253 -252 -251 -250 -247 -246 -245 -244 -243 -242 -241 -240 -239 -238 -237 -236 -235 -234 -232 -231 -230 -229 -228 -227 -226 -225 -224 -223 -222 -221 -220 -219 -218 -217 -216 -215 -214 -213 -211 -210 -209 -208 -207 -204 -203 -202 -201 -200 -199 -198 -196 -195 -194 -193 -192 -191 -190 -189 -188 -187 -186 -185 -184 -183 -182 -181 -180 -179 -178 -177 -172 -171 -170 -169 -167 -166 -165 -164 -163 -162 -161 -159 -158 -157 -156 -155 -154 -153 -152 -151 -150 -149 -148 -147 -146 -145 -143 -137 -136 -135 -134 -133 -130 -129 -128 -282 -127 -126 -125 -124 -123 -122 -121 -120 -119 -118 -117 -116 -115 -114 -113 -112 -111 -110 -109 -108 -107 -106 -105 -104 -103 -102 -101 -100 -98 @
>CP009022
+1 +2 +3 +4 +5 +6 +8 +10 +11 +12 +13 +14 +15 +16 +17 +18 +19 +20 +21 +22 +23 +24 +25 +26 +27 +28 +29 +30 +31 +32 +33 +36 +37 +38 +39 +40 +41 +42 +44 +45 +46 +47 +48 +49 +50 +52 +53 +54 +55 +57 +58 +59 +60 +61 +62 +63 +64 +65 +66 +67 +70 +71 +72 +73 +74 +75 +76 +77 +78 +79 +80 +81 +82 +83 +84 +85 +86 +87 +88 +89 +90 +91 +92 +93 +94 +95 +97 +98 +100 +101 +102 +103 +104 +105 +106 +107 +108 +109 +110 +111 +112 +113 +114 +115 +116 +117 +118 +119 +120 +121 +122 +123 +124 +125 +126 +127 +282 +128 +129 +130 +133 +134 +135 +136 +137 +143 +145 +146 +147 +148 +149 +150 +151 +152 +153 +154 +155 +156 +157 +158 +159 +161 +162 +163 +164 +165 +166 +167 +169 +170 +171 +172 +177 +178 +179 +180 +181 +182 +183 +184 +185 +186 +187 +188 +189 +190 +191 +192 +193 +194 +195 +196 +198 +199 +200 +201 +202 +203 +204 +207 +208 +209 +210 +211 +213 +214 +215 +216 +217 +218 +219 +220 +221 +222 +223 +224 +225 +226 +227 +228 +229 +230 +231 +232 +234 +235 +236 +237 +238 +239 +240 +241 +242 +243 +244 +245 +246 +247 +250 +251 +252 +253 +254 +255 +256 +257 +258 +259 +260 +261 +262 +263 +264 +272 +273 +274 +275 +276 +277 +278 +279 +280 +281 @
>CP009028
+1 +2 +3 +4 +5 +6 +8 +10 +11 +12 +13 +14 +15 +16 +17 +18 +19 +20 +21 +22 +23 +24 +25 +26 +27 +28 +29 +30 +31 +32 +33 +36 +37 +38 +39 +40 +41 +42 +44 +45 +46 +47 +48 +49 +50 +52 +53 +54 +55 +57 +58 +59 +60 +61 +62 +63 +64 +65 +66 +67 +70 +71 +72 +73 +74 +75 +76 +77 +78 +79 +80 +81 +82 +83 +84 +85 +86 +87 +88 +89 +90 +91 +92 +93 +94 +95 +97 +98 +100 +101 +102 +103 +104 +105 +106 +107 +108 +109 +110 +111 +112 +113 +114 +115 +116 +117 +118 +119 +120 +121 +122 +123 +124 +125 +126 +127 +282 +128 +129 +130 +133 +134 +135 +136 +137 +143 +145 +146 +147 +148 +149 +150 +151 +152 +153 +154 +155 +156 +157 +158 +159 +161 +162 +163 +164 +165 +166 +167 +169 +170 +171 +172 +177 +178 +179 +180 +181 +182 +183 +184 +185 +186 +187 +188 +189 +190 +191 +192 +193 +194 +195 +196 +198 +199 +200 +201 +202 +203 +204 +207 +208 +209 +210 +211 +213 +214 +215 +216 +217 +218 +219 +220 +221 +222 +223 +224 +225 +226 +227 +228 +229 +230 +231 +232 +234 +235 +236 +237 +238 +239 +240 +241 +242 +243 +244 +245 +246 +247 +250 +251 +252 +253 +254 +255 +256 +257 +258 +259 +260 +261 +262 +263 +264 +272 +273 +274 +275 +276 +277 +278 +279 +280 +281 @
>CP011827
+1 +2 +3 +4 +5 +6 +8 +10 +11 +12 +13 +14 +15 +16 +17 +18 +19 +20 +21 +22 +23 +24 +25 +26 +27 +28 +29 +30 +31 +32 +33 +36 +37 +38 +39 +40 +41 +42 +44 +45 +46 +47 +48 +49 +50 +52 +53 +54 +55 +57 +58 +59 +60 +61 +62 +63 +64 +65 +66 +67 +70 +71 +72 +73 +74 +75 +76 +77 +78 +79 +80 +81 +82 +83 +84 +85 +86 +87 +88 +89 +90 +91 +92 +93 +94 +95 +97 +98 +100 +101 +102 +103 +104 +105 +106 +107 +108 +109 +110 +111 +112 +113 +114 +115 +116 +117 +118 +119 +120 +121 +122 +123 +124 +125 +126 +127 +282 +128 +129 +130 +133 +134 +135 +136 +137 +143 +145 +146 +147 +148 +149 +150 +151 +152 +153 +154 +155 +156 +157 +158 +159 +161 +162 +163 +164 +165 +166 +167 +169 +170 +171 +172 +177 +178 +179 +180 +181 +182 +183 +184 +185 +186 +187 +188 +189 +190 +191 +192 +193 +194 +195 +196 +198 +199 +200 +201 +202 +203 +204 +207 +208 +209 +210 +211 +213 +214 +215 +216 +217 +218 +219 +220 +221 +222 +223 +224 +225 +226 +227 +228 +229 +230 +231 +232 +234 +235 +236 +237 +238 +239 +240 +241 +242 +243 +244 +245 +246 +247 +250 +251 +252 +253 +254 +255 +256 +257 +258 +259 +260 +261 +262 +263 +264 +272 +273 +274 +275 +276 +277 +278 +279 +280 +281 @
>CP009007
+1 +2 +3 +4 +5 +6 +8 +10 +11 +12 +13 +14 +15 +16 +17 +18 +19 +20 +21 +22 +23 +24 +25 +26 +27 +28 +29 +30 +31 +32 +33 +36 +37 +38 +39 +40 +41 +42 +44 +45 +46 +47 +48 +49 +50 +52 +53 +54 +55 +57 +58 +59 +60 +61 +62 +63 +64 +65 +66 +67 +70 +71 +72 +73 +74 +75 +76 +77 +78 +79 +80 +81 +82 +83 +84 +85 +86 +87 +88 +89 +90 +91 +92 +93 +94 +95 +97 +98 +100 +101 +102 +103 +104 +105 +106 +107 +108 +109 +110 +111 +112 +113 +114 +115 +116 +117 +118 +119 +120 +121 +122 +123 +124 +125 +126 +127 +282 +128 +129 +130 +133 +134 +135 +136 +137 +143 +145 +146 +147 +148 +149 +150 +151 +152 +153 +154 +155 +156 +157 +158 +159 +161 +162 +163 +164 +165 +166 +167 +169 +170 +171 +172 +177 +178 +179 +180 +181 +182 +183 +184 +185 +186 +187 +188 +189 +190 +191 +192 +193 +194 +195 +196 +198 +199 +200 +201 +202 +203 +204 +207 +208 +209 +210 +211 +213 +214 +215 +216 +217 +218 +219 +220 +221 +222 +223 +224 +225 +226 +227 +228 +229 +230 +231 +232 +234 +235 +236 +237 +238 +239 +240 +241 +242 +243 +244 +245 +246 +247 +250 +251 +252 +253 +254 +255 +256 +257 +258 +259 +260 +261 +262 +263 +264 +272 +273 +274 +275 +276 +277 +278 +279 +280 +281 @
>CP009034
+1 +2 +3 +4 -272 -264 -263 -262 -261 -260 -259 -258 -257 -256 -255 -254 -253 -252 -251 -250 -277 -276 -275 -274 -273 +5 +6 +8 +10 +11 +12 +13 +14 +15 +16 +17 +18 +19 +20 +21 +22 +23 +24 +25 +26 +27 +28 +29 +30 +31 +32 +33 -221 -220 -209 -208 -207 +57 +58 +59 +60 +61 +62 +63 +64 +65 +66 -183 -182 -181 -180 -179 -178 -177 -130 -129 -128 -282 -127 -126 -125 -124 -123 -122 -121 -120 -119 -118 +143 +145 +146 +147 +148 +149 +150 +151 +152 +153 +154 +155 +156 +157 +158 +159 +161 +162 +163 +164 +165 +166 +167 -95 -94 -93 -92 -91 -90 -89 -88 +133 +134 +135 +136 +137 -117 -116 -115 -114 -113 -112 -111 -110 -109 -108 -107 -106 -105 -104 -103 -102 -101 -100 -98 -97 +169 +170 +171 +172 -87 -86 -85 -84 -83 -82 -81 -80 -79 -78 -77 -76 -75 -74 -73 -72 -71 -70 -67 +184 +185 +186 +187 +188 +189 +190 +191 +192 +193 +194 +195 +196 +198 +199 +200 +201 +202 +203 +204 -55 -54 -53 -52 -50 -49 -48 -47 -46 -45 -44 -42 -41 -40 -39 -38 -37 -36 +213 +222 +223 +224 +225 +226 +227 +228 +229 +230 +231 +232 +234 +235 +236 +237 +238 +239 +240 +241 +242 +243 +244 +245 +246 +247 +278 +279 +280 +281 @
>CP009025
+1 +2 +3 +4 +5 +6 +8 +10 +11 +12 +13 +14 +15 +16 +17 +18 +19 +20 +21 +22 +23 +24 +25 +26 +27 +28 +29 +30 +31 +32 +33 +36 +37 +38 +39 +40 +41 +42 +44 +45 +46 +47 +48 +49 +50 +52 +53 +54 +55 +57 +58 +59 +60 +61 +62 +63 +64 +65 +66 +67 +70 +71 +72 +73 +74 +75 +76 +77 +78 +79 +80 +81 +82 +83 +84 +85 +86 +87 +88 +89 +90 +91 +92 +93 +94 +95 +97 +98 +100 +101 +102 +103 +104 +105 +106 +107 +108 +109 +110 +111 +112 +113 +114 +115 +116 +117 +118 +119 +120 +121 +122 +123 +124 +125 +126 +127 +282 +128 +129 +130 +133 +134 +135 +136 +137 +143 +145 +146 +147 +148 +149 +150 +151 +152 +153 +154 +155 +156 +157 +158 +159 +161 +162 +163 +164 +165 +166 +167 +169 +170 +171 +172 +177 +178 +179 +180 +181 +182 +183 +184 +185 +186 +187 +188 +189 +190 +191 +192 +193 +194 +195 +196 +198 +199 +200 +201 +202 +203 +204 +207 +208 +209 +210 +211 +213 +214 +215 +216 +217 +218 +219 +220 +221 +222 +223 +224 +225 +226 +227 +228 +229 +230 +231 +232 +234 +235 +236 +237 +238 +239 +240 +241 +242 +243 +244 +245 +246 +247 +250 +251 +252 +253 +254 +255 +256 +257 +258 +259 +260 +261 +262 +263 +264 +272 +273 +274 +275 +276 +277 +278 +279 +280 +281 @
>LN590509
+1 +2 +3 +4 +5 +6 +8 +10 +11 -279 +12 +16 +17 +18 +19 +20 +21 +22 +23 +24 +25 +26 +27 +28 +29 +30 +31 +32 +33 +36 +37 +38 +39 +40 +41 +42 +44 +45 +46 +47 +48 +49 +50 +52 +53 +54 +55 +57 +58 +59 +60 +61 +62 +63 +64 +65 +66 +67 +70 +71 +72 +73 +74 +83 +84 +85 +86 +87 +88 +89 +90 +91 +92 +93 +94 +95 +97 +98 +100 +101 +102 +103 +105 +106 +111 +112 +113 +114 +115 +116 +117 +118 +119 +120 +121 +122 +123 +124 +125 +126 +133 +147 +148 +149 +150 +151 +152 -127 +153 +154 +155 +156 +157 +158 +159 +161 +162 +163 +164 +165 +166 +167 +169 +171 +172 +177 +178 +179 +180 +181 +182 +183 +184 +185 +186 +187 +188 +189 +190 +191 +192 +193 +194 +195 +196 +198 +199 +200 +201 +202 +203 +204 +207 +208 +209 +210 +211 +213 +214 +215 +216 +219 +220 +221 +222 +223 +224 +225 +226 +227 +228 +229 +230 +231 +232 +234 +235 +236 +237 +238 +239 +240 +241 +242 +243 +244 +245 +246 +247 +250 +251 +252 +253 +254 +255 +256 +257 +258 +259 +260 +261 +262 -15 -14 -13 +263 +264 +272 +273 +274 +275 +276 +277 +278 +280 +281 +107 +108 +109 +104 -110 +170 @
>CP023285
+278 +279 +280 +281 +1 +2 +3 +4 +5 +6 +8 +10 +11 +12 +13 +14 +15 +16 +17 +18 +19 +20 +21 +22 +23 +24 +25 +26 +27 +28 +29 +30 +31 +32 +33 +36 +37 +38 +39 +40 +41 +42 +44 +45 +46 +47 +48 +49 +50 +52 +53 +54 +55 +57 +58 +59 +60 +61 +62 +63 +64 +65 +66 +67 +70 +71 +72 +73 +74 +75 +76 +77 +78 +79 +80 +81 +82 +83 +84 +85 +86 +87 +88 +89 +90 +91 +92 +93 +94 +95 +97 +98 +100 +101 +102 +103 +104 +105 +106 +107 +108 +109 +110 +111 +112 +113 +114 +115 +116 +117 +118 +119 +120 +121 +122 +123 +124 +125 +126 +127 +128 +129 +130 +133 +134 +135 +136 +137 +143 +145 +146 +147 +148 +149 +150 +151 +152 +153 +154 +155 +156 +157 +158 +159 +161 +162 +163 +164 +165 +166 +167 +169 +170 +171 +172 +177 +178 +179 +180 +181 +182 +183 +184 +185 +186 +187 +188 +189 +190 +191 +192 +193 +194 +195 +196 +198 +199 +200 +201 +202 +203 +204 +207 +208 +209 +210 +211 +213 +214 +215 +216 +217 +218 +219 +220 +221 +222 +223 +224 +225 +226 +227 +228 +229 +230 +231 +232 +234 +235 +236 +237 +238 +239 +240 +241 +242 +243 +244 +245 +246 +247 +250 +251 +252 +253 +254 +255 +256 +257 +258 +259 +260 +261 +262 +263 +264 +272 +273 +274 +275 +276 +277 @
>CP020889
+190 +191 +192 +193 +194 +195 +196 +198 +199 +200 +201 +202 +203 +204 -55 -54 -53 -52 -50 -49 -48 -47 -46 -45 -44 -42 -41 -40 -39 -38 -37 -36 +214 +215 +216 +217 +218 +219 +220 +221 -33 -32 -31 -30 -29 -28 -27 -26 -25 -24 -23 -22 -21 -20 +222 +223 +224 +225 +226 +227 +228 +229 +230 +231 +232 +234 +235 +236 +237 +238 +239 +240 +241 +242 +243 +244 +245 +246 +247 +278 +279 +280 +281 +1 +2 +3 +4 -272 -264 -263 -262 -261 -260 -259 -258 -257 -256 -255 -254 -253 -252 -251 -250 -277 -276 -275 -274 -273 +5 +6 +8 +10 +11 +12 +13 +14 +15 +16 +17 +18 +19 -213 -211 -210 -209 -208 -207 +57 +58 +59 +60 +61 +62 +63 +64 +65 +66 +67 +70 +71 +72 +73 +74 +75 +76 +77 +78 +79 +80 +81 +82 +83 +84 +85 +86 +87 -172 -171 -170 -169 -167 -166 -165 -164 -163 -162 -161 -159 -158 -157 -156 -155 -154 -153 -152 -151 -150 -149 -148 -147 -146 -145 -143 +118 +119 +120 +121 +122 +123 +124 +125 +126 +127 +282 +128 +129 +130 -117 -116 -115 -114 -113 -112 -111 -110 -109 -108 -107 -106 -105 -104 -103 -102 -101 -100 -98 -97 -95 -94 -93 -92 -91 -90 -89 -88 +177 +178 +179 +180 +181 +182 +183 +184 +185 +186 +187 +188 +189 @
>CP009037
+1 +2 +3 +4 -272 -264 -263 -262 -261 -260 -259 -258 -257 -256 -255 -254 -253 -252 -251 -250 -277 -276 -275 -274 -273 +5 +6 +8 +10 +11 +12 +13 +14 +15 +16 +17 +18 +19 +20 +21 +22 +23 +24 +25 +26 +27 +28 +29 +30 +31 +32 +33 -221 -220 -209 -208 -207 +57 +58 +59 +60 +61 +62 +63 +64 +65 +66 -183 -182 -181 -180 -179 -178 -177 -130 -129 -128 -282 -127 -126 -125 -124 -123 -122 -121 -120 -119 -118 +143 +145 +146 +147 +148 +149 +150 +151 +152 +153 +154 +155 +156 +157 +158 +159 +161 +162 +163 +164 +165 +166 +167 -95 -94 -93 -92 -91 -90 -89 -88 +133 +134 +135 +136 +137 -117 -116 -115 -114 -113 -112 -111 -110 -109 -108 -107 -106 -105 -104 -103 -102 -101 -100 -98 -97 +169 +170 +171 +172 -87 -86 -85 -84 -83 -82 -81 -80 -79 -78 -77 -76 -75 -74 -73 -72 -71 -70 -67 +184 +185 +186 +187 +188 +189 +190 +191 +192 +193 +194 +195 +196 +198 +199 +200 +201 +202 +203 +204 -55 -54 -53 -52 -50 -49 -48 -47 -46 -45 -44 -42 -41 -40 -39 -38 -37 -36 +213 +222 +223 +224 +225 +226 +227 +228 +229 +230 +231 +232 +234 +235 +236 +237 +238 +239 +240 +241 +242 +243 +244 +245 +246 +247 +278 +279 +280 +281 @
>LN606820
+1 +2 +3 +4 +5 +6 +8 +10 +11 +16 +17 +18 +19 +20 +21 +22 +23 +24 +25 +26 -12 -15 -14 -13 +27 +28 +29 +30 +31 +32 +33 +36 +37 +38 +39 +40 +41 +42 +44 +45 +47 +48 +49 +50 +52 +53 +54 +55 +57 +58 +59 +60 +61 +62 +63 +64 +65 +66 +67 +70 +71 +72 +73 +74 +75 +76 +77 +78 +79 +80 +81 +82 +83 +84 +85 +86 +87 +88 +89 +90 +91 +92 +93 +94 +95 +97 +98 +100 +101 +102 +103 +104 +105 +106 +107 +108 +109 +110 +111 +112 +113 +114 +115 +116 +117 +118 +119 +120 +121 +122 +123 +124 +125 +126 +127 +282 +128 +129 +130 +133 +134 +135 +136 +137 +143 +145 +146 +147 +148 +149 +150 +151 +152 +153 +154 +155 +156 +157 +158 +159 +161 +162 +163 +164 +165 +166 +167 +170 +169 +171 +172 +177 +178 +179 +180 +181 +182 +183 +184 +185 +186 +187 +188 +189 +190 +191 +192 +193 +194 +195 +196 +198 +199 +200 +201 +202 +203 +204 +207 +208 +209 +210 +211 +213 +214 +215 +216 +217 +218 +219 +220 +221 +222 +223 +224 +225 +226 +227 +228 +229 +230 +231 +232 +234 +235 +236 +237 +238 +239 +240 +241 +242 +243 +244 +245 +246 +247 +250 +251 +252 +253 +254 +255 +256 +257 +258 +259 +260 +261 +262 +263 +264 +272 +273 +274 +275 +276 +277 +278 +279 +280 +281 +46 @
>CP020885
+39 +40 +41 +42 +44 +45 +46 +47 +48 +49 +50 +52 +53 +54 +55 +57 +58 +59 +60 +61 +62 +63 +64 +65 +66 +67 +70 +71 +72 +73 +74 +75 -208 -207 -204 -203 -202 -201 -200 -199 -198 -196 -195 -194 -193 -192 -191 -190 -189 -188 -187 -186 -185 -184 -183 -182 -181 -180 -179 -178 -177 -172 -171 -170 -169 -167 -166 -165 -164 -163 -162 -161 -159 -158 -157 -156 -155 -154 -153 -152 -151 -150 -149 -148 -147 -146 -145 -143 -137 +136 -135 -134 -133 -130 -129 -128 -127 -126 -125 -124 -123 -122 -121 -120 -119 -118 +209 +210 +211 +213 +214 +215 -80 -79 -78 -77 -76 -117 -116 -115 -114 -113 -112 -111 -110 -109 -108 -107 -106 -105 -104 -103 -102 -101 -100 -98 -97 -95 -94 -93 -92 -91 -90 -89 -88 -87 -86 -85 -84 -83 +217 +218 +219 +220 +221 +222 +223 +224 +225 +226 +227 +228 +229 +230 +231 +232 +234 +235 +236 +237 +238 +239 +240 +241 +242 +243 +244 +245 +246 +247 +250 -252 -251 +253 +254 +255 +256 +257 +258 +259 +260 +261 +262 +263 +264 +272 +273 +274 +275 +276 +277 +278 +279 +280 +281 +1 +2 +3 +4 +5 +6 +8 +10 +11 +12 +13 +14 +15 +16 +17 +18 +19 +20 +21 +22 +23 +24 +25 +26 +27 +28 +29 +30 +31 +32 +33 +36 +37 +38 @
>CP018847
-22 -21 -20 -19 -18 -17 -16 -15 -14 -13 -12 -11 -10 -8 -6 -5 -4 -3 -2 -1 -281 -280 -279 -278 -277 -276 -275 -274 -273 -272 -264 -263 -262 -261 -260 -259 -258 -257 -256 -255 -254 -253 -252 -251 -250 -247 -246 -245 -244 -243 -242 -241 -240 -239 -238 -237 -236 -235 -234 -232 -231 -230 -229 -228 -227 -226 -225 -224 -223 -222 -221 -220 -219 -218 -217 -216 -215 -214 -213 -211 -210 -209 -208 -207 -204 -203 -202 -201 -200 -199 -198 -196 -195 -194 -193 -192 -191 -190 -189 -188 -187 -186 -185 -184 -183 -182 -181 -180 -179 -178 -177 -172 -171 -170 -169 -167 -166 -165 -164 -163 -162 -161 -159 -158 -157 -156 -155 -154 -153 -152 -151 -150 -149 -148 -147 -146 -145 -143 -137 -136 -135 -134 -133 -130 -129 -128 -282 -127 -126 -125 -124 -123 -122 -121 -120 -119 -118 -117 -116 -115 -114 -113 -112 -111 -110 -109 -108 -107 -106 -105 -104 -103 -102 -101 -100 -98 -97 -95 -94 -93 -92 -91 -90 -89 -88 -87 -86 -85 -84 -83 -82 -81 -80 -79 -78 -77 -76 -75 -74 -73 -72 -71 -70 -67 -66 -65 -64 -63 -62 -61 -60 -59 -58 -57 -55 -54 -53 -52 -50 -49 -48 -47 -46 -45 -44 -42 -41 -40 -39 -38 -37 -36 -33 -32 -31 -30 -29 -28 -27 -26 -25 -24 -23 @
>CP018854
+261 +262 +263 +264 +272 +273 +274 +275 +276 +277 +278 +279 +280 +281 +1 +2 +3 +4 +5 +6 +8 +10 +11 +12 +13 +14 +15 +16 +17 +18 +19 +20 +21 +22 +23 +24 +25 +26 +27 +28 +29 +30 +31 +32 +33 +36 +37 +38 +39 +40 +41 +42 +44 +45 +46 +47 +48 +49 +50 +52 +53 +54 +55 +57 +58 +59 +60 +61 +62 +63 +64 +65 +66 +67 +70 +71 +72 +73 +74 +75 +76 +77 +78 +79 +80 +81 +82 +83 +84 +85 +86 +87 +88 +89 +90 +91 +92 +93 +94 +95 +97 +98 +100 +101 +102 +103 +104 +105 +106 +107 +108 +109 +110 +111 +112 +113 +114 +115 +116 +117 +118 +119 +120 +121 +122 +123 +124 +125 +126 +127 +282 +128 +129 +130 +133 +134 +135 +136 +137 +143 +145 +146 +147 +148 +149 +150 +151 +152 +153 +154 +155 +156 +157 +158 +159 +161 +162 +163 +164 +165 +166 +167 +169 +170 +171 +172 +177 +178 +179 +180 +181 +182 +183 +184 +185 +186 +187 +188 +189 +190 +191 +192 +193 +194 +195 +196 +198 +199 +200 +201 +202 +203 +204 +207 +208 +209 +210 +211 +213 +214 +215 +216 +217 +218 +219 +220 +221 +222 +223 +224 +225 +226 +227 +228 +229 +230 +231 +232 +234 +235 +236 +237 +238 +239 +240 +241 +242 +243 +244 +245 +246 +247 +250 +251 +252 +253 +254 +255 +256 +257 +258 +259 +260 @
>AE008923
+1 +2 +3 +4 +5 +6 +8 +10 +11 +12 +13 +14 +15 +16 +17 +18 +19 +20 +21 +22 +23 +24 +25 +26 +27 +28 +29 +30 +31 +32 +33 +36 +37 +38 +39 +40 +41 +42 +44 +45 +46 +47 +48 +49 +50 +52 +53 +54 +55 +57 +58 +59 +60 +61 +62 +63 +64 +65 +66 +67 +70 +71 +72 +73 +74 +75 +76 +77 +78 +79 +80 +81 +82 +83 +84 +85 +86 +87 +88 +89 +90 +91 +92 +93 +94 +95 +97 +98 +100 +101 +102 +103 +104 +105 +106 +107 +108 +109 +110 +111 +112 +113 +114 +115 +116 +117 +118 +119 +120 +121 +122 +123 +124 +125 +126 +127 +282 +128 +129 +130 +133 +134 +135 +136 +137 +143 +145 +146 +147 +148 +149 +150 +151 +152 +153 +154 +155 +156 +157 +158 +159 +161 +162 +163 +164 +165 +166 +167 +169 +170 +171 +172 +177 +178 +179 +180 +181 +182 +183 +184 +185 +186 +187 +188 +189 +190 +191 +192 +193 +194 +195 +196 +198 +199 +200 +201 +202 +203 +204 +207 +208 +209 +210 +211 +213 +214 +215 +216 +217 +218 +219 +220 +221 +222 +223 +224 +225 +226 +227 +228 +229 +230 +231 +232 +234 +235 +236 +237 +238 +239 +240 +241 +242 +243 +244 +245 +246 +247 +250 +251 +252 +253 +254 +255 +256 +257 +258 +259 +260 +261 +262 +263 +264 +272 +273 +274 +275 +276 +277 +278 +279 +280 +281 @
>CP009004
+1 +2 +3 +4 +5 +6 +8 +10 +11 +12 +13 +14 +15 +16 +17 +18 +19 +20 +21 +22 +23 +24 +25 +26 +27 +28 +29 +30 +31 +32 +33 +36 +37 +38 +39 +40 +41 +42 +44 +45 +46 +47 +48 +49 +50 +52 +53 +54 +55 +57 +58 +59 +60 +61 +62 +63 +64 +65 +66 +67 +70 +71 +72 +73 +74 +75 +76 +77 +78 +79 +80 +81 +82 +83 +84 +85 +86 +87 +88 +89 +90 +91 +92 +93 +94 +95 +97 +98 +100 +101 +102 +103 +104 +105 +106 +107 +108 +109 +110 +111 +112 +113 +114 +115 +116 +117 +118 +119 +120 +121 +122 +123 +124 +125 +126 +127 +282 +128 +129 +130 +133 +134 +135 +136 +137 +143 +145 +146 +147 +148 +149 +150 +151 +152 +153 +154 +155 +156 +157 +158 +159 +161 +162 +163 +164 +165 +166 +167 +169 +170 +171 +172 +177 +178 +179 +180 +181 +182 +183 +184 +185 +186 +187 +188 +189 +190 +191 +192 +193 +194 +195 +196 +198 +199 +200 +201 +202 +203 +204 +207 +208 +209 +210 +211 +213 +214 +215 +216 +217 +218 +219 +220 +221 +222 +223 +224 +225 +226 +227 +228 +229 +230 +231 +232 +234 +235 +236 +237 +238 +239 +240 +241 +242 +243 +244 +245 +246 +247 +250 +251 +252 +253 +254 +255 +256 +257 +258 +259 +260 +261 +262 +263 +264 +272 +273 +274 +275 +276 +277 +278 +279 +280 +281 @
>CP008995
+1 +2 +3 +4 +5 +6 +8 +10 +11 +12 +13 +14 +15 +16 +17 +18 +19 +20 +21 +22 +23 +24 +25 +26 +27 +28 +29 +30 +31 +32 +33 +36 +37 +38 +39 +40 +41 +42 +44 +45 +46 +47 +48 +49 +50 +52 +53 +54 +55 +57 +58 +59 +60 +61 +62 +63 +64 +65 +66 +67 +70 +71 +72 +73 +74 +75 +76 +77 +78 +79 +80 +81 +82 +83 +84 +85 +86 +87 +88 +89 +90 +91 +92 +93 +94 +95 +97 +98 +100 +101 +102 +103 +104 +105 +106 +107 +108 +109 +110 +111 +112 +113 +114 +115 +116 +117 +118 +119 +120 +121 +122 +123 +124 +125 +126 +127 +282 +128 +129 +130 +133 +134 +135 +136 +137 +143 +145 +146 +147 +148 +149 +150 +151 +152 +153 +154 +155 +156 +157 +158 +159 +161 +162 +163 +164 +165 +166 +167 +169 +170 +171 +172 +177 +178 +179 +180 +181 +182 +183 +184 +185 +186 +187 +188 +189 +190 +191 +192 +193 +194 +195 +196 +198 +199 +200 +201 +202 +203 +204 +207 +208 +209 +210 +211 +213 +214 +215 +216 +217 +218 +219 +220 +221 +222 +223 +224 +225 +226 +227 +228 +229 +230 +231 +232 +234 +235 +236 +237 +238 +239 +240 +241 +242 +243 +244 +245 +246 +247 +250 +251 +252 +253 +254 +255 +256 +257 +258 +259 +260 +261 +262 +263 +264 +272 +273 +274 +275 +276 +277 +278 +279 +280 +281 @
>CP018850
+105 +106 +107 +108 +109 +110 +111 +112 +113 +114 +115 +116 +117 +118 +119 +120 +121 +122 +123 +124 +125 +126 +127 +128 +129 +130 +133 +134 +135 +136 +137 +143 +145 +146 +147 +148 +149 +150 +151 +152 +153 +154 +155 +156 +157 +158 +159 +161 +162 +163 +164 +165 +166 +167 +169 +170 +171 +172 +177 +178 +179 +180 +181 +182 +183 +184 +185 +186 +187 +188 +189 +190 +191 +192 +193 +194 +195 +196 +198 +199 +200 +201 +202 +203 +204 +207 +208 +209 +210 +211 +213 +214 +215 +216 +217 +218 +219 +220 +221 +222 +223 +224 +225 +226 +227 +228 +229 +230 +231 +232 +234 +235 +236 +237 +238 +239 +240 +241 +242 +243 +244 +245 +246 +247 +250 +251 +252 +253 +254 +255 +256 +257 +258 +259 +260 +261 +262 +263 +264 +272 +273 +274 +275 +276 +277 +278 +279 +280 +281 +1 +2 +3 +4 +5 +6 +8 +10 +11 +12 +13 +14 +15 +16 +17 +18 +19 +20 +21 +22 +23 +24 +25 +26 +27 +28 +29 +30 +31 +32 +33 +36 +37 +38 +39 +40 +41 +42 +44 +45 +46 +47 +48 +49 +50 +52 +53 +54 +55 +57 +58 +59 +60 +61 +62 +63 +64 +65 +66 +67 +70 +71 +72 +73 +74 +75 +76 +77 +78 +79 +80 +81 +82 +83 +84 +85 +86 +87 +88 +89 +90 +91 +92 +93 +94 +95 +97 +98 +100 +101 +102 @
>CP009040
+1 +2 +3 +4 -272 -264 -263 -262 -261 -260 -259 -258 -257 -256 -255 -254 -253 -252 -251 -250 -277 -276 -275 -274 -273 +5 +6 +8 +10 +11 +12 +13 +14 +15 +16 +17 +18 +19 +20 +21 +22 +23 +24 +25 +26 +27 +28 +29 +30 +31 +32 +33 -221 -220 -209 -208 -207 +57 +58 +59 +60 +61 +62 +63 +64 +65 +66 -183 -182 -181 -180 -179 -178 -177 -130 -129 -128 -282 -127 -126 -125 -124 -123 -122 -121 -120 -119 -118 +143 +145 +146 +147 +148 +149 +150 +151 +152 +153 +154 +155 +156 +157 +158 +159 +161 +162 +163 +164 +165 +166 +167 -95 -94 -93 -92 -91 -90 -89 -88 +133 +134 +135 +136 +137 -117 -116 -115 -114 -113 -112 -111 -110 -109 -108 -107 -106 -105 -104 -103 -102 -101 -100 -98 -97 +169 +170 +171 +172 -87 -86 -85 -84 -83 -82 -81 -80 -79 -78 -77 -76 -75 -74 -73 -72 -71 -70 -67 +184 +185 +186 +187 +188 +189 +190 +191 +192 +193 +194 +195 +196 +198 +199 +200 +201 +202 +203 +204 -55 -54 -53 -52 -50 -49 -48 -47 -46 -45 -44 -42 -41 -40 -39 -38 -37 -36 +213 +222 +223 +224 +225 +226 +227 +228 +229 +230 +231 +232 +234 +235 +236 +237 +238 +239 +240 +241 +242 +243 +244 +245 +246 +247 +278 +279 +280 +281 @
>CP018858
-199 -198 -196 -195 -194 -193 -192 -191 -190 -189 -188 -187 -186 -185 -184 -183 -182 -181 -180 -179 -178 -177 -172 -171 -170 -169 -167 -166 -165 -164 -163 -162 -161 -159 -158 -157 -156 -155 -154 -153 -152 -151 -150 -149 -148 -147 -146 -145 -143 -137 -136 -135 -134 -133 -130 -129 -128 -282 -127 -126 -125 -124 -123 -122 -121 -120 -119 -118 -117 -116 -115 -114 -113 -112 -111 -110 -109 -108 -107 -106 -105 -104 -103 -102 -101 -100 -98 -97 -95 -94 -93 -92 -91 -90 -89 -88 -87 -86 -85 -84 -83 -82 -81 -80 -79 -78 -77 -76 -75 -74 -73 -72 -71 -70 -67 -66 -65 -64 -63 -62 -61 -60 -59 -58 -57 -55 -54 -53 -52 -50 -49 -48 -47 -46 -45 -44 -42 -41 -40 -39 -38 -37 -36 -33 -32 -31 -30 -29 -28 -27 -26 -25 -24 -23 -22 -21 -20 -19 -18 -17 -16 -15 -14 -13 -12 -11 -10 -8 -6 -5 -4 -3 -2 -1 -281 -280 -279 -278 -277 -276 -275 -274 -273 -272 -264 -263 -262 -261 -260 -259 -258 -257 -256 -255 -254 -253 -252 -251 -250 -247 -246 -245 -244 -243 -242 -241 -240 -239 -238 -237 -236 -235 -234 -232 -231 -230 -229 -228 -227 -226 -225 -224 -223 -222 -221 -220 -219 -218 -217 -216 -215 -214 -213 -211 -210 -209 -208 -207 -204 -203 -202 -201 -200 @
>CP020882
-5 +273 +274 +275 +276 +277 +250 +251 +252 +253 +254 +255 +256 +257 +258 +259 +260 +261 +262 +263 +264 +272 -4 -3 -2 -1 -281 -280 -279 -278 -247 -246 -245 -244 -243 -242 -241 -240 -239 -238 -237 -236 -235 -234 -232 -231 -230 -229 -228 -227 -226 -225 -224 -223 -222 -213 -211 -210 -209 -208 -207 +57 +58 +59 +60 +61 +62 +63 +64 +65 +66 +67 +70 +71 +72 +73 +74 +75 +76 +77 +78 +79 +80 +81 +82 +83 +84 +85 +86 +87 -172 -171 -170 -169 -167 -166 -165 -164 -163 -162 -161 -159 -158 -157 -156 -155 -154 -153 -152 -151 -150 -149 -148 -147 -146 -145 -143 +118 +119 +120 +121 +122 +123 +124 +125 +126 +127 +282 +128 +129 +130 -117 -116 -115 -114 -113 -112 -111 -110 -109 -108 -107 -106 -105 -104 -103 -102 -101 -100 -98 -97 -95 -94 -93 -92 -91 -90 -89 -88 +177 +178 +179 +180 +181 +182 +183 +184 +185 +186 +187 +188 +189 +190 +191 +192 +193 +194 +195 +196 +198 +199 +200 +201 +202 +203 +204 -55 -54 -53 -52 -50 -49 -48 -47 -46 -45 -44 -42 -41 -40 -39 -38 -37 -36 +214 +215 +216 +217 +218 +219 +220 +221 -33 -32 -31 -30 -29 -28 -27 -26 -25 -24 -23 -22 -21 -20 -19 -18 -17 -16 -15 -14 -13 -12 -11 -10 -8 -6 @
>CP008989
+1 +2 +3 +4 +5 +6 +8 +10 +11 +12 +13 +14 +15 +16 +17 +18 +19 +20 +21 +22 +23 +24 +25 +26 +27 +28 +29 +30 +31 +32 +33 +36 +37 +38 +39 +40 +41 +42 +44 +45 +46 +47 +48 +49 +50 +52 +53 +54 +55 +57 +58 +59 +60 +61 +62 +63 +64 +65 +66 +67 +70 +71 +72 +73 +74 +75 +76 +77 +78 +79 +80 +81 +82 +83 +84 +85 +86 +87 +88 +89 +90 +91 +92 +93 +94 +95 +97 +98 +100 +101 +102 +103 +104 +105 +106 +107 +108 +109 +110 +111 +112 +113 +114 +115 +116 +117 +118 +119 +120 +121 +122 +123 +124 +125 +126 +127 +282 +128 +129 +130 +133 +134 +135 +136 +137 +143 +145 +146 +147 +148 +149 +150 +151 +152 +153 +154 +155 +156 +157 +158 +159 +161 +162 +163 +164 +165 +166 +167 +169 +170 +171 +172 +177 +178 +179 +180 +181 +182 +183 +184 +185 +186 +187 +188 +189 +190 +191 +192 +193 +194 +195 +196 +198 +199 +200 +201 +202 +203 +204 +207 +208 +209 +210 +211 +213 +214 +215 +216 +217 +218 +219 +220 +221 +222 +223 +224 +225 +226 +227 +228 +229 +230 +231 +232 +234 +235 +236 +237 +238 +239 +240 +241 +242 +243 +244 +245 +246 +247 +250 +251 +252 +253 +254 +255 +256 +257 +258 +259 +260 +261 +262 +263 +264 +272 +273 +274 +275 +276 +277 +278 +279 +280 +281 @
>CP008992
+1 +2 +3 +4 +5 +6 +8 +10 +11 +12 +13 +14 +15 +16 +17 +18 +19 +20 +21 +22 +23 +24 +25 +26 +27 +28 +29 +30 +31 +32 +33 +36 +37 +38 +39 +40 +41 +42 +44 +45 +46 +47 +48 +49 +50 +52 +53 +54 +55 +57 +58 +59 +60 +61 +62 +63 +64 +65 +66 +67 +70 +71 +72 +73 +74 +75 +76 +77 +78 +79 +80 +81 +82 +83 +84 +85 +86 +87 +88 +89 +90 +91 +92 +93 +94 +95 +97 +98 +100 +101 +102 +103 +104 +105 +106 +107 +108 +109 +110 +111 +112 +113 +114 +115 +116 +117 +118 +119 +120 +121 +122 +123 +124 +125 +126 +127 +282 +128 +129 +130 +133 +134 +135 +136 +137 +143 +145 +146 +147 +148 +149 +150 +151 +152 +153 +154 +155 +156 +157 +158 +159 +161 +162 +163 +164 +165 +166 +167 +169 +170 +171 +172 +177 +178 +179 +180 +181 +182 +183 +184 +185 +186 +187 +188 +189 +190 +191 +192 +193 +194 +195 +196 +198 +199 +200 +201 +202 +203 +204 +207 +208 +209 +210 +211 +213 +214 +215 +216 +217 +218 +219 +220 +221 +222 +223 +224 +225 +226 +227 +228 +229 +230 +231 +232 +234 +235 +236 +237 +238 +239 +240 +241 +242 +243 +244 +245 +246 +247 +250 +251 +252 +253 +254 +255 +256 +257 +258 +259 +260 +261 +262 +263 +264 +272 +273 +274 +275 +276 +277 +278 +279 +280 +281 @
>CP006857
+1 +2 +3 +4 +5 +6 +8 +10 +11 +12 +13 +14 +15 +16 +17 +18 +19 +20 +21 +22 +23 +24 +25 +26 +27 +28 +29 +30 +31 +32 +33 +36 +37 +38 +39 +40 +41 +42 +44 +45 +46 +47 +48 +49 +50 +52 +53 +54 +55 +57 +58 +59 +60 +61 +62 +63 +64 +65 +66 +67 +70 +71 +72 +73 +74 +75 +76 +77 +78 +79 +80 +81 +82 +83 +84 +85 +86 +87 +88 +89 +90 +91 +92 +93 +94 +95 +97 +98 +100 +101 +102 +103 +104 +105 +106 +107 +108 +109 +110 +111 +112 +113 +114 +115 +116 +117 +118 +119 +120 +121 +122 +123 +124 +125 +126 +127 +282 +128 +129 +130 +133 +134 +135 +136 +137 +143 +145 +146 +147 +148 +149 +150 +151 +152 +153 +154 +155 +156 +157 +158 +159 +161 +162 +163 +164 +165 +166 +167 +169 +170 +171 +172 +177 +178 +179 +180 +181 +182 +183 +184 +185 +186 +187 +188 +189 +190 +191 +192 +193 +194 +195 +196 +198 +199 +200 +201 +202 +203 +204 +207 +208 +209 +210 +211 +213 +214 +215 +216 +217 +218 +219 +220 +221 +222 +223 +224 +225 +226 +227 +228 +229 +230 +231 +232 +234 +235 +236 +237 +238 +239 +240 +241 +242 +243 +244 +245 +246 +247 +250 +251 +252 +253 +254 +255 +256 +257 +258 +259 +260 +261 +262 +263 +264 +272 +273 +274 +275 +276 +277 +278 +279 +280 +281 @
