62	1
50	1
60	1
126	1
122	1
66	2
51	1
64	3
39	5
40	9
33	40
35	7
34	24
37	1
23	4
14	16
28	32
90	1
11	6
13	6
91	1
12	3
174	1
16	4
7	5
8	9
45	2
9	1
46	2
3	29
27	7
10	3
4	9
41	5
5	14
2	36
6	11
97	1
18	4
24	8
19	18
32	610
69	2
26	29
25	31
30	43
20	7
94	1
15	16
52	3
21	4
22	17
29	16
17	5
31	69
--------------------------------------------------------------------------------
BUMA.0521.00028.2	90.0459
BUMA.0521.00025.2	90.3564
BUMA.0521.00011.1	90.3354
BUMA.0521.00028.1	90.9186
BUMA.0521.00003.1	90.9018
BUMA.0521.00026.1	90.8269
BUMA.0521.00032.1	89.8399
BUMA.0521.00022.2	89.8503
BUMA.0521.00018.1	91.0386
BUMA.0521.00029.1	90.9897
BUMA.0521.00006.1	90.793
BUMA.0521.00029.2	90.2639
BUMA.0521.00031.1	91.0368
BUMA.0521.00030.2	90.044
BUMA.0521.00025.1	91.0394
BUMA.0521.00012.2	88.9855
BUMA.0521.00018.2	90.2649
BUMA.0521.00026.2	89.9977
BUMA.0521.00016.1	90.8287
BUMA.0521.00019.1	90.9459
BUMA.0521.00024.2	90.1783
BUMA.0521.00019.2	89.9686
BUMA.0521.00001.1	89.9276
BUMA.0521.00032.2	89.3722
BUMA.0521.00023.1	90.9153
BUMA.0521.00017.1	90.3937
BUMA.0521.00003.2	90.068
BUMA.0521.00010.1	89.762
BUMA.0521.00014.1	90.8284
BUMA.0521.00002.1	90.4641
BUMA.0521.00015.1	90.8298
BUMA.0521.00001.2	89.5766
BUMA.0521.00013.1	90.0183
BUMA.0521.00009.2	89.9299
BUMA.0521.00014.2	89.8468
BUMA.0521.00011.2	89.3801
BUMA.0521.00009.1	90.8503
BUMA.0521.00008.2	89.2806
BUMA.0521.00020.2	89.9738
BUMA.0521.00010.2	89.9409
BUMA.0521.00004.1	90.8947
BUMA.0521.00012.1	88.959
BUMA.0521.00013.2	89.6242
BUMA.0521.00005.1	90.1201
BUMA.0521.00002.2	89.9225
BUMA.0521.00006.2	90.1135
BUMA.0521.00007.1	88.9965
BUMA.0521.00021.2	89.8963
BUMA.0521.00027.2	89.8649
BUMA.0521.00004.2	89.8839
BUMA.0521.00024.1	90.873
BUMA.0521.00015.2	90.0194
BUMA.0521.00030.1	90.8887
BUMA.0521.00008.1	89.3533
BUMA.0521.00016.2	89.8657
BUMA.0521.00027.1	90.8378
BUMA.0521.00022.1	90.7341
BUMA.0521.00031.2	90.2644
BUMA.0521.00023.2	89.8642
BUMA.0521.00005.2	89.3758
BUMA.0521.00017.2	89.5386
BUMA.0521.00021.1	90.7102
BUMA.0521.00020.1	90.8466
BUMA.0521.00007.2	88.6548
