0
1
2
3
4
5
6
7
8
9
10
11
13
14
15
16
17
18
21
22
23
24
27
28
29
30
31
32
33
34
35
36
37
38
39
43
44
45
46
47
48
49
50
51
53
54
55
56
57
59
60
61
62
63
64
67
68
69
70
72
73
75
76
77
78
79
80
81
82
83
84
85
87
88
89
90
91
92
94
95
97
98
99
100
101
102
103
104
105
106
107
108
110
111
114
117
118
119
120
122
123
124
125
126
127
129
130
131
134
136
137
138
139
140
141
144
145
147
148
150
152
154
155
156
157
158
162
164
165
166
167
168
169
170
171
172
174
177
178
180
181
182
186
187
188
189
190
191
192
193
196
197
198
199
200
201
202
203
204
205
206
207
208
209
210
211
213
214
215
216
217
218
219
222
225
226
227
229
230
231
232
233
235
236
237
238
239
240
242
244
245
246
247
248
249
250
251
253
254
255
257
258
262
263
264
266
268
270
271
272
274
275
277
278
279
280
281
282
283
284
285
286
288
289
290
291
292
293
295
297
299
300
301
302
303
304
305
307
308
309
310
311
312
313
314
315
316
317
319
321
323
324
325
326
327
328
329
330
331
332
333
334
335
336
337
339
340
341
342
343
344
345
347
348
349
350
351
353
355
357
358
360
362
363
365
366
376
377
378
379
380
381
382
384
385
388
397
398
399
400
401
402
403
404
407
408
411
412
414
415
417
418
419
420
421
423
426
433
434
435
436
437
438
442
443
446
449
450
451
453
454
457
460
462
463
466
467
468
469
473
474
475
476
478
479
480
481
487
488
489
492
498
499
500
501
502
504
505
506
507
508
510
511
512
513
515
516
517
518
519
520
521
522
526
527
528
529
530
531
532
535
536
537
538
539
540
541
542
544
545
546
547
548
549
550
552
553
554
555
556
558
559
560
562
563
564
566
576
578
579
580
581
582
583
584
585
587
588
593
594
595
596
599
600
601
605
608
609
612
614
615
617
621
622
623
624
626
627
628
629
630
631
632
633
634
635
636
638
639
640
641
642
643
647
648
649
652
653
654
656
657
658
659
660
661
662
663
664
665
666
670
675
676
677
678
679
680
682
683
684
685
695
696
697
698
699
700
701
702
704
705
706
708
711
713
714
715
716
719
720
721
722
723
724
725
726
727
728
730
732
733
734
735
739
740
741
747
748
749
752
753
754
755
756
757
758
760
762
763
764
765
766
767
768
769
770
771
772
773
774
778
779
780
783
784
786
787
789
792
793
794
795
796
797
799
802
803
804
805
809
812
817
823
824
827
828
831
832
834
835
836
838
842
843
844
846
847
851
854
856
861
862
864
870
873
874
876
877
878
879
880
881
882
888
890
896
897
898
899
900
901
902
903
904
905
907
908
912
913
914
916
917
918
920
922
923
926
927
931
932
933
936
943
944
945
948
949
952
954
955
958
960
962
964
968
970
972
973
974
975
976
978
982
984
986
987
989
990
996
997
1002
1020
1023
1025
1027
1029
1030
1031
1034
1037
1038
1040
1047
1051
1057
1058
1059
1061
1063
1065
1066
1067
1068
1069
1070
1073
1075
1076
1078
1079
1081
1086
1087
1092
1093
1095
1096
1097
1101
1102
1103
1104
1106
1107
1108
1109
1110
1111
1112
1114
1117
1118
1119
1121
1122
1123
1128
1129
1136
1138
1142
1148
1149
1153
1154
1155
1156
1157
1158
1160
1162
1163
1164
1166
1167
1172
1173
1175
1176
1177
1178
1180
1181
1189
1192
1199
1201
1206
1207
1209
1216
1219
1220
1222
1224
1225
1227
1228
1229
1230
1231
1237
1239
1241
1242
1243
1244
1245
1246
1248
1249
1251
1253
1254
1256
1257
1258
1259
1263
1268
1271
1272
1275
1276
1277
1279
1280
1281
1282
1284
1285
1286
1287
1288
1290
1292
1294
1295
1296
1297
1298
1308
1309
1318
1319
1320
1321
1322
1327
1331
1333
1335
1336
1337
1344
1345
1347
1348
1349
1350
1353
1358
1359
1361
1362
1364
1369
1370
1371
1374
1375
1376
1377
1383
1385
1387
1388
1389
1390
1391
1395
1397
1398
1399
1400
1401
1402
1404
1405
1408
1413
1414
1416
1417
1418
1421
1422
1423
1430
1432
1433
1434
1438
1439
1440
1441
1445
1449
1451
1452
1454
1455
1458
1459
1462
1467
1468
1470
1471
1472
1474
1475
1477
1478
1479
1481
1482
1483
1490
1494
1496
1503
1504
1505
1506
1507
1508
1510
1512
1513
1514
1515
1516
1518
1519
1529
1532
1533
1534
1535
1549
1550
1551
1557
1575
1582
1583
1585
1590
1591
1594
1595
1597
1598
1599
1601
1614
1615
1618
1626
1631
1633
1634
1635
1643
1645
1646
1649
1656
1657
1658
1660
1661
1662
1663
1666
1669
1679
1687
1694
1698
1700
1702
1710
1712
1714
1715
1718
1719
1720
1721
1729
1730
1736
1738
1739
1740
1741
1743
1744
1745
1748
1750
1751
1756
1758
1759
1764
1771
1772
1773
1780
1781
1782
1785
1792
1797
1800
1802
1803
1804
1805
1809
1810
1812
1813
1814
1817
1821
1824
1828
1837
1840
1851
1852
1854
1858
1859
1860
1861
1863
1864
1866
1867
1869
1874
1876
1877
1878
1880
1881
1882
1883
1884
1887
1893
1894
1898
1899
1904
1907
1908
1911
1912
1920
1927
1932
1933
1934
1936
1941
1946
1947
1948
1953
1954
1955
1956
1957
1960
1961
1962
1966
1969
1971
1973
1979
1981
1983
1991
1992
1993
1996
1998
1999
2002
2004
2007
2017
2018
2019
2020
2021
2022
2031
2032
2033
2034
2038
2041
2042
2048
2056
2060
2063
2065
2066
2071
2088
2089
2092
2097
2098
2103
2116
2117
2118
2121
2122
2123
2137
2139
2151
2152
2153
2158
2162
2163
2170
2175
2177
2182
2184
2186
2190
2192
2193
2197
2199
2200
2201
2202
2203
2211
2212
2213
2223
2231
2236
2249
2252
2253
2254
2255
2260
2265
2269
2270
2274
2275
2277
2288
2289
2291
2302
2304
2305
2308
2310
2316
2319
2320
2321
2335
2336
2340
2343
2351
2356
2357
2363
2364
2378
2379
2382
2383
2385
2386
2387
2393
2394
2395
2396
2403
2404
2406
2408
2413
2418
2426
2441
2444
2451
2457
2463
2471
2472
2477
2478
2479
2481
2501
2502
2503
2504
2505
2506
2507
2510
2513
2523
2524
2525
2527
2529
2531
2535
2539
2543
2546
2551
2555
2556
2557
2558
2559
2561
2566
2567
2590
2592
2593
2600
2607
2609
2610
2622
2624
2626
2630
2631
2642
2644
2651
2652
2653
2655
2656
2671
2700
2701
2709
2710
2713
2719
2721
2725
2729
2733
2737
2738
2742
2752
2753
2754
2755
2756
2757
2758
2762
2763
2773
2774
2775
2776
2778
2779
2780
2781
2782
2783
2786
2788
2795
2799
2802
2804
2808
2809
2810
2814
2817
2818
2832
2835
2837
2844
2845
2852
2854
2867
2874
2877
2878
2879
2887
2893
2899
2902
2903
2904
2907
2909
2910
2911
2915
2920
2922
2929
2931
2934
2938
2939
2966
2969
2970
2971
2972
2995
2999
3005
3011
3012
3022
3042
3045
3053
3054
3055
3056
3058
3062
3063
3067
3082
3084
3085
3086
3090
3093
3094
3096
3097
3098
3111
3121
3122
3132
3134
3135
3136
3137
3144
3145
3152
3153
3156
3157
3170
3175
3176
3182
3185
3186
3187
3188
3189
3202
3204
3209
3218
3221
3225
3229
3236
3238
3239
3252
3276
3285
3286
3289
3290
3294
3300
3304
3318
3323
3325
3327
3331
3335
3336
3337
3338
3339
3340
3344
3347
3355
3357
3358
3367
3392
3396
3416
3418
3419
3421
3423
3424
3428
3432
3433
3436
3438
3440
3442
3443
3444
3450
3451
3468
3469
3470
3475
3484
3486
3488
3522
3524
3525
3529
3530
3531
3532
3534
3548
3549
3560
3566
3567
3569
3576
3588
3601
3604
3605
3612
3613
3614
3615
3616
3621
3624
3628
3633
3634
3635
3639
3646
3670
3674
3675
3680
3683
3692
3699
3727
3732
3736
3737
3740
3741
3748
3753
3764
3773
3774
3783
3787
3790
3820
3832
3837
3875
3876
3877
3880
3892
3893
3894
3895
3897
3900
3901
3902
3903
3904
3909
3929
3931
3951
3955
3956
3957
3959
3963
3964
3995
4018
4049
4071
4072
4073
4079
4081
4085
4112
4127
4154
4189
4195
4204
4205
4214
4221
4223
4225
4227
4243
4244
4252
4253
4258
4259
4260
4261
4262
4281
4282
4284
4285
4286
4287
4288
4289
4302
4315
4317
4325
4344
4345
4352
4353
4356
4359
4361
4363
4377
4379
4384
4386
4402
4404
4411
4429
4430
4432
4438
4439
4444
4445
4451
4456
4462
4463
4473
4474
4477
4478
4479
4483
4496
4524
4528
4529
4544
4546
4561
4568
4582
4583
4609
4610
4611
4613
4622
4623
4630
4634
4639
4648
4650
4657
4659
4663
4670
4674
4678
4680
4682
4684
4691
4695
4701
4703
4704
4714
4760
4775
4793
4796
4802
4807
4810
4815
4821
4823
4826
4839
4841
4846
4853
4874
4884
4885
4893
4901
4903
4905
4911
4915
4921
4942
4943
4946
4947
4956
4957
4958
4974
4975
4982
4983
4994
4995
4997
5026
5030
5031
5065
5068
5072
5074
5083
5095
5096
5123
5128
5129
5143
5151
5158
5169
5173
5174
5196
5208
5224
5251
5257
5260
5269
5270
5271
5274
5275
5304
5307
5315
5317
5318
5336
5356
5357
5371
5374
5382
5393
5394
5397
5410
5412
5417
5436
5439
5440
5441
5452
5460
5470
5475
5476
5502
5540
5547
5548
5563
5568
5570
5572
5585
5588
5590
5591
5610
5624
5637
5662
5669
5679
5690
5702
5738
5740
5746
5764
5766
5774
5777
5796
5801
5810
5843
5844
5845
5848
5856
5878
5886
5887
5888
5889
5892
5894
5899
5902
5907
5916
5931
5938
5963
5992
5996
5997
5999
6025
6028
6037
6041
6042
6050
6051
6053
6069
6070
6071
6083
6085
6096
6100
6101
6106
6110
6114
6115
6156
6174
6175
6177
6190
6195
6196
6207
6215
6246
6267
6269
6270
6278
6299
6322
6349
6350
6358
6374
6375
6376
6385
6386
6415
6427
6428
6429
6431
6442
6447
6450
6459
6465
6470
6488
6491
6500
6505
6516
6523
6528
6552
6571
6573
6588
6624
6632
6652
6665
6668
6682
6688
6690
6698
6701
6703
6724
6725
6727
6749
6760
6761
6781
6785
6800
6812
6816
6821
6822
6830
6841
6847
6848
6883
6899
6911
6934
6942
6946
6947
6968
6984
6985
7007
7011
7012
7013
7030
7040
7046
7063
7069
7084
7085
7087
7104
7108
7126
7127
7130
7138
7141
7155
7173
7204
7205
7244
7249
7270
7272
7287
7289
7290
7300
7310
7311
7338
7350
7356
7359
7380
7402
7403
7443
7446
7449
7498
7509
7514
7519
7520
7528
7549
7609
7610
7624
7672
7681
7683
7691
7698
7707
7716
7726
7742
7745
7754
7757
7805
7852
7867
7872
7886
7901
7902
7906
7924
7936
7944
7949
7950
7957
7988
8005
8009
8037
8043
8067
8078
8100
8118
8122
8126
8179
8185
8191
8209
8222
8225
8235
8247
8271
8279
8283
8284
8301
8308
8322
8342
8354
8365
8369
8379
8382
8390
8391
8399
8410
8420
8453
8465
8479
8494
8497
8500
8512
8513
8524
8526
8541
8552
8553
8585
8621
8652
8669
8690
8695
8708
8720
8731
8746
8775
8806
8822
8841
8873
8910
8923
8925
8944
8962
8967
8979
8988
9019
9057
9094
9111
9119
9131
9137
9148
9159
9213
9214
9221
9239
9240
9265
9279
9300
9316
9318
9339
9373
9405
9459
9460
9461
9477
9481
9482
9524
9526
9566
9572
9590
9598
9626
9645
9681
9685
9700
9705
9712
9749
9751
9759
9774
9793
9844
9865
9867
9881
9897
9900
9904
9906
9919
9964
9991
9997
10006
10018
10022
10035
10042
10060
10063
10079
10082
10085
10123
10128
10144
10215
10229
10239
10258
10290
10291
10294
10338
10348
10354
10392
10393
10425
10458
10459
10464
10468
10502
10528
10537
10543
10546
10555
10557
10561
10580
10591
10600
10608
10636
10667
10704
10707
10727
10739
10749
10766
10772
10781
10845
10853
10876
10885
10903
10916
10924
10938
10941
10944
10952
10961
10968
10969
10973
10977
10980
10993
10994
11026
11081
11082
11089
11124
11145
11188
11202
11215
11223
11225
11226
11239
11256
11259
11260
11292
11303
11312
11318
11346
11357
11363
11380
11388
11445
11474
11487
11511
11517
11528
11560
11623
11641
11650
11681
11784
11807
11827
11830
11839
11842
11858
11882
11891
11932
11961
11962
11980
12030
12058
12094
12117
12164
12183
12209
12218
12229
12248
12288
12298
12324
12333
12334
12342
12344
12477
12479
12492
12604
12608
12627
12690
12695
12706
12707
12749
12764
12767
12769
12835
12848
12849
12892
12927
12937
12952
13025
13055
13073
13075
13099
13118
13119
13209
13221
13226
13285
13370
13398
13445
13519
13525
13554
13558
13566
13577
13623
13637
13641
13645
13648
13694
13717
13728
13746
13752
13814
13816
13858
13860
13861
13862
13875
13960
13974
14018
14019
14033
14036
14047
14078
14094
14125
14130
14145
14176
14243
14284
14297
14325
14351
14389
14391
14425
14426
14441
14454
14520
14559
14603
14640
14649
14668
14749
14774
14813
14818
14885
14893
14999
15051
15054
15065
15090
15110
15111
15141
15146
15159
15181
15274
15286
15300
15365
15379
15403
15421
15431
15443
15494
15499
15536
15555
15573
15608
15620
15664
15666
15672
15684
15775
15812
15852
15977
15996
16005
16011
16139
16201
16263
16269
16275
16363
16389
16408
16481
16510
16511
16562
16570
16577
16585
16597
16601
16619
16680
16681
16739
16745
16751
16752
16754
16767
16772
16810
16844
16850
16858
16894
16898
16906
16959
17002
17006
17017
17024
17133
17206
17221
17224
17256
17258
17266
17271
17355
17365
17366
17374
17381
17397
17402
17404
17418
17425
17464
17465
17484
17506
17524
17596
17622
17651
17675
17677
17691
17699
17710
17813
17863
17944
17976
18039
18071
18076
18077
18089
18118
18119
18239
18255
18308
18315
18317
18336
18367
18397
18406
18426
18463
18470
18505
18564
18636
18650
18672
18715
18751
18809
18820
18831
18860
18864
18902
18915
18982
18994
18995
19016
19059
19109
19136
19145
19152
19156
19172
19175
19189
19221
19253
19261
19281
19320
19336
19338
19368
19383
19386
19450
19468
19537
19546
19644
19694
19711
19778
19793
19794
19804
19853
19866
19892
19935
19949
19950
19954
19971
19991
19998
20044
20061
20071
20098
20126
20136
20145
20166
20233
20238
20256
20270
20356
20388
20390
20401
20406
20408
20430
20439
20501
20514
20527
20600
20618
20623
20666
20681
20716
20740
20743
20755
20779
20823
20888
20889
20898
20930
20958
20960
20992
21014
21061
21110
21157
21168
21242
21366
21387
21417
21439
21453
21470
21475
21477
21490
21524
21545
21582
21614
21638
21649
21675
21693
21718
21755
21791
21806
21817
21841
21853
21859
21869
21881
21892
21913
21929
21967
21972
21993
22029
22036
22039
22066
22075
22082
22107
22292
22338
22342
22396
22411
22448
22488
22494
22506
22507
22512
22575
22603
22627
22633
22636
22656
22663
22684
22715
22752
22797
22804
22814
22819
22829
22901
22950
22963
22972
22992
22994
23009
23016
23080
23115
23207
23223
23245
23258
23269
23271
23273
23295
23297
23320
23366
23391
23400
23426
23535
23565
23566
23633
23671
23858
23887
23888
23906
23968
23997
24060
24112
24155
24160
24191
24225
24276
24296
24303
24304
24333
24390
24398
24511
24535
24577
24594
24660
24665
24701
24755
24798
24905
24934
24947
25063
25072
25075
25076
25089
25141
25145
25147
25153
25167
25174
25178
25198
25207
25274
25418
25492
25501
25567
25602
25625
25638
25693
25764
25765
25832
25841
25853
25862
25868
25873
25896
25908
25910
25923
25961
25983
25999
26066
26081
26120
26123
26142
26279
26287
26345
26418
26473
26474
26476
26482
26489
26559
26568
26681
26697
26706
26716
26725
26735
26797
26809
26892
26956
27158
27197
27229
27230
27322
27377
27426
27439
27451
27479
27492
27524
27584
27618
27630
27635
27714
27742
27750
27831
28025
28066
28172
28317
28323
28409
28428
28457
28458
28464
28492
28515
28525
28528
28540
28560
28633
28662
28664
28729
28778
28799
28800
28802
28830
28835
28843
28871
28917
29007
29058
29063
29093
29097
29156
29201
29269
29304
29319
29383
29390
29402
29414
29427
29466
29487
29506
29508
29512
29513
29532
29569
29572
29587
29670
29693
29699
29750
29758
29761
29778
29870
29920
29922
29979
29990
30070
30103
30133
30137
30147
30166
30167
30169
30196
30227
30283
30292
30365
30417
30445
30538
30669
30677
30684
30690
30780
30815
30821
30830
30901
30908
30917
30926
30940
30994
31007
31042
31081
31089
31107
31119
31159
31165
31184
31196
31206
31219
31224
31233
31237
31243
31269
31295
31297
31301
31322
31368
31384
31391
31401
31406
31411
31498
31594
31604
31609
31615
31629
31674
31730
31759
31803
31828
31841
31842
31865
31871
31986
31997
31999
32019
32082
32098
32105
32106
32119
32173
32174
32201
32214
32218
32225
32323
32438
32443
32456
32528
32534
32554
32686
32709
32729
32733
32812
32901
32936
32937
33008
33022
33058
33062
33075
33149
33196
33210
33226
33304
33337
33354
33414
33426
33431
33435
33487
33509
33538
33539
33554
33571
33591
33635
33683
33697
33713
33887
33896
33940
33964
33969
34083
34084
34114
34122
34212
34386
34387
34444
34457
34535
34536
34538
34554
34555
34560
34587
34614
34647
34665
34687
34688
34694
34704
34743
34763
34808
34893
35030
35065
35075
35128
35198
35255
35282
35293
35305
35317
35321
35322
35340
35368
35388
35439
35465
35472
35482
35497
35530
35546
35587
35669
35681
35715
35784
35799
35936
36039
36053
36057
36058
36135
36141
36143
36147
36209
36240
36247
36305
36344
36406
36557
36583
36599
36625
36675
36681
36713
36736
36800
37193
37215
37305
37462
37466
37548
37570
37618
37632
37650
37673
37733
37814
37842
37872
37880
37901
37916
37953
37956
37957
38020
38032
38113
38114
38129
38154
38333
38393
38521
38522
38607
38608
38629
38729
38745
38845
38846
38881
38901
39043
39136
39320
39405
39425
39429
39464
39476
39499
39632
39726
39768
40013
40220
40289
40457
40476
40477
40484
40527
40540
40576
40596
40658
40684
40710
40712
40729
40847
40848
40850
40859
40892
40965
40981
41055
41078
41102
41120
41249
41294
41302
41355
41406
41421
41449
41458
41536
41541
41544
41554
41556
41560
41561
41564
41580
41590
41744
41776
41798
41818
41876
42017
42075
42151
42185
42214
42215
42257
42258
42345
42413
42452
42477
42478
42492
42493
42496
42667
42672
42811
42858
42863
42882
42948
42949
42950
42986
43103
43112
43119
43127
43145
43158
43254
43271
43274
43298
43304
43343
43348
43349
43379
43503
43509
43546
43564
43614
43615
43618
43621
43627
43677
43678
43722
43725
43761
43773
43789
43821
43851
43876
43889
43910
43919
43993
44031
44046
44101
44130
44131
44187
44205
44254
44261
44262
44269
44284
44294
44346
44436
44486
44502
44504
44646
44762
44781
44984
45015
45033
45065
45099
45100
45201
45225
45256
45274
45365
45404
45445
45461
45483
45553
45573
45586
45587
45755
45805
45836
45918
45962
45970
46053
46135
46138
46162
46187
46288
46492
46519
46602
46603
46606
46608
46630
46658
46695
46713
46735
46736
46769
46811
46941
46980
47123
47170
47171
47176
47270
47356
47402
47485
47521
47528
47620
47631
47646
47661
47738
47914
47951
47961
47994
48002
48015
48030
48060
48106
48165
48182
48191
48494
48636
48637
48668
48681
48723
48725
48756
48784
48797
48826
48838
48855
49054
49082
49115
49261
49321
49454
49514
49587
49663
49698
49710
49791
49848
49896
49925
49927
49951
49952
49964
49992
50000
50004
50005
50011
50018
50057
50079
50162
50163
50288
50296
50384
50441
50482
50514
50570
50655
50656
50668
50863
50890
50929
50957
51184
51191
51197
51255
51476
51512
51522
51547
51650
51808
51865
52036
52544
52624
52705
52729
52743
52760
52822
52874
52895
52896
52898
52907
52924
52940
53028
53029
53103
53123
53220
53239
53315
53342
53345
53350
53366
53451
53464
53507
53509
53542
53545
53547
53548
53558
53573
53590
53608
53628
53630
53683
53828
53854
53855
53924
53980
54151
54170
54263
54285
54306
54382
54459
54540
54541
54553
54717
54720
54734
54762
54904
54930
55117
55118
55138
55188
55193
55195
55206
55210
55260
55318
55319
55396
55397
55415
55419
55431
55453
55454
55464
55524
55551
55557
55636
55663
55674
55736
55770
55809
55828
55967
56007
56116
56127
56149
56188
56215
56229
56261
56276
56324
56332
56342
56465
56484
56527
56534
56565
56574
56625
56726
56734
56785
56829
56937
56987
57006
57063
57102
57113
57118
57147
57307
57338
57368
57385
57509
57554
57564
57566
57603
57622
57634
57769
57835
57838
58003
58019
58027
58057
58199
58210
58224
58483
58511
58540
58631
58643
58656
58668
58783
58867
58974
59145
59218
59230
59318
59326
59345
59404
59409
59428
59431
59522
59532
59538
59552
59635
59668
59679
59694
59778
59999
60050
60090
60093
60124
60153
60214
60239
60253
60438
60537
60542
60547
60571
60712
60715
60737
60738
60897
61047
61058
61062
61291
61346
61455
61631
61635
61739
61748
61758
61782
61787
61878
62000
62007
62012
62052
62123
62144
62210
62238
62245
62346
62380
62489
62517
62598
62703
62941
62988
62993
63232
63239
63302
63317
63466
63521
63544
63595
63615
63635
63684
63856
63874
63878
64592
64618
64626
64672
64791
64792
64808
64850
64862
64911
64935
64943
64989
65035
65077
65101
65119
65146
65151
65155
65188
65216
65385
65398
65417
65517
65523
65554
65558
65596
65606
65621
65637
65656
65675
65676
65929
65996
66214
66311
66376
66507
66540
66574
66589
66702
66755
66785
66810
66864
66921
67009
67177
67186
67205
67251
67252
67270
67308
67309
67311
67318
67326
67367
67445
67467
67471
67518
67530
67559
67673
67693
67704
67887
67922
67971
68003
68015
68089
68143
68164
68175
68197
68226
68276
68290
68314
68345
68390
68393
68442
68461
68582
68610
68612
68706
68716
68742
68752
68833
69001
69078
69098
69132
69157
69158
69165
69166
69195
69265
69297
69317
69343
69351
69355
69435
69443
69456
69625
69681
69686
69699
69709
69719
69801
69851
69928
69956
70057
70105
70269
70588
70593
70704
70831
70883
70914
71196
71256
71397
71457
71478
71512
71586
71593
71691
71716
71776
71792
72037
72088
72090
72098
72182
72202
72217
72356
72465
72580
73090
73099
73288
73290
73295
73338
73362
73682
73786
73799
73929
73981
74054
74080
74088
74099
74101
74118
74169
74257
74265
74427
74497
74593
74664
74745
74769
74908
75030
75269
75349
75521
75581
75591
75642
75795
75959
75976
75978
76014
76600
76673
76746
76801
76824
76840
76855
76899
76950
76969
76990
77056
77083
77124
77148
77198
77232
77248
77261
77282
77365
77370
77393
77394
77410
77437
77601
77643
77703
77713
77723
77766
77777
77892
77914
77943
77978
77991
78026
78051
78263
78357
78358
78401
78554
78752
78888
78929
79022
79163
79233
79246
79278
79282
79293
79355
79357
79370
79491
79492
79518
79533
79585
79632
79650
79677
79872
79974
79983
80028
80045
80062
80171
80220
80224
80235
80263
80273
80282
80355
80361
80371
80440
80455
80509
80629
80636
80668
80711
80799
80904
80905
80930
80936
80968
81180
81292
81314
81364
81398
81402
81433
81445
81482
81516
81604
81709
81746
81836
81848
81907
81939
81947
82082
82151
82157
82225
82278
82578
82616
82635
82636
82640
82727
82848
82878
83093
83106
83197
83198
83243
83264
83375
83488
83553
83617
83628
83737
83757
83815
83823
83933
84104
84144
84229
84248
84275
84329
84392
84403
84591
84627
84649
84739
84764
84962
85146
85157
85382
85385
85409
85708
85805
85834
85945
86017
86095
86127
86146
86148
86157
86300
86301
86304
86517
86656
86711
86762
86816
87004
87035
87051
87343
87470
87689
87692
87805
88061
88082
88290
88686
88712
88771
88848
88887
88902
88913
88950
88955
88967
89037
89078
89109
89117
89130
89245
89269
89300
89328
89330
89346
89390
89402
89421
89448
89492
89554
89648
89690
89692
89705
89716
89750
89770
89781
89810
89937
89943
90025
90058
90085
90132
90194
90404
90405
90566
90614
90796
90860
90903
90967
91039
91056
91210
91298
91356
91402
91417
91460
91538
91539
91544
91557
91580
91632
91763
91999
92101
92109
92147
92155
92183
92271
92329
92357
92369
92408
92456
92556
92635
92676
92683
92846
92945
92952
92983
93227
93279
93364
93439
93443
93445
93449
93529
93539
93555
93723
93743
93816
93983
93986
93988
94155
94212
94249
94341
94562
94589
94682
94683
94763
94774
94913
94920
94968
95008
95061
95077
95151
95285
95314
95458
95459
95482
95507
95692
95716
95719
95778
95784
95808
95832
96130
96131
96144
96151
96183
96294
96295
96296
96310
96322
96658
96687
96813
96865
96878
97382
97484
97852
97887
97992
98007
98064
98076
98142
98193
98263
98268
98348
98366
98758
99024
99052
99082
99083
99088
99216
99220
99318
99533
99633
99706
99905
99998
100733
100772
100933
100949
101002
101055
101079
101084
101103
101119
101140
101275
101292
101306
101342
101377
101379
101499
101504
101539
101542
101575
101649
101679
101694
101725
101737
101745
101796
101797
101817
101986
102025
102029
102137
102170
102179
102355
102359
102451
102452
102647
102650
102712
102730
102843
103258
103319
103345
103389
103392
103449
103464
103467
103508
103522
103583
103608
103734
103809
103810
103937
104052
104156
104176
104230
104366
104367
104368
104378
104391
104444
104488
104497
104574
104578
104723
104883
104904
104992
105003
105011
105047
105211
105274
105420
105448
105474
105492
105659
105698
105738
105790
105808
105809
105982
106033
106035
106146
106168
106174
106251
106325
106487
106636
106729
106748
106765
106820
106862
106960
106981
106982
107124
107157
107170
107191
107361
107372
107492
107537
107602
107642
107766
107824
107867
107868
108178
108238
108324
108342
108357
108451
108461
108495
108705
108710
108910
109497
109861
109898
109899
109934
110123
110176
110182
110240
110293
110328
110618
110638
110665
110705
111130
111365
111433
111523
111547
111577
111733
111759
111952
112343
112555
112609
112780
112806
112814
112816
112830
112896
112927
112986
112996
113049
113066
113098
113126
113131
113132
113150
113165
113224
113284
113322
113339
113365
113422
113424
113434
113480
113534
113540
113551
113601
113621
113681
113688
113713
113720
113721
113741
113843
113844
113860
113864
113903
114027
114064
114075
114239
114291
114383
114406
114498
114499
114687
114694
114697
114759
114777
114861
114867
114937
114982
115083
115219
115392
115403
115554
115629
115650
115651
115748
115766
116065
116093
116099
116125
116132
116157
116225
116304
116329
116411
116425
116485
116491
116544
116655
116710
116770
116877
116940
117021
117125
117156
117229
117288
117414
117433
117435
117458
117495
117511
117543
117588
117626
117648
117746
117810
117819
117906
118015
118029
118171
118175
118453
118534
118683
118774
118776
118804
118812
118863
118868
118872
118883
118895
118968
119112
119129
119150
119168
119169
119248
119338
119350
119539
119631
119642
119643
119649
119689
119753
119758
119764
119791
119802
119878
120010
120014
120217
120279
120286
120349
120389
120410
120591
120626
120840
120898
120900
120918
121296
121348
121357
121386
121387
121544
121647
121759
121849
121945
121946
121964
121975
121994
122021
122211
122223
122287
122375
122406
122460
122520
122665
122784
122852
123085
123088
123177
123324
123345
123594
123627
123735
123850
124128
124827
124861
124873
124877
124974
125023
125033
125061
125084
125145
125173
125179
125196
125224
125271
125310
125331
125369
125386
125428
125430
125436
125469
125473
125476
125529
125580
125587
125618
125788
125832
125839
125840
125847
125890
125891
125911
126089
126114
126250
126270
126338
126511
126545
126546
126652
126729
126806
126814
127048
127130
127213
127266
127438
127585
127620
127697
127698
127701
127842
127847
127894
128080
128083
128087
128181
128246
128254
128512
128723
128757
128817
128870
128877
128925
128987
128996
129031
129084
129093
129141
129144
129203
129254
129300
129324
129383
129542
129581
129590
129660
129670
129736
129793
129809
129866
129925
130062
130073
130082
130112
130197
130263
130301
130345
130396
130738
130842
130910
130915
131017
131159
131215
131253
131280
131287
131292
131397
131674
131749
131750
131919
131948
132251
132271
132292
132438
132457
132567
132657
132658
132804
132947
132959
133442
133590
133591
133657
133814
133993
134068
134165
134180
134220
134247
134258
134334
134507
134712
134799
135163
135192
135224
135249
135277
135371
135536
135631
135754
135782
135783
135840
135982
136114
136210
136225
136776
136874
136924
136938
137036
137105
137160
137220
137225
137226
137266
137306
137343
137367
137378
137416
137433
137498
137627
137628
137665
137762
137799
137814
137835
137852
137876
137937
137938
137958
138085
138121
138148
138149
138274
138315
138333
138592
138593
138699
138853
138870
138983
139164
139193
139204
139260
139420
139442
139486
139648
139649
139660
139663
139708
139734
139744
139745
139884
139889
139911
140127
140155
140187
140225
140227
140264
140483
140669
140713
140769
140864
140889
140909
140972
140996
141043
141078
141082
141176
141179
141188
141459
141468
141561
141637
141707
141741
141839
141840
141875
141912
141913
141931
141963
141973
141997
142002
142008
142106
142120
142183
142197
142244
142334
142343
142348
142373
142392
142465
142466
142569
142840
142957
142958
143003
143317
143464
143490
143513
143623
143634
143646
143729
143797
143866
143867
143884
143897
143914
144002
144080
144380
144437
144484
144503
144851
144994
145018
145049
145094
145358
145571
145629
145741
145861
145934
146040
146267
146304
146418
146609
146759
146810
146846
147210
147239
147271
147329
147583
147679
147829
147935
147944
148100
148134
148161
148208
148257
148911
148936
148957
149066
149082
149098
149157
149267
149272
149318
149425
149480
149502
149674
149675
149828
149923
149984
149985
149998
150001
150005
150007
150130
150196
150197
150500
150502
150639
150640
150846
150900
150915
151015
151142
151211
151251
151329
151516
151533
151707
151770
151791
151792
151803
151874
151931
151992
152037
152039
152230
152234
152366
152386
152418
152539
152600
152605
152632
152659
152690
152717
152853
152890
152936
152956
153018
153071
153083
153106
153110
153112
153187
153226
153457
153466
153516
153557
153684
153701
153728
153922
153956
154004
154133
154212
154214
154230
154291
154387
154390
154421
155004
155005
155109
155213
155270
155364
155776
155784
155800
155909
155914
155918
155944
155961
156364
156471
156486
156551
156687
156898
156915
156923
157032
157041
157049
157076
157292
157438
157500
157537
157658
157804
157981
158087
158274
158313
158314
158321
158351
158492
158547
158587
158606
158792
158794
158806
159174
159262
159286
159318
159363
159452
159469
159749
159808
160181
160189
160551
160742
160968
160989
161016
161027
161095
161228
161254
161306
161307
161311
161314
161319
161333
161365
161400
161472
161515
161527
161610
161634
161652
161670
161721
161722
161739
161824
161888
161934
162014
162031
162032
162045
162048
162052
162170
162177
162193
162210
162230
162318
162422
162427
162461
162572
162686
162687
162773
162882
162947
163021
163314
163562
163580
163663
163828
163832
163838
163839
163844
163863
163918
164045
164244
164281
164435
164585
164586
164602
164659
164685
164979
164983
165069
165129
165172
165176
165197
165255
165273
165453
165563
165731
165805
165812
165844
165934
165966
166008
166031
166055
166102
166180
166250
166256
166437
166976
166983
167051
167056
167156
167157
167260
167689
167833
167847
167888
167891
167946
167961
168059
168368
168415
168578
168598
168744
168809
168945
168970
169088
169132
169588
169664
169702
169750
169757
169851
170116
170134
170210
170302
170361
170386
170486
170633
170768
170853
170984
171221
171294
171365
171416
171994
172009
172236
172366
173042
173238
173339
173361
173364
173366
173416
173519
173536
173557
173639
173712
173769
173781
173909
173920
173955
173994
174078
174079
174095
174099
174101
174147
174153
174217
174224
174233
174237
174262
174299
174365
174382
174474
174490
174508
174516
174592
174595
174619
174636
174733
174734
174796
174877
174929
174976
175003
175011
175598
175627
175885
175886
175891
176020
176083
176092
176328
176332
176366
176459
176522
176649
176754
176806
176895
177005
177026
177030
177052
177113
177219
177260
177263
177280
177320
177603
177778
177859
177927
177981
178085
178099
178138
178149
178218
178247
178484
178536
178955
179098
179120
179385
179479
179484
179840
179877
179880
179884
179935
180001
180013
180023
180047
180141
180188
180303
180458
180463
180655
180776
180791
180926
180956
180990
181117
181141
181189
181202
181208
181366
181488
181754
181755
181955
182181
182230
182241
182408
182433
182612
182656
182674
182863
183109
183268
183411
183412
183856
183864
184013
184224
184278
184372
184838
185062
185098
185120
185239
185269
185297
185373
185404
185408
185412
185413
185555
185676
185704
185815
185816
185934
185948
185967
186055
186075
186107
186125
186126
186135
186146
186170
186174
186264
186286
186318
186379
186429
186430
186465
186489
186537
186781
186843
187421
187621
187674
187896
187932
187933
188041
188371
188375
188457
188489
188520
188558
188569
188594
188691
188800
188929
188942
188994
189099
189266
189270
189296
189310
189321
189360
189545
189569
189616
189636
189712
189786
189825
189931
189975
190061
190092
190097
190101
190139
190146
190192
190265
190274
190278
190432
190473
190507
190531
190580
190603
190653
190797
191031
191041
191050
191145
191149
191150
191281
191531
191561
191683
191687
191882
191887
191931
191944
191964
192055
192063
192070
192150
192462
192505
192692
192702
192838
192926
192973
193164
193188
193236
193255
193575
193642
193666
194288
194313
194415
194455
194474
194489
194568
194579
194580
194667
194747
195458
195534
195734
195989
196018
196053
196072
196325
196409
196539
196651
196682
196775
196885
197076
197109
197141
197165
197167
197206
197228
197270
197310
197316
197455
197459
197460
197465
197508
197520
197630
197667
197751
197791
197862
197863
197963
198122
198154
198172
198173
198193
198219
198233
198355
198399
198461
198469
198476
198498
198576
198827
198828
199105
199512
199721
199943
199951
199980
200386
200387
200422
200480
200524
200554
200567
200594
200627
200718
200743
200782
200798
200929
201071
201084
201294
201313
201394
201428
201582
201592
201663
201696
201704
201872
201922
201954
201975
201978
202139
202147
202179
202186
202193
202199
202238
202415
202469
202479
202554
202572
202578
202612
202700
202701
202728
203197
203208
203377
203493
203552
203612
203725
203972
203985
204011
204082
204126
204209
204552
204573
204679
204749
204926
204973
205086
205589
205612
206302
206303
206339
206436
206470
206555
206577
206615
206627
206714
206735
206772
207239
207258
207404
207416
207445
207505
207717
207751
207958
208065
208086
208105
208107
208324
208455
209156
209183
209253
209267
209333
209344
209365
209442
209450
209481
209495
209502
209504
209506
209507
209525
209553
209565
209568
209605
209648
209694
209704
209770
209824
209909
209910
209926
209967
210028
210080
210175
210219
210220
210240
210436
210473
210523
210548
210669
210752
210874
210875
210905
211058
211071
211099
211118
211337
211768
211937
211998
212008
212026
212027
212030
212340
212387
212398
212527
212595
212609
212709
212744
212790
212818
212828
212840
212845
212925
212976
213124
213279
213305
213403
213509
213623
213634
213673
213674
213680
213735
213741
213751
213752
213818
213914
213919
213920
214090
214147
214194
214240
214379
214526
214564
214573
214625
214673
214725
215159
215244
215255
215274
215375
215488
215599
215772
215914
216018
216032
216033
216167
216191
216221
216291
216684
216726
216765
216796
217133
217636
218023
218378
218390
218465
218504
218602
218607
218608
218615
218623
218624
218668
218724
218820
219552
219584
219764
219816
219945
220005
220144
220513
220556
220666
221248
221272
221303
221380
221391
221393
221404
221410
221412
221436
221497
221549
221553
221554
221559
221675
221750
221760
221892
221956
221957
222057
222105
222267
222287
222315
222316
222388
222406
222453
222459
222468
222483
222504
222595
222628
222642
222921
222922
223099
223105
223114
223146
223199
223518
223673
223984
224073
224074
224197
224239
224251
224480
224642
224656
224874
224883
224892
224913
224993
225001
225024
225091
225135
225137
225164
225171
225326
225372
225419
225420
225463
225466
225658
225727
225905
225966
226016
226121
226201
226280
226292
226573
226600
226608
226662
226672
226754
226755
226874
226938
227291
227371
227485
227588
227651
227837
228031
228108
228122
228133
228180
228196
228282
228558
228728
228805
228807
228812
228843
228948
229171
229180
229390
229422
229440
229445
229677
229718
229910
229952
229976
230085
230437
230596
230615
230650
230653
230654
230655
230715
230760
230867
231447
231544
231599
231631
231709
231877
232052
232191
232215
232421
232842
233034
233250
233374
233403
233438
233440
233498
233517
233596
233600
233601
233606
233699
233792
233834
233918
233966
234003
234004
234070
234104
234122
234157
234313
234314
234315
234364
234382
234386
234389
234435
234486
234567
234580
234617
234637
234639
234670
234691
234704
234844
234968
234969
234970
235146
235164
235210
235360
235396
235471
235529
235833
235843
235844
236120
236121
236124
236149
236262
236323
236332
236474
236689
236718
236787
236868
236913
236983
237058
237174
237184
237218
237466
237467
237473
237488
237510
237569
237738
237845
237866
237961
238004
238013
238063
238094
238213
238248
238284
238285
238327
238328
238334
238339
238340
238494
238515
238553
238618
238630
238636
238644
238678
238707
238710
238719
238806
238841
238985
239368
239766
239873
239885
240078
240129
240155
240180
240716
240783
240859
240878
240890
240943
241014
241036
241039
241049
241266
241296
241469
241492
241675
241970
242477
242606
242626
242643
242697
242853
242875
242914
242935
243244
243408
243494
243646
243696
243700
243756
243780
243976
244068
244165
244246
244372
244446
244468
244484
244504
244682
244853
244889
245081
245254
245297
245329
245397
245447
245484
245515
245609
245625
245643
245647
245648
245660
245693
245709
245746
245767
245839
245890
246050
246051
246145
246169
246360
246361
246411
246436
246519
246586
246598
246601
246614
246701
246717
246764
246781
246810
246876
246919
247017
247088
247261
247407
247519
247576
247578
247583
247865
247890
248025
248167
248291
248527
248597
248630
248736
248748
248794
248973
249030
249081
249094
249115
249252
249304
249317
249563
249815
249864
249913
250116
250139
250166
250246
250374
250375
250386
250419
250600
250623
250629
250677
250684
250814
250853
250888
250921
251256
251282
251311
251399
251491
251591
251744
251897
251920
252176
252303
252379
252763
252830
252858
252882
252904
252906
253086
253182
253516
253748
253777
254118
254222
254270
254488
254690
254744
254894
254931
254961
255031
255078
255621
255633
255683
255693
255711
255803
256023
256146
256335
256515
256551
256631
257128
257344
257413
257423
257468
257497
257520
257538
257611
257659
257694
257695
257704
257733
257749
257796
257858
257885
257937
258012
258060
258081
258088
258097
258098
258156
258235
258372
258381
258388
258407
258408
258618
258694
258711
258732
258748
258891
258966
259248
259340
259437
259556
259630
259788
259926
259937
259938
259955
260214
260628
260783
260792
260841
260856
260985
261083
261121
261141
261233
261275
261364
261604
261610
261634
261747
262009
262040
262045
262186
262198
262213
262218
262342
262354
262427
262433
262489
262549
262620
262633
262641
262650
262792
262879
262935
262968
263218
263346
263506
263613
263638
263666
263680
263944
264106
264232
264259
264264
264266
264929
264953
265317
265862
266007
266072
266167
266712
266737
266764
266778
266783
266924
266997
267008
267028
267207
267660
267704
267740
267850
267952
267970
268193
268395
268578
268678
269175
269391
269407
269423
269460
269510
269525
269535
269555
269685
269686
269696
269741
269742
269752
269764
269780
269791
269900
269924
270144
270145
270197
270437
270454
270471
270601
270689
270692
270806
270811
270833
270849
270995
271007
271287
271295
271326
271387
271466
271484
271495
271572
271611
271735
271784
271984
271985
272261
272262
272290
272452
272512
272616
272654
272970
272999
273054
273074
273080
273188
273212
273323
273396
273483
273489
273523
273574
273856
273868
273925
273928
274043
274150
274175
274203
274219
274371
274400
274425
274430
274448
274475
274480
274481
274496
274781
274796
274818
274832
274851
274897
274982
275259
275265
275713
275841
276013
276015
276153
276247
276375
276423
276705
277364
277392
277536
277537
277539
277586
277865
277871
277877
277909
278639
278759
278765
278795
278811
278823
278825
278830
278907
278950
279010
279032
279522
279707
279787
279798
279843
279897
279999
280240
280306
280403
280442
280587
280701
281222
281418
281438
281454
281487
281562
281600
281660
281687
281766
281769
281771
281788
281789
281799
281801
281803
281827
281943
281994
282000
282156
282191
282192
282244
282311
282336
282483
282501
282502
282518
282525
282538
282640
282703
282742
282871
282951
283042
283054
283330
283340
283342
283434
283542
283624
283625
283639
283736
283762
283782
284031
284032
284035
284039
284308
284309
284317
284433
284450
284499
284722
284795
284882
285072
285101
285133
285152
285217
285222
285235
285236
285378
285530
285536
285617
285679
285698
285722
285946
285975
286036
286139
286154
286220
286251
286527
286643
286821
286832
286843
286918
286956
287029
287167
287540
287571
287646
287714
288072
288073
288238
288250
288294
288862
288975
289433
289440
289454
289590
289606
289912
290354
290686
290876
290901
290939
290980
290997
290999
291006
291046
291079
291103
291301
291560
291754
291859
291944
292046
292083
292420
292672
293095
293269
293485
293609
293646
293672
293718
293770
293813
293816
293818
293835
293836
293846
293890
293916
293985
294018
294044
294047
294079
294148
294201
294239
294264
294268
294270
294357
294395
294489
294548
294549
294570
294618
294731
294773
294924
294971
295205
295399
295437
295481
295706
295809
295912
296008
296017
296078
296079
296174
296186
296333
296356
296364
296547
296882
296918
296924
296997
297032
297199
297237
297282
297516
297560
297563
297577
297580
297611
297642
297664
297753
297769
297861
297927
298005
298081
298306
298344
298562
298574
298579
298589
298630
298725
298868
298994
299011
299017
299592
299618
299890
299916
300285
300348
300489
300503
300516
300517
300611
300970
301022
301163
301672
301880
301978
301992
302310
302374
302380
302401
302837
302878
302923
302952
302986
302993
302994
303004
303046
303114
303120
303150
303470
303472
303716
303789
303899
303937
303991
304093
304378
304415
304440
304510
304719
304943
305128
305664
305665
305746
305780
305827
305860
305871
305882
305883
305893
305912
305918
305929
305949
306094
306105
306134
306251
306311
306440
306562
306577
306595
306596
306615
306655
306665
306828
306911
307148
307217
307233
307446
307484
307527
307528
307818
307823
307861
308125
308126
308380
308403
308560
308742
308784
308811
308867
308965
308971
308977
309044
309056
309246
309316
309349
309352
309563
309689
309709
309747
309816
309953
310010
310019
310155
310233
310290
310450
310523
310554
310608
310621
310631
310677
310915
310937
310992
310997
311065
311086
311098
311665
311736
311870
311962
312122
312142
312288
312292
312368
312395
312432
312445
312447
312452
312522
312696
312956
312975
313210
313295
313554
313700
313708
313927
314005
314047
314128
314164
314378
314421
314427
314850
314925
314943
314983
314999
315034
315152
315158
315197
315517
315788
315792
315928
315940
316038
316462
316466
316544
316750
316786
316801
316908
317175
317363
317491
317554
317602
317628
317711
317712
317718
317766
317907
317929
317930
317965
317968
317976
317984
318027
318045
318073
318137
318138
318141
318181
318186
318331
318364
318370
318487
318603
318634
318642
318643
318662
318826
318842
318880
318982
319012
319095
319525
319575
320145
320172
320184
320427
320440
320450
320574
320641
320933
320950
321016
321018
321065
321135
321202
321235
321243
321250
321273
321293
321295
321346
321372
321376
321671
321693
321756
321764
321825
321842
321862
321863
321963
321981
322057
322175
322236
322280
322363
322464
322617
322622
322668
322669
322707
322723
322810
322844
322865
322887
322939
323016
323019
323033
323039
323178
323358
323658
323677
323712
323783
324009
324073
324207
324400
324431
324477
324479
324494
324499
324532
324591
324592
324606
324699
324743
325108
325214
325216
325350
325408
325572
325599
325612
326914
326972
327000
327002
327015
327023
327030
327055
327085
327087
327123
327216
327244
327442
327475
327875
327882
327917
328085
328187
328328
328427
328428
328797
328833
329222
329675
329677
329711
329787
329814
329822
329859
329934
329959
329976
329977
329993
330092
330126
330184
330185
330188
330229
330249
330371
330378
330379
330411
330447
330461
330477
330536
330566
330577
330591
330651
330656
330670
330689
330690
330709
330739
330860
330873
330908
330910
330950
331069
331242
331245
331622
331912
331955
332219
332480
332487
332497
332688
332813
332867
332933
332946
332961
332997
333150
333340
333423
333615
333712
333718
333721
333807
333889
333909
333916
333922
334028
334068
334187
334219
334276
334322
334536
334547
334649
334661
334715
334811
334876
335013
335096
335198
335218
335705
335759
335887
335950
336049
336183
336430
336462
336524
336546
336583
336650
336658
336919
337149
337155
337222
337240
337249
337263
337402
337455
337637
337659
337999
338121
338144
338365
338456
339047
339068
339109
339170
339263
339279
339311
339570
339698
339726
339834
339907
339948
339968
340071
340078
340132
340457
340609
340795
340845
341109
341179
341722
341861
341892
341905
341941
341963
341967
341988
342006
342017
342022
342023
342034
342093
342110
342130
342131
342139
342145
342176
342179
342231
342235
342241
342258
342425
342426
342427
342478
342544
342580
342613
342624
342714
342736
342737
342756
342791
342809
342947
342973
343010
343119
343668
343669
343765
343853
344092
344255
344266
344527
344542
344543
344571
344655
344764
344904
344985
344989
344993
345044
345062
345362
345387
345429
345470
345490
345587
345620
345660
345751
345910
345956
345991
346115
346140
346194
346219
346282
346292
346485
346495
346501
346514
346583
346691
346696
346708
346749
346753
346762
346818
346916
346981
347004
347060
347086
347138
347245
347772
347781
347866
348230
348295
348451
348484
348518
348593
348661
348966
349109
349131
349171
349339
349444
349662
349693
349914
350078
350366
350503
350527
350684
350987
351052
351107
351115
351118
351139
351150
351180
351181
351270
351293
351302
351338
351346
351349
351358
351386
351760
351851
351954
352011
352081
352179
352478
352711
352892
352904
352955
353059
353300
353744
353788
353799
353834
353881
353915
353927
354053
354064
354070
354081
354096
354161
354164
354168
354172
354186
354220
354251
354278
354282
354305
354333
354375
354465
354472
354473
354474
354541
354672
354721
354750
354764
354765
354783
354784
354803
354806
354815
354820
354860
354861
354994
355018
355048
355072
355102
355146
355184
355416
355622
355644
355650
355661
355688
355715
355716
355812
355900
355937
356032
356154
356301
356331
356589
356590
356706
356715
356731
356811
356929
356951
356972
356979
357001
357032
357036
357059
357159
357361
357382
357386
357404
357405
357434
357436
357476
357517
357634
357995
358007
358016
358181
358251
358291
358292
358329
358457
358615
358618
358630
358646
358675
358723
358796
359107
359160
359331
359804
359913
360066
360124
360133
360208
360311
360337
360498
360533
360640
360708
360739
360749
360885
360980
361168
361209
361218
361311
361337
361386
361491
361509
361709
361731
361881
362123
362220
362222
362264
362413
362574
362612
362943
363099
363113
363150
363154
363165
363166
363349
363354
363385
363807
363819
364126
364155
364386
364758
364935
364939
365063
365347
365800
365816
365852
365860
365928
365929
365967
366100
366111
366117
366208
366233
366281
366325
366329
366380
366396
366519
366520
366624
366628
366701
366830
366831
366843
366850
366988
367013
367069
367149
367256
367262
367279
367300
367377
367383
367386
367463
367484
367528
367669
367683
367697
367701
367762
367763
367930
367984
368210
368348
368363
368379
368437
368636
368637
368657
368740
368751
368753
368770
368998
369079
369102
369106
369195
369206
369213
369234
369268
369299
369429
369451
369452
369465
369481
369492
369521
369536
369563
369564
369585
369588
369666
369679
369693
369754
369880
369995
370015
370143
370209
370339
370468
370519
370630
370635
370645
370662
370799
370835
370856
371075
371121
371318
371390
371808
372113
372171
372180
372216
372318
372339
372546
372549
372580
372587
372637
372654
372670
372774
372794
373028
373161
373225
373256
373296
373401
373517
373519
373556
373740
374209
374252
374267
374311
374370
374506
375008
375067
375149
375160
375166
375191
375212
375213
375264
375325
375354
375363
375364
375924
375938
376068
376105
376728
377023
377166
377847
377863
377958
377986
378014
378050
378158
378164
378165
378172
378231
378272
378280
378287
378328
378372
378376
378403
378481
378567
378713
378748
378792
378796
378877
378878
378890
378892
378923
378931
378941
378955
379012
379064
379088
379161
379201
379207
379392
379430
379741
379785
379809
379810
379966
380143
380331
380395
380404
380407
380684
380798
380932
381054
381152
381203
381215
381242
381279
381484
381498
381521
381523
381528
381539
381558
381611
381635
381705
381746
381985
382102
382107
382190
382334
382350
382405
382407
382463
382672
382712
382742
382761
382816
382840
383122
383204
383227
383279
383294
383307
383922
384270
384327
384430
384508
384627
384649
384679
384684
384717
384733
384811
384816
384818
384824
384846
384873
385020
385268
385343
385423
385430
