>AM295007
+1 +3 +4 +5 +6 +7 +8 +11 +12 +13 +14 +15 +16 +17 +19 +20 +21 +22 +23 +24 +25 +26 +27 +28 +29 +30 +31 +32 +40 +41 +44 +45 +56 +57 +58 +59 +60 +61 +62 +63 +66 +67 +68 +69 +70 +71 +72 +73 +74 +75 +76 +77 +78 +79 +80 +81 +82 +83 +84 +85 +86 +87 +93 +94 +95 +96 +97 +98 +99 +100 +101 +102 +103 +104 +105 +106 +112 +113 +114 +115 +116 +117 +118 +121 +122 +123 +124 +125 +126 +127 +128 +129 +130 +131 +132 +133 +134 +135 +136 +137 +138 +139 +140 +142 +144 +145 +147 +148 +149 +150 +151 +152 +153 +156 +157 +158 +159 +160 +161 +162 +163 @
>CP000829
+1 +3 +4 +5 +6 +7 +8 +11 +12 +13 +14 +15 +16 +17 -132 -131 -130 -129 -128 -127 -126 -125 -124 -123 -122 -121 -118 -117 -116 -115 -114 -113 -112 -106 -105 -104 -103 -102 -101 -100 -99 -98 -97 -96 -95 -94 -93 -87 -86 -85 +176 -84 -83 -82 -81 -80 -79 -78 -77 -76 -75 -74 -73 -72 -71 -70 -69 -68 -67 -66 -63 -62 -61 -60 -59 -58 -57 -56 -45 -44 -41 -40 -32 -31 -30 -29 -28 -27 -26 -25 -24 -23 -22 -21 -20 -19 +133 +134 +135 +136 +137 +138 +139 +140 +142 +144 +145 +147 +148 +149 +150 +151 +152 +153 +156 +157 +158 +159 +160 +161 +162 +163 @
>CP013838
+1 +3 +4 +5 +6 +7 +8 +11 +12 +13 +14 +15 +16 +17 -132 -131 -130 -129 -128 -127 -126 -125 -124 -123 -122 -121 -116 -115 -114 -113 -112 -106 -105 -104 -103 -102 -101 -100 -99 -98 -97 -96 -95 -94 -93 -87 -86 -85 +176 -84 -83 -82 -81 -80 -79 -78 -77 -76 -75 -74 -73 -72 -71 -70 -69 -68 -67 -66 -63 -62 -61 -60 -59 -58 -57 -56 -45 -44 -41 -40 -32 -31 -30 -29 -28 -27 -26 -25 -24 -23 -22 -21 -20 -19 +133 +134 +135 +136 +137 +138 +139 +140 +142 +144 +145 +147 +148 +149 +150 +151 +152 +153 +156 +157 +158 +159 +160 +161 +162 +163 @
>CP014027
+87 +93 +94 +95 +96 +97 +98 +99 +100 +101 +102 +103 +104 +105 +106 +112 +113 +114 +115 +116 +117 +118 +121 +122 +123 +124 +125 +126 +127 +128 +129 +130 +131 +132 +133 +134 +135 +136 +137 +138 +139 +140 +142 +144 -16 -15 -14 -13 -12 -11 -8 -7 -6 -5 -4 -3 -1 -163 -162 -161 -160 -159 -158 -157 -156 -153 -152 -151 -150 -149 -148 -147 -145 +17 +19 +20 +21 +22 +23 +24 +25 +26 +27 +28 +29 +30 +31 +32 +40 +41 +44 +45 +56 +57 +58 +59 +60 +61 +62 +63 +66 +67 +68 +69 +70 +71 +72 +73 +74 +75 +76 +77 +78 +79 +80 +81 +82 +83 +84 -176 +85 +86 @
>AE009949
+1 +3 +4 +5 +6 +7 +8 +11 +12 +13 +14 +15 +16 +17 -132 -131 -130 -129 -128 -127 -126 -125 -124 -123 -122 -121 -118 -117 -116 -115 -114 -113 -112 -106 -105 -104 -103 -102 -101 -100 -99 -98 -97 -96 -95 -94 -93 -87 -86 -85 -84 -83 -82 -81 -80 -79 -78 -77 -76 -75 -74 -73 -72 -71 -70 -69 -68 -67 -66 -63 -62 -61 -60 -59 -58 -57 -56 -45 -44 -41 -40 -32 -31 -30 -29 -28 -27 -26 -25 -24 -23 -22 -21 -20 -19 +133 +134 +135 +136 +137 +138 +140 +142 +144 +145 +147 +148 +149 +150 +151 +152 +153 +156 +157 +158 +159 +160 +161 +162 +163 @
>CP000260
+1 +3 +4 +5 +6 +7 +8 +11 +12 +13 +14 +15 +16 +17 -132 -131 -130 -129 -128 -127 -126 -125 -124 -123 -122 -121 -118 -117 -116 -115 -114 -113 -112 -106 -105 -104 -103 -102 -101 -100 -99 -98 -97 -96 -95 -94 -93 -87 -86 -85 +176 -84 -83 -82 -81 -80 -79 -78 -77 -76 -75 -74 -73 -72 -71 -70 -69 -68 -67 -66 -63 -62 -61 -60 -59 -58 -57 -56 -45 -44 -41 -40 -32 -31 -30 -29 -28 -27 -26 -25 -24 -23 -22 -21 -20 -19 +133 +134 +135 +136 +137 +138 +139 +140 +142 +144 +145 +147 +148 +149 +150 +151 +152 +153 +156 +157 +158 +159 +160 +161 +162 +163 @
>CP013839
+1 +3 +4 +5 +6 +7 +8 +11 +12 +13 +14 +15 +16 +17 -132 -131 -130 -129 -128 -127 -126 -125 -124 -123 -122 -121 -116 -115 -114 -113 -112 -106 -105 -104 -103 -102 -101 -100 -99 -98 -97 -96 -95 -94 -93 -87 -86 -85 +176 -84 -83 -82 -81 -80 -79 -78 -77 -76 -75 -74 -73 -72 -71 -70 -69 -68 -67 -66 -63 -62 -61 -60 -59 -58 -57 -56 -45 -44 -41 -40 -32 -31 -30 -29 -28 -27 -26 -25 -24 -23 -22 -21 -20 -19 +133 +134 +135 +136 +137 +138 +139 +140 +142 +144 +145 +147 +148 +149 +150 +151 +152 +153 +156 +157 +158 +159 +160 +161 +162 +163 @
>CP010449
+1 +3 +4 +5 +6 +7 +8 +11 +12 +13 +14 +15 +16 +17 +19 +20 +21 +22 +23 +24 +25 +26 +27 +28 +29 +30 +31 +32 +40 -104 -103 -102 -101 -100 -99 -98 -97 -96 -95 -94 -93 -87 -86 -85 +176 -84 -83 -82 -81 -80 -79 -78 -77 -76 -75 -74 -73 -72 -71 -70 -69 -68 -67 -66 -63 -62 -61 -60 -59 -58 -57 -56 -45 -44 -41 +105 +106 +112 +113 +114 +115 +116 +117 +118 +121 +122 +123 +124 +125 +126 +127 +128 +129 +130 +131 +132 +133 +134 +135 +136 +137 +138 +139 +140 +142 +144 +145 +147 +148 +149 +150 +151 +152 +153 +156 +157 +158 +159 +160 +161 +162 +163 @
>HG316453
+1 +3 +4 +5 +6 +7 +8 +11 +12 +13 +14 +15 +16 +17 -132 -131 -130 -129 -128 -127 -126 -125 -124 -123 -122 -121 -116 -115 -114 -113 -112 -106 -105 -104 -103 -102 -101 -100 -99 -98 -97 -96 -95 -94 -93 -87 -86 -85 +176 -84 -83 -82 -81 -80 -79 -78 -77 -76 -75 -74 -73 -72 -71 -70 -69 -68 -67 -66 -63 -62 -61 -60 -59 -58 -57 -56 -45 -44 -41 -40 -32 -31 -30 -29 -28 -27 -26 -25 -24 -23 -22 -21 -20 -19 +133 +134 +135 +136 +137 +138 +139 +140 +142 +144 +145 +147 +148 +149 +150 +151 +152 +153 +156 +157 +158 +159 +160 +161 +162 +163 @
>CP007241
+1 +3 +4 +5 +6 +7 +8 +11 +12 +13 +14 +15 +16 +17 -132 -131 -130 -129 -128 -127 -126 -125 -124 -123 -122 -121 -118 -117 -116 -115 -114 -113 -112 -106 -105 -104 -103 -102 -101 -100 -99 -98 -97 -96 -95 -94 -93 -87 -86 -85 +176 -84 -83 -82 -81 -80 -79 -78 -77 -76 -75 -74 -73 -72 -71 -70 -69 -68 -67 -66 -63 -62 -61 -60 -59 -58 -57 -56 -45 -44 -41 -40 -32 -31 -30 -29 -28 -27 -26 -25 -24 -23 -22 -21 -20 -19 +133 +134 +135 +136 +137 +138 +139 +140 +142 +144 +145 +147 +148 +149 +150 +151 +152 +153 +156 +157 +158 +159 +160 +161 +162 +163 @
>CP011535
+1 +3 +4 +5 +6 +7 +8 +11 +12 +13 +14 +15 +16 +17 +19 +20 +21 +22 +23 +24 +25 +26 +27 +28 +29 +30 +31 +32 +40 +41 +44 +45 +56 +57 +58 +59 +60 +61 +62 +63 +66 +67 +68 +69 +70 +71 +72 +73 +74 +75 +76 +77 +78 +79 +80 +81 +82 +83 +84 -176 +85 +86 +87 +93 +94 +95 +96 +97 +98 +99 +100 +101 +102 +103 +104 +105 +106 +112 +113 +114 +115 +116 +117 +118 +121 +122 +123 +124 +125 +126 +127 +128 +129 +130 +131 +132 +133 +134 +135 +136 +137 +138 +139 +140 +142 +144 +145 +147 +148 +149 +150 +151 +152 +153 +156 +157 +158 +159 +160 +161 +162 +163 @
>CP000261
+1 +3 +4 +5 +6 +7 +8 +11 +12 +13 +14 +15 +16 +17 -132 -131 -130 -129 -128 -127 -126 -125 -124 -123 -122 -121 -118 -117 -116 -115 -114 -113 -112 -106 -105 -104 -103 -102 -101 -100 -99 -98 -97 -96 -95 -94 -93 -87 -86 -85 +176 -84 -83 -82 -81 -80 -79 -78 -77 -74 -73 -72 -71 -70 -69 -68 -67 -66 -63 -62 -61 -60 -59 -58 -57 -56 -45 -44 -41 -40 -32 -31 -30 -29 -28 -27 -26 -25 -24 -23 -22 -21 -20 -19 +133 +134 +135 +136 +137 +138 +139 +140 +142 +144 +145 +147 +148 +149 +150 +151 +152 +153 +156 +157 +158 +159 +160 +161 +162 +163 @
>CP000262
+1 +3 +4 +5 +6 +7 +8 +11 +12 +13 +14 +15 +16 +17 -132 -131 -130 -129 -128 -127 -126 -125 -124 -123 -122 -121 -118 -117 -116 -115 -114 -113 -112 -106 -105 -104 -103 -102 -101 -100 -99 -98 -97 -96 -95 -94 -93 -87 -86 -85 +176 -84 -83 -82 -81 -80 -79 -78 -77 -76 -75 -74 -73 -72 -71 -70 -69 -68 -67 -66 -63 -62 -61 -60 -59 -58 -57 -56 -45 -44 -41 -40 -32 -31 -30 -29 -28 -27 -26 -25 -24 -23 -22 -21 -20 -19 +133 +134 +135 +136 +137 +138 +139 +140 +142 +144 +145 +147 +148 +149 +150 +151 +152 +153 +156 +157 +158 +159 +161 +162 +163 @
>CP008776
+1 +3 +4 +5 +6 +7 +8 +11 +12 +13 +14 +15 +16 +17 +19 +20 +21 +22 +23 +24 +25 +26 +27 +28 +29 +30 +31 +32 +40 +41 +44 +45 +56 +57 +58 +59 +60 +61 +62 +63 +66 +67 +68 +69 +70 +71 +72 +73 +74 +75 +76 +77 +78 +79 +80 +81 +82 +83 +84 -176 +85 +86 +87 +93 +94 +95 +96 +97 +98 +99 +100 +101 +102 +103 +104 +105 +106 +112 +113 +114 +115 +116 +117 +118 +121 +122 +123 +124 +125 +126 +127 +128 +129 +130 +131 +132 +133 +134 +135 +136 +137 +138 +139 +140 +142 +144 +145 +147 +148 +149 +150 +151 +152 +153 +156 +157 +158 +159 +160 +161 +162 +163 @
>CP015238
+1 +3 +4 +5 +6 +7 +8 +11 +12 +13 +14 +15 +16 +17 -132 -131 -130 -129 -128 -127 -126 -125 -124 -123 -122 -121 -118 -117 -116 -115 -114 -113 -112 -106 -105 -104 -103 -102 -101 -100 -99 -98 -97 -96 -95 -94 -93 -87 -86 -85 +176 -84 -83 -82 -81 -80 -79 -78 -77 -76 -75 -74 -73 -72 -71 -70 -69 -68 -67 -66 -63 -62 -61 -60 -59 -58 -57 -56 -45 -44 -41 -40 -32 -31 -30 -29 -28 -27 -26 -25 -24 -23 -22 -21 -20 -19 +133 +134 +135 +136 +137 +138 +139 +140 +142 +144 +145 +147 +148 +149 +150 +151 +152 +153 +156 +157 +158 +159 +160 +161 +162 +163 @
>CP013672
+1 +3 +4 +5 +6 +7 +8 +11 +12 +13 +14 +15 +16 +17 -132 -131 -130 -129 -128 -127 -126 -125 -124 -123 -122 -121 -118 -117 -116 -115 -114 -113 -112 -106 -105 -104 -103 -102 -101 -100 -99 -98 -97 -96 -95 -94 -93 -87 -86 -85 +176 -84 -83 -82 -81 -80 -79 -78 -77 -76 -75 -74 -73 -72 -71 -70 -69 -68 -67 -66 -63 -62 -61 -60 -59 -58 -57 -56 -45 -44 -41 -40 -32 -31 -30 -29 -28 -27 -26 -25 -24 -23 -22 -21 -20 -19 +133 +134 +135 +137 +138 +139 +140 +142 +144 +145 +147 +148 +149 +150 +151 +152 +153 +156 +157 +158 +159 +160 +161 +162 +163 @
>CP003068
+1 +3 +4 +5 +6 +7 +8 +11 +12 +13 +14 +15 +16 +17 -132 -131 -130 -129 -128 -127 -126 -125 -124 -123 -122 -121 -118 -117 -116 -115 -114 -113 -112 -106 -105 -104 -103 -102 -101 -100 -99 -98 -97 -96 -95 -94 -93 -87 -86 -85 +176 -84 -83 -82 -81 -80 -79 -78 -77 -76 -75 -74 -73 -72 -71 -70 -69 -68 -67 -66 -63 -62 -61 -60 -59 -58 -57 -56 -45 -44 -41 -40 -32 -31 -30 -29 -28 -27 -26 -25 -24 -23 -22 -21 -20 -19 +133 +134 +135 +137 +138 +139 +140 +142 +144 +145 +147 +148 +149 +150 +151 +152 +153 +156 +157 +158 +159 +160 +161 +162 +163 @
>CP007041
+1 +3 +4 +5 +6 +7 +8 +11 +12 +13 +14 +15 +16 +17 +19 +20 +21 +22 +23 +24 +25 +26 +27 +28 +29 +30 +31 +32 +40 +41 +44 +45 +56 +57 +58 +59 +60 +61 +62 +63 +66 +67 +68 +69 +176 -84 -83 -82 -81 -80 -79 -78 -77 -76 -75 -74 -73 -72 -71 -70 +85 +86 +87 +93 +94 +95 +96 +97 +98 +99 +100 +101 +102 +103 +104 +105 +106 +112 +113 +114 +115 +116 +117 +118 +121 +122 +123 +124 +125 +126 +127 +128 +129 +130 +131 +132 +133 +134 +135 +136 +137 +138 +139 +140 +142 +144 +145 +147 +148 +149 +150 +151 +152 +153 +156 +157 +158 +159 +160 +161 +162 +163 @
>CP007562
+1 +3 +4 +5 +6 +7 +8 +11 +12 +13 +14 +15 +16 +17 +19 +20 +21 +22 +23 +24 +25 +26 +27 +28 +29 +30 +31 +32 +40 +41 +44 +45 +56 +57 +58 +59 +60 +61 +62 +63 +66 +67 +68 +69 +70 +71 +72 +73 +74 +75 +76 +77 +78 +79 +80 +81 +82 +83 +84 -176 +85 +86 +87 +93 +94 +95 +96 +97 +98 +99 +100 +101 +102 +103 +104 +105 +106 +112 +113 +114 +115 +116 +117 +118 +121 +122 +123 +124 +125 +126 +127 +128 +129 +130 +131 +132 +133 +134 +135 +136 +137 +138 +139 +140 +142 +144 +145 +147 +148 +149 +150 +151 +152 +153 +156 +157 +158 +159 +160 +161 +162 +163 @
>CP000259
+1 +3 +4 +5 +6 +7 +8 +11 +12 +13 +14 +15 +16 +17 -132 -131 -130 -129 -128 -127 -126 -125 -124 -123 -122 -121 -118 -117 -116 -115 -114 -113 -112 -106 -105 -104 -103 -102 -101 -100 -99 -98 -97 -96 -95 -94 -93 -87 -86 -85 +176 -84 -83 -82 -81 -80 -79 -78 -77 -74 -73 -72 -71 -70 -69 -68 -67 -66 -63 -62 -61 -60 -59 -58 -57 -56 -45 -44 -41 -40 -32 -31 -30 -29 -28 -27 -26 -25 -24 -23 -22 -21 -20 -19 +133 +134 +135 +136 +137 +138 +139 +140 +142 +144 +145 +147 +148 +149 +150 +151 +152 +153 +156 +157 +158 +159 +160 +161 +162 +163 @
>AP014572
+1 +3 +4 +5 +6 +7 +8 +11 +12 +13 +14 +15 +16 +17 -132 -131 -130 -129 -128 -127 -126 -125 -124 -123 -122 -121 -118 -117 -116 -115 -114 -113 -112 -106 -105 -104 -103 -102 -101 -100 -99 -98 -97 -96 -95 -94 -93 -87 -86 -85 +176 -84 -83 -82 -81 -80 -79 -78 -77 -76 -75 -74 -73 -72 -71 -70 -69 -68 -67 -66 -63 -62 -61 -60 -59 -58 -57 -56 -45 -44 -41 -40 -32 -31 -30 -29 -28 -27 -26 -25 -24 -23 -22 -21 -20 -19 +133 +136 +137 +138 +139 +140 +142 +144 +145 +147 +148 +149 +150 +151 +152 +153 +156 +157 +158 +159 +160 +161 +162 +163 @
>CP007537
+1 +3 +4 +5 +6 +7 +8 +11 +12 +13 +14 +15 +16 +17 +19 +20 +21 +22 +23 +24 +25 +26 +27 +28 +29 +30 +31 +32 +40 +41 +44 +45 +56 +57 +58 +59 +60 +61 +62 +63 +66 +67 +68 +69 +70 +71 +72 +73 +74 +75 +76 +77 +78 +79 +80 +81 +82 +83 +84 -176 +85 +86 +87 +93 +94 +95 +96 +97 +98 +99 +100 +101 +102 +103 +104 +105 +106 +112 +113 +114 +115 +116 +117 +118 +121 +122 +123 +124 +125 +126 +127 +128 +129 +130 +131 +132 +133 +134 +135 +136 +137 +138 +139 +140 +142 +144 +145 +147 +148 +149 +150 +151 +152 +153 +156 +157 +158 +159 +160 +161 +162 +163 @
>CP008926
-78 -77 -76 -75 -74 -73 -72 -71 -70 -69 -68 -67 -66 -63 -62 -61 -60 -59 -58 -57 -56 -45 -44 -41 -40 -32 -31 -30 -29 -28 -27 -26 -25 -24 -23 -22 -21 -20 -19 +133 +134 +135 +136 +137 +138 +139 +140 +142 +144 +145 +147 +148 +149 +150 +151 +152 +153 +156 +157 +158 +159 +160 +161 +162 +163 +1 +3 +4 +5 +6 +7 +8 +11 +12 +13 +14 +15 +16 +17 -132 -131 -130 -129 -128 -127 -126 -125 -124 -123 -122 -121 -118 -117 -116 -115 -114 -113 -112 -106 -105 -104 -103 -102 -101 -100 -99 -98 -97 -96 -95 -94 -93 -87 -86 -85 +176 -84 -83 -82 -81 -80 -79 @
>AP012491
+1 +3 +4 +5 +6 +7 +8 +11 +12 +13 +14 +15 +16 -144 -142 -140 -139 -138 -137 -136 -135 -134 -133 -132 -131 -130 -129 -128 -127 -126 -125 -124 -123 -122 -121 -118 -117 -116 -115 -114 -113 -112 -106 -105 -104 -103 -102 -101 -100 -99 -98 -97 -96 -95 -94 -93 -87 -86 -85 +176 -84 -83 -82 -81 -80 -79 -78 -77 -76 -75 -74 -73 -72 -71 -70 -69 -68 -67 -66 -63 -62 -61 -60 -59 -58 -57 -56 -45 -44 -41 -40 -32 -31 -30 -29 -28 -27 -26 -25 -24 -23 -22 -21 -20 -19 -17 +145 +147 +148 +149 +150 +151 +152 +153 +156 +157 +158 +159 +160 +161 +162 +163 @
>AE014074
+1 +3 +4 +5 +6 +7 +8 +11 +12 +13 +14 +15 +16 +17 -132 -131 -130 -129 -128 -127 -126 -125 -124 -123 -122 -121 -118 -117 -116 -115 -114 -113 -112 -106 -105 -104 -103 -102 -101 -100 -99 -98 -97 -96 -95 -94 -93 -87 -86 -85 +176 -84 -83 -82 -81 -80 -79 -78 -77 -76 -75 -74 -73 -72 -71 -70 -69 -68 -67 -66 -63 -62 -61 -60 -59 -58 -57 -56 -45 -44 -41 -40 -32 -31 -30 -29 -28 -27 -26 -25 -24 -23 -22 -21 -20 -19 +133 +134 +135 +136 +137 +138 +139 +140 +142 +144 +145 +147 +148 +149 +150 +151 +152 +153 +156 +157 +158 +159 +160 +161 +162 +163 @
>BA000034
+1 +3 +4 +5 +6 +7 +8 +11 +12 +13 +14 +15 +16 +17 +19 +20 +21 +22 +23 +24 +25 +26 +27 +28 +29 +30 +31 +32 +40 +41 +44 +45 +56 +57 +58 +59 +60 +61 +62 +63 +66 +67 +68 +69 +176 -84 -83 -82 -81 -80 -79 -78 -77 -76 -75 -74 -73 -72 -71 -70 +85 +86 +87 +93 +94 +95 +96 +97 +98 +99 +100 +101 +102 +103 +104 +105 +106 +112 +113 +114 +115 +116 +117 +118 +121 +122 +123 +124 +125 +126 +127 +128 +129 +130 +131 +132 +133 +134 +135 +136 +137 +138 +139 +140 +142 +144 +145 +147 +148 +149 +150 +151 +152 +153 +156 +157 +158 +159 +160 +161 +162 +163 @
>CP003901
+1 +3 +4 +5 +6 +7 +8 +11 +12 +13 +14 +15 +16 +17 -132 -131 -130 -129 -128 -127 -126 -125 -124 -123 -122 -121 -118 -117 -116 -115 -114 -113 -112 -106 -105 -104 -103 -102 -101 -100 -99 -98 -97 -96 -95 -94 -93 -87 -86 -85 +176 -84 -83 -82 -81 -80 -79 -78 -77 -76 -75 -74 -73 -72 -71 -70 -69 -68 -67 -66 -63 -62 -61 -60 -59 -58 -57 -56 -45 -44 -41 -40 -32 -31 -30 -29 -28 -27 -26 -25 -24 -23 -22 -21 -20 -19 +133 +134 +135 +136 +137 +138 +139 +140 +142 +144 +145 +147 +148 +149 +150 +151 +152 +153 +156 +157 +158 +159 +160 +161 +162 +163 @
>CP003116
+1 +3 +4 +5 +6 +7 +8 +11 +12 +13 +14 +15 +16 +17 -132 -131 -130 -129 -128 -127 -126 -125 -124 -123 -122 -121 -118 -117 -116 -115 -114 -113 -112 -106 -105 -104 -103 -102 -101 -100 -99 -98 -97 -96 -95 -94 -93 -87 -86 -85 +176 -84 -83 -82 -81 -80 -79 -78 -77 -76 -75 -74 -73 -72 -70 -69 -68 -67 -66 -63 -62 -61 -60 -59 -58 -57 -56 -45 -44 -41 -40 -32 -31 -30 -29 -28 -27 -26 -25 -24 -23 -22 -21 -20 -19 +133 +134 +135 +136 +137 +138 +139 +140 +142 +144 +145 +147 +148 +149 +150 +151 +152 +153 +156 +157 +158 +159 +160 +161 +162 +163 @
>CP012045
+1 +3 +4 +5 +6 +7 +8 +11 +12 +13 +14 +15 +16 -144 -142 -140 -139 -138 -137 -136 -135 -134 -133 -132 -131 -130 -129 -128 -127 -126 -125 -124 -123 -122 -121 -118 -117 -116 -115 -114 -113 -112 -106 -105 -104 -103 -102 -101 -100 -99 -98 -97 -96 -95 -94 -93 -87 -86 -85 +176 -84 -83 -82 -81 -80 -79 -78 -77 -76 -75 -74 -73 -72 -71 -70 -69 -68 -67 -66 -63 -62 -61 -60 -59 -58 -57 -56 -45 -44 -41 -40 -32 -31 -30 -29 -28 -27 -26 -25 -24 -23 -22 -21 -20 -19 -17 +145 +147 +148 +149 +150 +151 +152 +153 +156 +157 +158 +159 +160 +161 +162 +163 @
>AP012335
+1 +3 +4 +5 +6 +7 +8 +11 +12 +13 +14 +15 +16 +17 -132 -131 -130 -129 -128 -127 -126 -125 -124 -123 -122 -121 -116 -115 -114 -113 -112 -106 -105 -104 -103 -102 -101 -100 -99 -98 -97 -96 -95 -94 -93 -87 -86 -85 +176 -84 -83 +62 +63 +66 +67 +68 +69 +70 +72 +73 +74 +75 +76 +77 +78 +79 +80 +81 +82 -61 -60 -59 -58 -57 -56 -45 -44 -41 -40 -32 -31 -30 -29 -28 -27 -26 -25 -24 -23 -22 -21 -20 -19 +133 +134 +135 +136 +137 +138 +139 +140 +142 +144 +145 +147 +148 +149 +150 +151 +152 +153 +156 +157 +158 +159 +160 +161 +162 +163 @
>CP014138
+1 +3 +4 +5 +6 +7 +8 +11 +12 +13 +14 +15 +16 +17 -132 -131 -130 -129 -128 -127 -126 -125 -124 -123 -122 -121 -117 -116 -115 -114 -113 -112 -106 -105 -104 -103 -102 -101 -100 -99 -98 -97 -96 -95 -94 -93 -87 -86 -85 +176 -84 -83 -82 -81 -80 -79 -78 -77 -76 -75 -74 -73 -72 -71 -70 -69 -68 -67 -66 -63 -62 -61 -60 -59 -58 -57 -56 -45 -44 -41 -40 -32 -31 -30 -29 -28 -27 -26 -25 -24 -23 -22 -21 -20 -19 +133 +134 +135 +136 +137 +138 +139 +140 +142 +144 +145 +147 +148 +149 +150 +151 +152 +153 +156 +157 +158 +159 +161 +162 +163 @
>CP008695
+1 +3 +4 +5 +6 +7 -115 -114 -113 -112 -106 -105 -104 -103 -102 -101 -100 -99 -98 -97 -96 -95 -94 -93 +56 +57 +58 +59 +60 +61 +62 +63 +66 +67 +68 +69 +70 +72 +73 +74 +75 +76 +77 +78 +79 +80 +81 +82 +83 +84 -176 +85 +86 +87 -45 -44 -41 -40 -32 -31 -30 -29 -28 -27 -26 -25 -24 -23 -22 -21 -20 -19 -17 -16 -15 -14 -13 -12 -11 -8 +116 +117 +118 +121 +122 +123 +124 +125 +126 +127 +128 +129 +130 +131 +132 +133 +134 +135 +136 +137 +138 +139 +140 +142 +144 +145 +147 +148 -162 -161 -160 -159 -158 -157 -156 -153 -152 -151 -150 -149 +163 @
>CP006366
+1 +3 +4 +5 +6 +7 +8 +11 +12 +13 +14 +15 +16 +17 -132 -131 -130 -129 -128 -127 -126 -125 -124 -123 -122 -121 -118 -117 -116 -115 -114 -113 -112 -106 -105 -104 -103 -102 -101 -100 -99 -98 -97 -96 -95 -94 -93 -87 -86 -85 +176 -84 -83 -82 -81 -80 -79 -78 -77 -76 -75 -74 -73 -72 -71 -70 -69 -68 -67 -66 -63 -62 -61 -60 -59 -58 -57 -56 -45 -44 -41 -40 -32 -31 -30 -29 -28 -27 -26 -25 -24 -23 -22 -21 -20 -19 +133 +134 +135 +136 +137 +138 +139 +140 +142 +144 +145 +147 +148 +149 +150 +151 +152 +153 +156 +157 +158 +159 +160 +161 +162 +163 @
>CP007024
+1 +3 +4 +5 +6 +7 +8 +11 +12 +13 +14 +15 +16 +17 -132 -131 -130 -129 -128 -127 -126 -125 -124 -123 -122 -121 -118 -117 -116 -115 -114 -113 -112 -106 -105 -104 -103 -102 -101 -100 -99 -98 -97 -96 -95 -94 -93 -87 -86 -85 +176 -84 -83 -82 -81 -80 -79 -78 -77 -76 -75 -74 -73 -72 -71 -70 -69 -68 -67 -66 -63 -62 -61 -60 -59 -58 -57 -56 -45 -44 -41 -40 -32 -31 -30 -29 -28 -27 -26 -25 -24 -23 -22 -21 -20 -19 +133 +134 +135 +136 +137 +138 +139 +140 +142 +144 +145 +147 +148 +149 +150 +151 +152 +153 +156 +157 +158 +159 +160 +161 +162 +163 @
>CP007560
+1 +3 +4 +5 +6 +7 +8 +11 +12 +13 +14 +15 +16 +17 -132 -131 -130 -129 -128 -127 -126 -125 -124 -123 -122 -121 -118 -117 -116 -115 -114 -113 -112 +56 +57 +58 +59 +60 +61 +62 +63 +66 +67 +68 +69 +70 +71 +72 +73 +74 +75 +76 +77 +78 +79 +80 +81 +82 +83 +84 -176 +85 +86 +87 +93 +94 +95 +96 +97 +98 +99 +100 +101 +102 +103 +104 +105 +106 -45 -44 -41 -40 -32 -31 -30 -29 -28 -27 -26 -25 -24 -23 -22 -21 -20 -19 +133 +134 +135 +136 +137 +138 +139 +140 +142 +144 +145 +147 +148 +149 +150 +151 +152 +153 +156 +157 +158 +159 +160 +161 +162 +163 @
>CP009612
+1 +3 +4 +5 +6 +7 +8 +11 +12 +13 +14 +15 +16 +17 -132 -131 -130 -129 -128 -127 -126 -125 -124 -123 -122 -121 -118 -117 -116 -115 -114 -113 -112 -106 -105 -104 -103 -102 -101 -100 -99 -98 -97 -96 -95 -94 -93 -87 -86 -85 +176 -84 -83 -82 -81 -80 -79 -78 -77 -74 -73 -72 -71 -70 -69 -68 -67 -66 -63 -62 -61 -60 -59 -58 -57 -56 -45 -44 -41 -40 -32 -31 -30 -29 -28 -27 -26 -25 -24 -23 -22 -21 -20 -19 +133 +134 +135 +136 +137 +138 +139 +140 +142 +144 +145 +147 +148 +149 +150 +151 +152 +153 +156 +157 +158 +159 +160 +161 +162 +163 @
>CP011068
+1 +3 +4 +5 +6 +7 +8 +11 +12 +13 +14 +15 +16 +17 -132 -131 -130 -129 -128 -127 -126 -125 -124 -123 -122 -121 -118 -117 -116 -115 -114 -113 -112 -106 -105 -104 -103 -102 -101 -100 -99 -98 -97 -96 -95 -94 -93 -87 -86 -85 +176 -84 -83 -82 -81 -80 -79 -78 -77 -76 -75 -74 -73 -72 -71 -70 -69 -68 -67 -66 -63 -62 -61 -60 -59 -58 -57 -56 -45 -44 -41 -40 -32 -31 -30 -29 -28 -27 -26 -25 -24 -23 -22 -21 -20 -19 +133 +134 +135 +136 +137 +138 +139 +140 +142 +144 +145 +147 +148 +149 +150 +151 +152 +153 +156 +157 +158 +159 +160 +161 +162 +163 @
>CP000017
+1 +3 +4 +5 +6 +7 +8 +11 +12 +13 +14 +15 +16 +17 -132 -131 -130 -129 -128 -127 -126 -125 -124 -123 -122 -121 -118 -117 -116 -115 -114 -113 -112 -106 -105 -104 -103 -102 -101 -100 -99 -98 -97 -96 -95 -94 -93 -87 -86 -85 +176 -84 -83 -82 -81 -80 -79 -78 -77 -76 -75 -74 -73 -72 -71 -70 -69 -68 -67 -66 -63 -62 -61 -60 -59 -58 -57 -56 -45 -44 -41 -40 -32 -31 -30 -29 -28 -27 -26 -25 -24 -23 -22 -21 -20 -19 +133 +134 +135 +136 +137 +138 +139 +140 +142 +144 +145 +147 +148 +149 +150 +151 +152 +153 +156 +157 +158 +159 +160 +161 +162 +163 @
>CP013840
+1 +3 +4 +5 +6 +7 +8 +11 +12 +13 +14 +15 +16 +17 -132 -131 -130 -129 -128 -127 -126 -125 -124 -123 -122 -121 -116 -115 -114 -113 -112 -106 -105 -104 -103 -102 -101 -100 -99 -98 -97 -96 -95 -94 -93 -87 -86 -85 +176 -84 -83 -82 -81 -80 -79 -78 -77 -76 -75 -74 -73 -72 -71 -70 -69 -68 -67 -66 -63 -62 -61 -60 -59 -58 -57 -56 -45 -44 -41 -40 -32 -31 -30 -29 -28 -27 -26 -25 -24 -23 -22 -21 -20 -19 +133 +134 +135 +136 +137 +138 +139 +140 +142 +144 +145 +147 +148 +149 +150 +151 +152 +153 +156 +157 +158 +159 +161 +162 +163 @
>CP007561
+1 +3 +4 +5 +6 +7 +8 +11 +12 +13 +14 +15 +16 +17 +19 +20 +21 +22 +23 +24 +25 +26 +27 +28 +29 +30 +31 +32 +40 +41 +44 +45 +56 +57 +58 +59 +60 +61 +62 +63 +66 +67 +68 +69 +70 +71 +72 +73 +74 +75 +76 +77 +78 +79 +80 +81 +82 +83 +84 -176 +85 +86 +87 +93 +94 +95 +96 +97 +98 +99 +100 +101 +102 +103 +104 +105 +106 +112 +113 +114 +115 +116 +117 +118 +121 +122 +123 +124 +125 +126 +127 +128 +129 +130 +131 +132 +133 +134 +135 +136 +137 +138 +139 +140 +142 +144 +145 +147 +148 +149 +150 +151 +152 +153 +156 +157 +158 +159 +160 +161 +162 +163 @
>AFRY01000001
+1 +3 +4 +5 +6 +7 +8 +11 +12 +13 +14 -144 -142 -140 -139 -138 -137 -136 -135 -134 -133 +19 +20 +21 +22 +23 +24 +25 +26 +27 +28 +29 +30 +31 +32 +40 +41 +44 +45 +56 +57 +58 +59 +60 +61 +62 +63 +66 +67 +68 +69 +70 +71 +72 +73 +74 +77 +78 +79 +80 +81 +82 +83 +84 -176 +85 +86 +87 +93 +94 +95 +96 +97 +98 +99 +100 +101 +102 +103 +104 +105 +106 +112 +113 +114 +115 +116 +117 +118 +121 +122 +123 +124 +125 +126 +127 +128 +129 +130 +131 +132 -17 -16 -15 +145 +147 +148 +149 +150 +151 +152 +153 +156 +157 +158 +159 +160 +161 +162 +163 @
>CP011415
+1 +3 +4 +5 +6 +7 +8 +11 +12 +13 +14 +15 +16 +17 -132 -131 -130 -129 -128 -127 -126 -125 -124 -123 -122 -121 -116 -115 -114 -113 -112 -106 -105 -104 -103 -102 -101 -100 -99 -98 -97 -96 -95 -94 -93 -87 -86 -85 +176 -84 -83 +62 +63 +66 +67 +68 +69 +70 +72 +73 +74 +75 +76 +77 +78 +79 +80 +81 +82 -61 -60 -59 -58 -57 -56 -45 -44 -41 -40 -32 -31 -30 -29 -28 -27 -26 -25 -24 -23 -22 -21 -20 -19 +133 +134 +135 +136 +137 +138 +139 +140 +142 +144 +145 +147 +148 +149 +150 +151 +152 +153 +156 +157 +158 +159 +160 +161 +162 +163 @
>CP010450
+1 +3 +4 +5 +6 +7 +8 +11 +12 +13 +14 +15 +16 +17 -132 -131 -130 -129 -128 -127 -126 -125 -124 -123 -122 -121 -118 -117 -116 -115 -114 -113 -112 -106 -105 -104 -103 -102 -101 -100 -99 -98 -97 -96 -95 -94 -93 -87 -86 -85 +176 -84 -83 -82 -81 -80 -79 -78 -77 -76 -75 -74 -73 -72 -71 -70 -69 -68 -67 -66 -63 -62 -61 -60 -59 -58 -57 -56 -45 -44 -41 -40 -32 -31 -30 -29 -28 -27 -26 -25 -24 -23 -22 -21 -20 -19 +133 +134 +135 +136 +137 +138 +139 +140 +142 +144 +145 +147 +148 +149 +150 +151 +152 +153 +156 +157 +158 +159 +160 +161 +162 +163 @
>AE004092
+1 +3 +4 +5 +6 +7 +8 +11 +12 +13 +14 +15 +16 +17 -132 -131 -130 -129 -128 -127 -126 -125 -124 -123 -122 -121 -118 -117 -116 -115 -114 -113 -112 -106 -105 -104 -103 -102 -101 -100 -99 -98 -97 -96 -95 -94 -93 -87 -86 -85 +176 -84 -83 -82 -81 -80 -79 -78 -77 -76 -75 -74 -73 -72 -71 -70 -69 -68 -67 -66 -63 -62 -61 -60 -59 -58 -57 -56 -45 -44 -41 -40 -32 -31 -30 -29 -28 -27 -26 -25 -24 -23 -22 -21 -20 -19 +133 +134 +135 +136 +137 +138 +139 +140 +142 +144 +145 +147 +148 +149 +150 +151 +152 +153 +156 +157 +158 +159 +160 +161 +162 +163 @
>CP007240
+1 +3 +4 +5 +6 +7 +8 +11 +12 +13 +14 +15 +16 +17 -132 -131 -130 -129 -128 -127 -126 -125 -124 -123 -122 -121 -118 -117 -116 -115 -114 -113 -112 -106 -105 -104 -103 -102 -101 -100 -99 -98 -97 -96 -95 -94 -93 -87 -86 -85 +176 -84 -83 -82 -81 -80 -79 -78 -77 -76 -75 -74 -73 -72 -71 -70 -69 -68 -67 -66 -63 -62 -61 -60 -59 -58 -57 -56 -45 -44 -41 -40 -32 -31 -30 -29 -28 -27 -26 -25 -24 -23 -22 -21 -20 -19 +133 +134 +135 +136 +137 +138 +139 +140 +142 +144 +145 +147 +148 +149 +150 +151 +152 +153 +156 +157 +158 +159 +160 +161 +162 +163 @
>CP000056
+1 +3 +4 +5 +6 +7 +8 +11 +12 +13 +14 +15 +16 +17 -132 -131 -130 -129 -128 -127 -126 -125 -124 -123 -122 -121 -118 -117 -116 -115 -114 -113 -112 -106 -105 -104 -103 -102 -101 -100 -99 -98 -97 -96 -95 -94 -93 -87 -86 -85 +176 -84 -83 -82 -81 -80 -79 -78 -77 -76 -75 -74 -73 -72 -71 -70 -69 -68 -67 -66 -63 -62 -61 -60 -59 -58 -57 -56 -45 -44 -41 -40 -32 -31 -30 -29 -28 -27 -26 -25 -24 -23 -22 -21 -20 -19 +133 +134 +135 +136 +137 +138 +139 +140 +142 +144 +145 +147 +148 +149 +150 +151 +152 +153 +156 +157 +158 +159 +160 +161 +162 +163 @
>AP014585
+1 +3 +4 +5 +6 +7 +8 +11 +12 +13 +14 +15 +16 +17 -132 -131 -130 -129 -128 -127 -126 -125 -124 -123 -122 -121 -118 -117 -116 -115 -114 -113 -112 -106 -105 -104 -103 -102 -101 -100 -99 -98 -97 -96 -95 -94 -93 -87 -86 -85 +176 -84 -83 -82 -81 -80 -79 -78 -77 -76 -75 -74 -73 -72 -71 -70 -69 -68 -67 -66 -63 -62 -61 -60 -59 -58 -57 -56 -45 -44 -41 -40 -32 -31 -30 -29 -28 -27 -26 -25 -24 -23 -22 -21 -20 -19 +133 +136 +137 +138 +139 +140 +142 +144 +145 +147 +148 +149 +150 +151 +152 +153 +156 +157 +158 +159 +160 +161 +162 +163 @
>CP000003
+1 +3 +4 +5 +6 +7 +8 +11 +12 +13 +14 +15 +16 +17 -132 -131 -130 -129 -128 -127 -126 -125 -124 -123 -122 -121 -116 -115 -114 -113 -112 -106 -105 -104 -103 -102 -101 -100 -99 -98 -97 -96 -95 -94 -93 -87 -86 -85 +176 -84 -83 -82 -81 -80 -79 -78 -77 -76 -75 -74 -73 -70 -69 -68 -67 -66 -63 -62 -61 -60 -59 -58 -57 -56 -45 -44 -41 -40 -32 -31 -30 -29 -28 -27 -26 -25 -24 -23 -22 -21 -20 -19 +133 +134 +135 +136 +137 +138 +139 +140 +142 +144 +145 +147 +148 +149 +150 +151 +152 +153 +156 +157 +158 +159 +160 +161 +162 +163 @
>CP014139
+1 +3 +4 +5 +6 +7 +8 +11 +12 +13 +14 +15 +16 +17 +19 +20 +21 +22 +23 +24 +25 +26 +27 +28 +29 +30 +31 +32 +40 +41 +44 +45 +56 +57 +58 +59 +60 +61 +62 +63 +66 +67 +68 +69 +70 +71 +72 +73 +74 +75 +76 +77 +78 +79 +80 +81 +82 +83 +84 -176 +85 +86 +87 +93 +94 +95 +96 +97 +98 +99 +100 +101 +102 +103 +104 +105 +106 +112 +113 +114 +115 +116 +117 +118 +121 +122 +123 +124 +125 +126 +127 +128 +129 +130 +131 +132 +133 +134 +135 +136 +137 +138 +139 +140 +142 +144 +145 +147 +148 +149 +150 +151 +152 +153 +156 +157 +158 +159 +160 +161 +162 +163 @
>CP003121
+1 +3 +4 +5 +6 +7 +8 +11 +12 +13 +14 +15 +16 +17 -132 -131 -130 -129 -128 -127 -126 -125 -124 -123 -122 -121 -118 -117 -116 -115 -114 -113 -112 -106 -105 -104 -103 -102 -101 -100 -99 -98 -97 -96 -95 -94 -93 -87 -86 -85 +176 -84 -83 -82 -81 -80 -79 -78 -77 -76 -75 -74 -73 -72 -70 -69 -68 -67 -66 -63 -62 -61 -60 -59 -58 -57 -56 -45 -44 -41 -40 -32 -31 -30 -29 -28 -27 -26 -25 -24 -23 -22 -21 -20 -19 +133 +134 +135 +136 +137 +138 +139 +140 +142 +144 +145 +147 +148 +149 +150 +151 +152 +153 +156 +157 +158 +159 +160 +161 +162 +163 @
