>CP009010
+1 +2 +3 +4 +5 +6 +8 +9 +11 +12 +13 +14 +15 +16 +17 +18 +19 +20 +21 +22 +23 +24 +25 +26 +27 +28 +29 +30 +31 +32 +33 +36 +37 +38 +39 +40 +41 +42 +44 +45 +46 +47 +48 +49 +51 +52 +53 +54 +56 +57 +58 +59 +60 +61 +62 +63 +64 +65 +66 +67 +68 +71 +72 +73 +83 +84 +85 +86 +87 +88 +89 +90 +91 +93 +94 +95 +96 +97 +98 +101 +102 +103 +104 +105 +106 +107 +108 +109 +110 +111 +112 +114 +116 +117 +119 +120 +121 +122 +123 +124 +125 +126 +127 +128 +153 +154 +155 +156 +157 +158 +159 +160 +161 +162 +163 +164 +165 +166 +167 +169 +170 +171 +172 +173 +174 +176 +177 +178 +179 +184 +185 +186 +187 +188 +189 +190 +191 +192 +193 +194 +195 +196 +197 +199 +200 +201 +202 +203 +204 +205 +206 +207 +208 +211 +212 +213 +214 +215 +218 +220 +225 +228 +229 +230 +231 +232 +233 +234 +235 +236 +237 +238 +239 +240 +241 +242 +244 +245 +246 +247 +248 +249 +250 +251 +252 +255 +256 +257 +258 +259 +260 +261 +262 +263 +264 +265 +266 +267 +276 +277 +278 +279 +280 +281 +283 +284 @
>CP009001
+1 +2 +3 +4 +5 +6 +8 +9 +11 +12 +13 +14 +15 +16 +17 +18 +19 +20 +21 +22 +23 +24 +25 +26 +27 +28 +29 +30 +31 +32 +33 +36 +37 +38 +39 +40 +41 +42 +44 +45 +46 +47 +48 +49 +51 +52 +53 +54 +56 +57 +58 +59 +60 +61 +62 +63 +64 +65 +66 +67 +68 +71 +72 +73 +83 +84 +85 +86 +87 +88 +89 +90 +91 +93 +94 +95 +96 +97 +98 +101 +102 +103 +104 +105 +106 +107 +108 +109 +110 +111 +112 +114 +116 +117 +119 +120 +121 +122 +123 +124 +125 +126 +127 +128 +153 +154 +155 +156 +157 +158 +159 +160 +161 +162 +163 +164 +165 +166 +167 +169 +170 +171 +172 +173 +174 +176 +177 +178 +179 +184 +185 +186 +187 +188 +189 +190 +191 +192 +193 +194 +195 +196 +197 +199 +200 +201 +202 +203 +204 +205 +206 +207 +208 +211 +212 +213 +214 +215 +218 +220 +225 +228 +229 +230 +231 +232 +233 +234 +235 +236 +237 +238 +239 +240 +241 +242 +244 +245 +246 +247 +248 +249 +250 +251 +252 +255 +256 +257 +258 +259 +260 +261 +262 +263 +264 +265 +266 +267 +276 +277 +278 +279 +280 +281 +283 +284 @
>CP009016
+1 +2 +3 +4 +5 +6 +8 +9 +11 +12 +13 +14 +15 +16 +17 +18 +19 +20 +21 +22 +23 +24 +25 +26 +27 +28 +29 +30 +31 +32 +33 +36 +37 +38 +39 +40 +41 +42 +44 +45 +46 +47 +48 +49 +51 +52 +53 +54 +56 +57 +58 +59 +60 +61 +62 +63 +64 +65 +66 +67 +68 +71 +72 +73 +83 +84 +85 +86 +87 +88 +89 +90 +91 +93 +94 +95 +96 +97 +98 +101 +102 +103 +104 +105 +106 +107 +108 +109 +110 +111 +112 +114 +116 +117 +119 +120 +121 +122 +123 +124 +125 +126 +127 +128 +153 +154 +155 +156 +157 +158 +159 +160 +161 +162 +163 +164 +165 +166 +167 +169 +170 +171 +172 +173 +174 +176 +177 +178 +179 +184 +185 +186 +187 +188 +189 +190 +191 +192 +193 +194 +195 +196 +197 +199 +200 +201 +202 +203 +204 +205 +206 +207 +208 +211 +212 +213 +214 +215 +218 +220 +225 +228 +229 +230 +231 +232 +233 +234 +235 +236 +237 +238 +239 +240 +241 +242 +244 +245 +246 +247 +248 +249 +250 +251 +252 +255 +256 +257 +258 +259 +260 +261 +262 +263 +264 +265 +266 +267 +276 +277 +278 +279 +280 +281 +283 +284 @
>CP009019
+1 +2 +3 +4 +5 +6 +8 +9 +11 +12 +13 +14 +15 +16 +17 +18 +19 +20 +21 +22 +23 +24 +25 +26 +27 +28 +29 +30 +31 +32 +33 +36 +37 +38 +39 +40 +41 +42 +44 +45 +46 +47 +48 +49 +51 +52 +53 +54 +56 +57 +58 +59 +60 +61 +62 +63 +64 +65 +66 +67 +68 +71 +72 +73 +83 +84 +85 +86 +87 +88 +89 +90 +91 +93 +94 +95 +96 +97 +98 +101 +102 +103 +104 +105 +106 +107 +108 +109 +110 +111 +112 +114 +116 +117 +119 +120 +121 +122 +123 +124 +125 +126 +127 +128 +153 +154 +155 +156 +157 +158 +159 +160 +161 +162 +163 +164 +165 +166 +167 +169 +170 +171 +172 +173 +174 +176 +177 +178 +179 +184 +185 +186 +187 +188 +189 +190 +191 +192 +193 +194 +195 +196 +197 +199 +200 +201 +202 +203 +204 +205 +206 +207 +208 +211 +212 +213 +214 +215 +218 +220 +225 +228 +229 +230 +231 +232 +233 +234 +235 +236 +237 +238 +239 +240 +241 +242 +244 +245 +246 +247 +248 +249 +250 +251 +252 +255 +256 +257 +258 +259 +260 +261 +262 +263 +264 +265 +266 +267 +276 +277 +278 +279 +280 +281 +283 +284 @
>CP003778
+1 +2 +3 -276 -267 -266 -265 -264 -263 -262 -261 -260 -259 -258 -257 -256 -255 -280 -279 -278 -277 +4 +5 +6 +8 +9 +11 +12 +13 +14 +15 +16 +17 +18 +19 +20 +21 +22 +23 +24 +25 +26 +27 +28 +29 +30 +31 +32 +33 -229 -228 -225 -218 -215 -214 -213 -212 -211 +56 +57 +58 +59 +60 +61 +62 +63 +64 +65 +66 +67 -186 -185 -184 -128 -127 -126 -125 -124 -123 -122 -121 -120 -119 -117 -116 +153 +154 +155 +156 +157 +158 +159 +160 +161 +162 +163 +164 +165 +166 +167 +169 +170 +171 +172 +173 +174 -91 -90 -89 -88 -87 -114 -112 -111 -110 -109 -108 -107 -106 -105 -104 -103 -102 -101 -98 -97 -96 -95 -94 -93 +176 +177 +178 +179 -86 -85 -84 -83 -73 -72 -71 -68 +187 +188 +189 +190 +191 +192 +193 +194 +195 +196 +197 +199 +200 +201 +202 +203 +204 +205 +206 +207 +208 -54 -53 -52 -51 -49 -48 -47 -46 -45 -44 -42 -41 -40 -39 -38 -37 -36 +220 +230 +231 +232 +233 +234 +235 +236 +237 +238 +239 +240 +241 +242 +244 +245 +246 +247 +248 +249 +250 +251 +252 +281 +283 +284 @
>CP009022
+1 +2 +3 +4 +5 +6 +8 +9 +11 +12 +13 +14 +15 +16 +17 +18 +19 +20 +21 +22 +23 +24 +25 +26 +27 +28 +29 +30 +31 +32 +33 +36 +37 +38 +39 +40 +41 +42 +44 +45 +46 +47 +48 +49 +51 +52 +53 +54 +56 +57 +58 +59 +60 +61 +62 +63 +64 +65 +66 +67 +68 +71 +72 +73 +83 +84 +85 +86 +87 +88 +89 +90 +91 +93 +94 +95 +96 +97 +98 +101 +102 +103 +104 +105 +106 +107 +108 +109 +110 +111 +112 +114 +116 +117 +119 +120 +121 +122 +123 +124 +125 +126 +127 +128 +153 +154 +155 +156 +157 +158 +159 +160 +161 +162 +163 +164 +165 +166 +167 +169 +170 +171 +172 +173 +174 +176 +177 +178 +179 +184 +185 +186 +187 +188 +189 +190 +191 +192 +193 +194 +195 +196 +197 +199 +200 +201 +202 +203 +204 +205 +206 +207 +208 +211 +212 +213 +214 +215 +218 +220 +225 +228 +229 +230 +231 +232 +233 +234 +235 +236 +237 +238 +239 +240 +241 +242 +244 +245 +246 +247 +248 +249 +250 +251 +252 +255 +256 +257 +258 +259 +260 +261 +262 +263 +264 +265 +266 +267 +276 +277 +278 +279 +280 +281 +283 +284 @
>CM007619
-94 -93 -91 -90 -89 -88 -87 -86 -85 -84 -83 -73 -72 -71 -68 -67 -66 -65 -64 -63 -62 -61 -60 -59 -58 -57 -56 -54 -53 -52 -51 -49 -48 -47 -46 -45 -44 -42 -41 -40 -39 -38 -37 -36 -33 -32 -31 -30 -29 -28 -27 -26 -25 -24 -23 -22 -21 -20 -19 -18 -17 -16 -15 -14 -13 -12 -11 -9 -8 -6 -5 -4 -3 -2 -1 -284 -283 -281 -280 -279 -278 -277 -276 -267 -266 -265 -264 -263 -262 -261 -260 -259 -258 -257 -256 -255 -252 -251 -250 -249 -248 -247 -246 -245 -244 -242 -241 -240 -239 -238 -237 -236 -235 -234 -233 -232 -231 -230 -229 -228 -225 -220 -218 -215 -214 -213 -212 -211 -208 -207 -206 -205 -204 -203 -202 -201 -200 -199 -197 -196 -195 -194 -193 -192 -191 -190 -189 -188 -187 -186 -185 -184 -179 -178 -177 -176 -174 -173 -172 -171 -170 -169 -167 -166 -165 -164 -163 -162 -161 -160 -159 -158 -157 -156 -155 -154 -153 -128 -127 -126 -125 -124 -123 -122 -121 -120 -119 -117 -116 -114 -112 -111 -110 -109 -108 -107 -106 -105 -104 -103 -102 -101 -98 -97 -96 -95 @
>CP009013
+1 +2 +3 +4 +5 +6 +8 +9 +11 +12 +13 +14 +15 +16 +17 +18 +19 +20 +21 +22 +23 +24 +25 +26 +27 +28 +29 +30 +31 +32 +33 +36 +37 +38 +39 +40 +41 +42 +44 +45 +46 +47 +48 +49 +51 +52 +53 +54 +56 +57 +58 +59 +60 +61 +62 +63 +64 +65 +66 +67 +68 +71 +72 +73 +83 +84 +85 +86 +87 +88 +89 +90 +91 +93 +94 +95 +96 +97 +98 +101 +102 +103 +104 +105 +106 +107 +108 +109 +110 +111 +112 +114 +116 +117 +119 +120 +121 +122 +123 +124 +125 +126 +127 +128 +153 +154 +155 +156 +157 +158 +159 +160 +161 +162 +163 +164 +165 +166 +167 +169 +170 +171 +172 +173 +174 +176 +177 +178 +179 +184 +185 +186 +187 +188 +189 +190 +191 +192 +193 +194 +195 +196 +197 +199 +200 +201 +202 +203 +204 +205 +206 +207 +208 +211 +212 +213 +214 +215 +218 +220 +225 +228 +229 +230 +231 +232 +233 +234 +235 +236 +237 +238 +239 +240 +241 +242 +244 +245 +246 +247 +248 +249 +250 +251 +252 +255 +256 +257 +258 +259 +260 +261 +262 +263 +264 +265 +266 +267 +276 +277 +278 +279 +280 +281 +283 +284 @
>CM007622
+102 +103 +104 +105 +106 +107 +108 +109 +110 +111 +112 +114 +116 +117 +119 +120 +121 +122 +123 +124 +125 +126 +127 +128 +153 +154 +155 +156 +157 +158 +159 +160 +161 +162 +163 +164 +165 +166 +167 +169 +170 +171 +172 +173 +174 +176 +177 +178 +179 +184 +185 +186 +187 +188 +189 +190 +191 +192 +193 +194 +195 +196 +197 +199 +200 +201 +202 +203 +204 +205 +206 +207 +208 +211 +212 +213 +214 +215 +218 +220 +225 +228 +229 +230 +231 +232 +233 +234 +235 +236 +237 +238 +239 +240 +241 +242 +244 +245 +246 +247 +248 +249 +250 +251 +252 +255 +256 +257 +258 +259 +260 +261 +262 +263 +264 +265 +266 +267 +276 +277 +278 +279 +280 +281 +283 +284 +1 +2 +3 +4 +5 +6 +8 +9 +11 +12 +13 +14 +15 +16 +17 +18 +19 +20 +21 +22 +23 +24 +25 +26 +27 +28 +29 +30 +31 +32 +33 +36 +37 +38 +39 +40 +41 +42 +44 +45 +46 +47 +48 +49 +51 +52 +53 +54 +56 +57 +58 +59 +60 +61 +62 +63 +64 +65 +66 +67 +68 +71 +72 +73 +83 +84 +85 +86 +87 +88 +89 +90 +91 +93 +94 +95 +96 +97 +98 +101 @
>LN590509
+1 +2 +3 +4 +5 +6 +8 -283 +9 +15 +16 +17 +18 +19 +20 +21 +22 +23 +24 +25 +26 +27 +28 +29 +30 +31 +32 +33 +36 +37 +38 +39 +40 +41 +42 +44 +45 +46 +47 +48 +49 +51 +52 +53 +54 +56 +57 +58 +59 +60 +61 +62 +63 +64 +65 +66 +67 +68 +71 +72 +73 +83 +84 +85 +86 +87 +88 +89 +90 +91 +93 +94 +95 +96 +97 +98 +101 +102 +107 +108 +109 +110 +111 +112 +114 +116 +117 +119 +120 +121 +122 +123 +124 +125 +126 +127 +153 +154 +155 +156 +157 +158 +159 +160 -128 +161 +162 +163 +164 +165 +166 +167 +169 +170 +171 +172 +173 +174 +176 +178 +179 +184 +185 +186 +187 +188 +189 +190 +191 +192 +193 +194 +195 +196 +197 +199 +200 +201 +202 +203 +204 +205 +206 +207 +208 +211 +212 +213 +214 +215 +218 +220 +228 +229 +230 +231 +232 +233 +234 +235 +236 +237 +238 +239 +240 +241 +242 +244 +245 +246 +247 +248 +249 +250 +251 +252 +255 +256 +257 +258 +259 +260 +262 +263 +264 -14 -13 -12 -11 +265 +266 +267 +276 +277 +278 +279 +280 +281 +284 +103 +104 +105 +261 -106 +225 +177 @
>CP009025
+1 +2 +3 +4 +5 +6 +8 +9 +11 +12 +13 +14 +15 +16 +17 +18 +19 +20 +21 +22 +23 +24 +25 +26 +27 +28 +29 +30 +31 +32 +33 +36 +37 +38 +39 +40 +41 +42 +44 +45 +46 +47 +48 +49 +51 +52 +53 +54 +56 +57 +58 +59 +60 +61 +62 +63 +64 +65 +66 +67 +68 +71 +72 +73 +83 +84 +85 +86 +87 +88 +89 +90 +91 +93 +94 +95 +96 +97 +98 +101 +102 +103 +104 +105 +106 +107 +108 +109 +110 +111 +112 +114 +116 +117 +119 +120 +121 +122 +123 +124 +125 +126 +127 +128 +153 +154 +155 +156 +157 +158 +159 +160 +161 +162 +163 +164 +165 +166 +167 +169 +170 +171 +172 +173 +174 +176 +177 +178 +179 +184 +185 +186 +187 +188 +189 +190 +191 +192 +193 +194 +195 +196 +197 +199 +200 +201 +202 +203 +204 +205 +206 +207 +208 +211 +212 +213 +214 +215 +218 +220 +225 +228 +229 +230 +231 +232 +233 +234 +235 +236 +237 +238 +239 +240 +241 +242 +244 +245 +246 +247 +248 +249 +250 +251 +252 +255 +256 +257 +258 +259 +260 +261 +262 +263 +264 +265 +266 +267 +276 +277 +278 +279 +280 +281 +283 +284 @
>CP009028
+1 +2 +3 +4 +5 +6 +8 +9 +11 +12 +13 +14 +15 +16 +17 +18 +19 +20 +21 +22 +23 +24 +25 +26 +27 +28 +29 +30 +31 +32 +33 +36 +37 +38 +39 +40 +41 +42 +44 +45 +46 +47 +48 +49 +51 +52 +53 +54 +56 +57 +58 +59 +60 +61 +62 +63 +64 +65 +66 +67 +68 +71 +72 +73 +83 +84 +85 +86 +87 +88 +89 +90 +91 +93 +94 +95 +96 +97 +98 +101 +102 +103 +104 +105 +106 +107 +108 +109 +110 +111 +112 +114 +116 +117 +119 +120 +121 +122 +123 +124 +125 +126 +127 +128 +153 +154 +155 +156 +157 +158 +159 +160 +161 +162 +163 +164 +165 +166 +167 +169 +170 +171 +172 +173 +174 +176 +177 +178 +179 +184 +185 +186 +187 +188 +189 +190 +191 +192 +193 +194 +195 +196 +197 +199 +200 +201 +202 +203 +204 +205 +206 +207 +208 +211 +212 +213 +214 +215 +218 +220 +225 +228 +229 +230 +231 +232 +233 +234 +235 +236 +237 +238 +239 +240 +241 +242 +244 +245 +246 +247 +248 +249 +250 +251 +252 +255 +256 +257 +258 +259 +260 +261 +262 +263 +264 +265 +266 +267 +276 +277 +278 +279 +280 +281 +283 +284 @
>CP009007
+1 +2 +3 +4 +5 +6 +8 +9 +11 +12 +13 +14 +15 +16 +17 +18 +19 +20 +21 +22 +23 +24 +25 +26 +27 +28 +29 +30 +31 +32 +33 +36 +37 +38 +39 +40 +41 +42 +44 +45 +46 +47 +48 +49 +51 +52 +53 +54 +56 +57 +58 +59 +60 +61 +62 +63 +64 +65 +66 +67 +68 +71 +72 +73 +83 +84 +85 +86 +87 +88 +89 +90 +91 +93 +94 +95 +96 +97 +98 +101 +102 +103 +104 +105 +106 +107 +108 +109 +110 +111 +112 +114 +116 +117 +119 +120 +121 +122 +123 +124 +125 +126 +127 +128 +153 +154 +155 +156 +157 +158 +159 +160 +161 +162 +163 +164 +165 +166 +167 +169 +170 +171 +172 +173 +174 +176 +177 +178 +179 +184 +185 +186 +187 +188 +189 +190 +191 +192 +193 +194 +195 +196 +197 +199 +200 +201 +202 +203 +204 +205 +206 +207 +208 +211 +212 +213 +214 +215 +218 +220 +225 +228 +229 +230 +231 +232 +233 +234 +235 +236 +237 +238 +239 +240 +241 +242 +244 +245 +246 +247 +248 +249 +250 +251 +252 +255 +256 +257 +258 +259 +260 +261 +262 +263 +264 +265 +266 +267 +276 +277 +278 +279 +280 +281 +283 +284 @
>CP009034
+1 +2 +3 -276 -267 -266 -265 -264 -263 -262 -261 -260 -259 -258 -257 -256 -255 -280 -279 -278 -277 +4 +5 +6 +8 +9 +11 +12 +13 +14 +15 +16 +17 +18 +19 +20 +21 +22 +23 +24 +25 +26 +27 +28 +29 +30 +31 +32 +33 -229 -228 -225 -218 -215 -214 -213 -212 -211 +56 +57 +58 +59 +60 +61 +62 +63 +64 +65 +66 +67 -186 -185 -184 -128 -127 -126 -125 -124 -123 -122 -121 -120 -119 -117 -116 +153 +154 +155 +156 +157 +158 +159 +160 +161 +162 +163 +164 +165 +166 +167 +169 +170 +171 +172 +173 +174 -91 -90 -89 -88 -87 -114 -112 -111 -110 -109 -108 -107 -106 -105 -104 -103 -102 -101 -98 -97 -96 -95 -94 -93 +176 +177 +178 +179 -86 -85 -84 -83 -73 -72 -71 -68 +187 +188 +189 +190 +191 +192 +193 +194 +195 +196 +197 +199 +200 +201 +202 +203 +204 +205 +206 +207 +208 -54 -53 -52 -51 -49 -48 -47 -46 -45 -44 -42 -41 -40 -39 -38 -37 -36 +220 +230 +231 +232 +233 +234 +235 +236 +237 +238 +239 +240 +241 +242 +244 +245 +246 +247 +248 +249 +250 +251 +252 +281 +283 +284 @
>CP011827
+1 +2 +3 +4 +5 +6 +8 +9 +11 +12 +13 +14 +15 +16 +17 +18 +19 +20 +21 +22 +23 +24 +25 +26 +27 +28 +29 +30 +31 +32 +33 +36 +37 +38 +39 +40 +41 +42 +44 +45 +46 +47 +48 +49 +51 +52 +53 +54 +56 +57 +58 +59 +60 +61 +62 +63 +64 +65 +66 +67 +68 +71 +72 +73 +83 +84 +85 +86 +87 +88 +89 +90 +91 +93 +94 +95 +96 +97 +98 +101 +102 +103 +104 +105 +106 +107 +108 +109 +110 +111 +112 +114 +116 +117 +119 +120 +121 +122 +123 +124 +125 +126 +127 +128 +153 +154 +155 +156 +157 +158 +159 +160 +161 +162 +163 +164 +165 +166 +167 +169 +170 +171 +172 +173 +174 +176 +177 +178 +179 +184 +185 +186 +187 +188 +189 +190 +191 +192 +193 +194 +195 +196 +197 +199 +200 +201 +202 +203 +204 +205 +206 +207 +208 +211 +212 +213 +214 +215 +218 +220 +225 +228 +229 +230 +231 +232 +233 +234 +235 +236 +237 +238 +239 +240 +241 +242 +244 +245 +246 +247 +248 +249 +250 +251 +252 +255 +256 +257 +258 +259 +260 +261 +262 +263 +264 +265 +266 +267 +276 +277 +278 +279 +280 +281 +283 +284 @
>CP009031
+1 +2 +3 -276 -267 -266 -265 -264 -263 -262 -261 -260 -259 -258 -257 -256 -255 -280 -279 -278 -277 +4 +5 +6 +8 +9 +11 +12 +13 +14 +15 +16 +17 +18 +19 +20 +21 +22 +23 +24 +25 +26 +27 +28 +29 +30 +31 +32 +33 -229 -228 -225 -218 -215 -214 -213 -212 -211 +56 +57 +58 +59 +60 +61 +62 +63 +64 +65 +66 +67 -186 -185 -184 -128 -127 -126 -125 -124 -123 -122 -121 -120 -119 -117 -116 +153 +154 +155 +156 +157 +158 +159 +160 +161 +162 +163 +164 +165 +166 +167 +169 +170 +171 +172 +173 +174 -91 -90 -89 -88 -87 -114 -112 -111 -110 -109 -108 -107 -106 -105 -104 -103 -102 -101 -98 -97 -96 -95 -94 -93 +176 +177 +178 +179 -86 -85 -84 -83 -73 -72 -71 -68 +187 +188 +189 +190 +191 +192 +193 +194 +195 +196 +197 +199 +200 +201 +202 +203 +204 +205 +206 +207 +208 -54 -53 -52 -51 -49 -48 -47 -46 -45 -44 -42 -41 -40 -39 -38 -37 -36 +220 +230 +231 +232 +233 +234 +235 +236 +237 +238 +239 +240 +241 +242 +244 +245 +246 +247 +248 +249 +250 +251 +252 +281 +283 +284 @
>CP018854
+263 +264 +265 +266 +267 +276 +277 +278 +279 +280 +281 +283 +284 +1 +2 +3 +4 +5 +6 +8 +9 +11 +12 +13 +14 +15 +16 +17 +18 +19 +20 +21 +22 +23 +24 +25 +26 +27 +28 +29 +30 +31 +32 +33 +36 +37 +38 +39 +40 +41 +42 +44 +45 +46 +47 +48 +49 +51 +52 +53 +54 +56 +57 +58 +59 +60 +61 +62 +63 +64 +65 +66 +67 +68 +71 +72 +73 +83 +84 +85 +86 +87 +88 +89 +90 +91 +93 +94 +95 +96 +97 +98 +101 +102 +103 +104 +105 +106 +107 +108 +109 +110 +111 +112 +114 +116 +117 +119 +120 +121 +122 +123 +124 +125 +126 +127 +128 +153 +154 +155 +156 +157 +158 +159 +160 +161 +162 +163 +164 +165 +166 +167 +169 +170 +171 +172 +173 +174 +176 +177 +178 +179 +184 +185 +186 +187 +188 +189 +190 +191 +192 +193 +194 +195 +196 +197 +199 +200 +201 +202 +203 +204 +205 +206 +207 +208 +211 +212 +213 +214 +215 +218 +220 +225 +228 +229 +230 +231 +232 +233 +234 +235 +236 +237 +238 +239 +240 +241 +242 +244 +245 +246 +247 +248 +249 +250 +251 +252 +255 +256 +257 +258 +259 +260 +261 +262 @
>AE008923
+1 +2 +3 +4 +5 +6 +8 +9 +11 +12 +13 +14 +15 +16 +17 +18 +19 +20 +21 +22 +23 +24 +25 +26 +27 +28 +29 +30 +31 +32 +33 +36 +37 +38 +39 +40 +41 +42 +44 +45 +46 +47 +48 +49 +51 +52 +53 +54 +56 +57 +58 +59 +60 +61 +62 +63 +64 +65 +66 +67 +68 +71 +72 +73 +83 +84 +85 +86 +87 +88 +89 +90 +91 +93 +94 +95 +96 +97 +98 +101 +102 +103 +104 +105 +106 +107 +108 +109 +110 +111 +112 +114 +116 +117 +119 +120 +121 +122 +123 +124 +125 +126 +127 +128 +153 +154 +155 +156 +157 +158 +159 +160 +161 +162 +163 +164 +165 +166 +167 +169 +170 +171 +172 +173 +174 +176 +177 +178 +179 +184 +185 +186 +187 +188 +189 +190 +191 +192 +193 +194 +195 +196 +197 +199 +200 +201 +202 +203 +204 +205 +206 +207 +208 +211 +212 +213 +214 +215 +218 +220 +225 +228 +229 +230 +231 +232 +233 +234 +235 +236 +237 +238 +239 +240 +241 +242 +244 +245 +246 +247 +248 +249 +250 +251 +252 +255 +256 +257 +258 +259 +260 +261 +262 +263 +264 +265 +266 +267 +276 +277 +278 +279 +280 +281 +283 +284 @
>CP018847
-21 -20 -19 -18 -17 -16 -15 -14 -13 -12 -11 -9 -8 -6 -5 -4 -3 -2 -1 -284 -283 -281 -280 -279 -278 -277 -276 -267 -266 -265 -264 -263 -262 -261 -260 -259 -258 -257 -256 -255 -252 -251 -250 -249 -248 -247 -246 -245 -244 -242 -241 -240 -239 -238 -237 -236 -235 -234 -233 -232 -231 -230 -229 -228 -225 -220 -218 -215 -214 -213 -212 -211 -208 -207 -206 -205 -204 -203 -202 -201 -200 -199 -197 -196 -195 -194 -193 -192 -191 -190 -189 -188 -187 -186 -185 -184 -179 -178 -177 -176 -174 -173 -172 -171 -170 -169 -167 -166 -165 -164 -163 -162 -161 -160 -159 -158 -157 -156 -155 -154 -153 -128 -127 -126 -125 -124 -123 -122 -121 -120 -119 -117 -116 -114 -112 -111 -110 -109 -108 -107 -106 -105 -104 -103 -102 -101 -98 -97 -96 -95 -94 -93 -91 -90 -89 -88 -87 -86 -85 -84 -83 -73 -72 -71 -68 -67 -66 -65 -64 -63 -62 -61 -60 -59 -58 -57 -56 -54 -53 -52 -51 -49 -48 -47 -46 -45 -44 -42 -41 -40 -39 -38 -37 -36 -33 -32 -31 -30 -29 -28 -27 -26 -25 -24 -23 -22 @
>CP018858
-201 -200 -199 -197 -196 -195 -194 -193 -192 -191 -190 -189 -188 -187 -186 -185 -184 -179 -178 -177 -176 -174 -173 -172 -171 -170 -169 -167 -166 -165 -164 -163 -162 -161 -160 -159 -158 -157 -156 -155 -154 -153 -128 -127 -126 -125 -124 -123 -122 -121 -120 -119 -117 -116 -114 -112 -111 -110 -109 -108 -107 -106 -105 -104 -103 -102 -101 -98 -97 -96 -95 -94 -93 -91 -90 -89 -88 -87 -86 -85 -84 -83 -73 -72 -71 -68 -67 -66 -65 -64 -63 -62 -61 -60 -59 -58 -57 -56 -54 -53 -52 -51 -49 -48 -47 -46 -45 -44 -42 -41 -40 -39 -38 -37 -36 -33 -32 -31 -30 -29 -28 -27 -26 -25 -24 -23 -22 -21 -20 -19 -18 -17 -16 -15 -14 -13 -12 -11 -9 -8 -6 -5 -4 -3 -2 -1 -284 -283 -281 -280 -279 -278 -277 -276 -267 -266 -265 -264 -263 -262 -261 -260 -259 -258 -257 -256 -255 -252 -251 -250 -249 -248 -247 -246 -245 -244 -242 -241 -240 -239 -238 -237 -236 -235 -234 -233 -232 -231 -230 -229 -228 -225 -220 -218 -215 -214 -213 -212 -211 -208 -207 -206 -205 -204 -203 -202 @
>CP009040
+1 +2 +3 -276 -267 -266 -265 -264 -263 -262 -261 -260 -259 -258 -257 -256 -255 -280 -279 -278 -277 +4 +5 +6 +8 +9 +11 +12 +13 +14 +15 +16 +17 +18 +19 +20 +21 +22 +23 +24 +25 +26 +27 +28 +29 +30 +31 +32 +33 -229 -228 -225 -218 -215 -214 -213 -212 -211 +56 +57 +58 +59 +60 +61 +62 +63 +64 +65 +66 +67 -186 -185 -184 -128 -127 -126 -125 -124 -123 -122 -121 -120 -119 -117 -116 +153 +154 +155 +156 +157 +158 +159 +160 +161 +162 +163 +164 +165 +166 +167 +169 +170 +171 +172 +173 +174 -91 -90 -89 -88 -87 -114 -112 -111 -110 -109 -108 -107 -106 -105 -104 -103 -102 -101 -98 -97 -96 -95 -94 -93 +176 +177 +178 +179 -86 -85 -84 -83 -73 -72 -71 -68 +187 +188 +189 +190 +191 +192 +193 +194 +195 +196 +197 +199 +200 +201 +202 +203 +204 +205 +206 +207 +208 -54 -53 -52 -51 -49 -48 -47 -46 -45 -44 -42 -41 -40 -39 -38 -37 -36 +220 +230 +231 +232 +233 +234 +235 +236 +237 +238 +239 +240 +241 +242 +244 +245 +246 +247 +248 +249 +250 +251 +252 +281 +283 +284 @
>CP009004
+1 +2 +3 +4 +5 +6 +8 +9 +11 +12 +13 +14 +15 +16 +17 +18 +19 +20 +21 +22 +23 +24 +25 +26 +27 +28 +29 +30 +31 +32 +33 +36 +37 +38 +39 +40 +41 +42 +44 +45 +46 +47 +48 +49 +51 +52 +53 +54 +56 +57 +58 +59 +60 +61 +62 +63 +64 +65 +66 +67 +68 +71 +72 +73 +83 +84 +85 +86 +87 +88 +89 +90 +91 +93 +94 +95 +96 +97 +98 +101 +102 +103 +104 +105 +106 +107 +108 +109 +110 +111 +112 +114 +116 +117 +119 +120 +121 +122 +123 +124 +125 +126 +127 +128 +153 +154 +155 +156 +157 +158 +159 +160 +161 +162 +163 +164 +165 +166 +167 +169 +170 +171 +172 +173 +174 +176 +177 +178 +179 +184 +185 +186 +187 +188 +189 +190 +191 +192 +193 +194 +195 +196 +197 +199 +200 +201 +202 +203 +204 +205 +206 +207 +208 +211 +212 +213 +214 +215 +218 +220 +225 +228 +229 +230 +231 +232 +233 +234 +235 +236 +237 +238 +239 +240 +241 +242 +244 +245 +246 +247 +248 +249 +250 +251 +252 +255 +256 +257 +258 +259 +260 +261 +262 +263 +264 +265 +266 +267 +276 +277 +278 +279 +280 +281 +283 +284 @
>CP018850
+101 +102 +103 +104 +105 +106 +107 +108 +109 +110 +111 +112 +114 +116 +117 +119 +120 +121 +122 +123 +124 +125 +126 +127 +128 +153 +154 +155 +156 +157 +158 +159 +160 +161 +162 +163 +164 +165 +166 +167 +169 +170 +171 +172 +173 +174 +176 +177 +178 +179 +184 +185 +186 +187 +188 +189 +190 +191 +192 +193 +194 +195 +196 +197 +199 +200 +201 +202 +203 +204 +205 +206 +207 +208 +211 +212 +213 +214 +215 +218 +220 +225 +228 +229 +230 +231 +232 +233 +234 +235 +236 +237 +238 +239 +240 +241 +242 +244 +245 +246 +247 +248 +249 +250 +251 +252 +255 +256 +257 +258 +259 +260 +261 +262 +263 +264 +265 +266 +267 +276 +277 +278 +279 +280 +281 +283 +284 +1 +2 +3 +4 +5 +6 +8 +9 +11 +12 +13 +14 +15 +16 +17 +18 +19 +20 +21 +22 +23 +24 +25 +26 +27 +28 +29 +30 +31 +32 +33 +36 +37 +38 +39 +40 +41 +42 +44 +45 +46 +47 +48 +49 +51 +52 +53 +54 +56 +57 +58 +59 +60 +61 +62 +63 +64 +65 +66 +67 +68 +71 +72 +73 +83 +84 +85 +86 +87 +88 +89 +90 +91 +93 +94 +95 +96 +97 +98 @
>CP008995
+1 +2 +3 +4 +5 +6 +8 +9 +11 +12 +13 +14 +15 +16 +17 +18 +19 +20 +21 +22 +23 +24 +25 +26 +27 +28 +29 +30 +31 +32 +33 +36 +37 +38 +39 +40 +41 +42 +44 +45 +46 +47 +48 +49 +51 +52 +53 +54 +56 +57 +58 +59 +60 +61 +62 +63 +64 +65 +66 +67 +68 +71 +72 +73 +83 +84 +85 +86 +87 +88 +89 +90 +91 +93 +94 +95 +96 +97 +98 +101 +102 +103 +104 +105 +106 +107 +108 +109 +110 +111 +112 +114 +116 +117 +119 +120 +121 +122 +123 +124 +125 +126 +127 +128 +153 +154 +155 +156 +157 +158 +159 +160 +161 +162 +163 +164 +165 +166 +167 +169 +170 +171 +172 +173 +174 +176 +177 +178 +179 +184 +185 +186 +187 +188 +189 +190 +191 +192 +193 +194 +195 +196 +197 +199 +200 +201 +202 +203 +204 +205 +206 +207 +208 +211 +212 +213 +214 +215 +218 +220 +225 +228 +229 +230 +231 +232 +233 +234 +235 +236 +237 +238 +239 +240 +241 +242 +244 +245 +246 +247 +248 +249 +250 +251 +252 +255 +256 +257 +258 +259 +260 +261 +262 +263 +264 +265 +266 +267 +276 +277 +278 +279 +280 +281 +283 +284 @
>CP009037
+1 +2 +3 -276 -267 -266 -265 -264 -263 -262 -261 -260 -259 -258 -257 -256 -255 -280 -279 -278 -277 +4 +5 +6 +8 +9 +11 +12 +13 +14 +15 +16 +17 +18 +19 +20 +21 +22 +23 +24 +25 +26 +27 +28 +29 +30 +31 +32 +33 -229 -228 -225 -218 -215 -214 -213 -212 -211 +56 +57 +58 +59 +60 +61 +62 +63 +64 +65 +66 +67 -186 -185 -184 -128 -127 -126 -125 -124 -123 -122 -121 -120 -119 -117 -116 +153 +154 +155 +156 +157 +158 +159 +160 +161 +162 +163 +164 +165 +166 +167 +169 +170 +171 +172 +173 +174 -91 -90 -89 -88 -87 -114 -112 -111 -110 -109 -108 -107 -106 -105 -104 -103 -102 -101 -98 -97 -96 -95 -94 -93 +176 +177 +178 +179 -86 -85 -84 -83 -73 -72 -71 -68 +187 +188 +189 +190 +191 +192 +193 +194 +195 +196 +197 +199 +200 +201 +202 +203 +204 +205 +206 +207 +208 -54 -53 -52 -51 -49 -48 -47 -46 -45 -44 -42 -41 -40 -39 -38 -37 -36 +220 +230 +231 +232 +233 +234 +235 +236 +237 +238 +239 +240 +241 +242 +244 +245 +246 +247 +248 +249 +250 +251 +252 +281 +283 +284 @
>LN606820
+1 +2 +3 +4 +5 +6 +8 +15 +16 +17 +18 +19 +20 +21 +22 +23 +24 -9 -14 -13 -12 -11 +25 +26 +27 +28 +29 +30 +31 +32 +33 +36 +37 +38 +39 +40 +41 +42 +44 +45 +46 +47 +48 +49 +51 +52 +53 +54 +56 +57 +58 +59 +60 +61 +62 +63 +64 +65 +66 +67 +68 +71 +72 +73 +83 +84 +85 +86 +87 +88 +89 +90 +91 +93 +94 +95 +96 +97 +98 +101 +102 +103 +104 +105 +106 +107 +108 +109 +110 +111 +112 +114 +116 +117 +119 +120 +121 +122 +123 +124 +125 +126 +127 +128 +153 +154 +155 +156 +157 +158 +159 +160 +161 +162 +163 +164 +165 +166 +167 +169 +170 +171 +172 +173 +174 +177 +176 +178 +179 +184 +185 +186 +187 +188 +189 +190 +191 +192 +193 +194 +195 +196 +197 +199 +200 +201 +202 +203 +204 +205 +206 +207 +208 +211 +212 +213 +214 +215 +218 +220 +225 +228 +229 +230 +231 +232 +233 +234 +235 +236 +237 +238 +239 +240 +241 +242 +244 +245 +246 +247 +248 +249 +250 +251 +252 +255 +256 +257 +258 +259 +260 +261 +262 +263 +264 +265 +266 +267 +276 +277 +278 +279 +280 +281 +283 +284 @
>CP008998
+1 +2 +3 +4 +5 +6 +8 +9 +11 +12 +13 +14 +15 +16 +17 +18 +19 +20 +21 +22 +23 +24 +25 +26 +27 +28 +29 +30 +31 +32 +33 +36 +37 +38 +39 +40 +41 +42 +44 +45 +46 +47 +48 +49 +51 +52 +53 +54 +56 +57 +58 +59 +60 +61 +62 +63 +64 +65 +66 +67 +68 +71 +72 +73 +83 +84 +85 +86 +87 +88 +89 +90 +91 +93 +94 +95 +96 +97 +98 +101 +102 +103 +104 +105 +106 +107 +108 +109 +110 +111 +112 +114 +116 +117 +119 +120 +121 +122 +123 +124 +125 +126 +127 +128 +153 +154 +155 +156 +157 +158 +159 +160 +161 +162 +163 +164 +165 +166 +167 +169 +170 +171 +172 +173 +174 +176 +177 +178 +179 +184 +185 +186 +187 +188 +189 +190 +191 +192 +193 +194 +195 +196 +197 +199 +200 +201 +202 +203 +204 +205 +206 +207 +208 +211 +212 +213 +214 +215 +218 +220 +225 +228 +229 +230 +231 +232 +233 +234 +235 +236 +237 +238 +239 +240 +241 +242 +244 +245 +246 +247 +248 +249 +250 +251 +252 +255 +256 +257 +258 +259 +260 +261 +262 +263 +264 +265 +266 +267 +276 +277 +278 +279 +280 +281 +283 +284 @
>CP020889
+192 +193 +194 +195 +196 +197 +199 +200 +201 +202 +203 +204 +205 +206 +207 +208 -54 -53 -52 -51 -49 -48 -47 -46 -45 -44 -42 -41 -40 -39 -38 -37 -36 +225 +228 +229 -33 -32 -31 -30 -29 -28 -27 -26 -25 -24 -23 -22 -21 -20 -19 +230 +231 +232 +233 +234 +235 +236 +237 +238 +239 +240 +241 +242 +244 +245 +246 +247 +248 +249 +250 +251 +252 +281 +283 +284 +1 +2 +3 -276 -267 -266 -265 -264 -263 -262 -261 -260 -259 -258 -257 -256 -255 -280 -279 -278 -277 +4 +5 +6 +8 +9 +11 +12 +13 +14 +15 +16 +17 +18 -220 -218 -215 -214 -213 -212 -211 +56 +57 +58 +59 +60 +61 +62 +63 +64 +65 +66 +67 +68 +71 +72 +73 +83 +84 +85 +86 -179 -178 -177 -176 -174 -173 -172 -171 -170 -169 -167 -166 -165 -164 -163 -162 -161 -160 -159 -158 -157 -156 -155 -154 -153 +116 +117 +119 +120 +121 +122 +123 +124 +125 +126 +127 +128 -114 -112 -111 -110 -109 -108 -107 -106 -105 -104 -103 -102 -101 -98 -97 -96 -95 -94 -93 -91 -90 -89 -88 -87 +184 +185 +186 +187 +188 +189 +190 +191 @
>CP023285
+281 +283 +284 +1 +2 +3 +4 +5 +6 +8 +9 +11 +12 +13 +14 +15 +16 +17 +18 +19 +20 +21 +22 +23 +24 +25 +26 +27 +28 +29 +30 +31 +32 +33 +36 +37 +38 +39 +40 +41 +42 +44 +45 +46 +47 +48 +49 +51 +52 +53 +54 +56 +57 +58 +59 +60 +61 +62 +63 +64 +65 +66 +67 +68 +71 +72 +73 +83 +84 +85 +86 +87 +88 +89 +90 +91 +93 +94 +95 +96 +97 +98 +101 +102 +103 +104 +105 +106 +107 +108 +109 +110 +111 +112 +114 +116 +117 +119 +120 +121 +122 +123 +124 +125 +126 +127 +128 +153 +154 +155 +156 +157 +158 +159 +160 +161 +162 +163 +164 +165 +166 +167 +169 +170 +171 +172 +173 +174 +176 +177 +178 +179 +184 +185 +186 +187 +188 +189 +190 +191 +192 +193 +194 +195 +196 +197 +199 +200 +201 +202 +203 +204 +205 +206 +207 +208 +211 +212 +213 +214 +215 +218 +220 +225 +228 +229 +230 +231 +232 +233 +234 +235 +236 +237 +238 +239 +240 +241 +242 +244 +245 +246 +247 +248 +249 +250 +251 +252 +255 +256 +257 +258 +259 +260 +261 +262 +263 +264 +265 +266 +267 +276 +277 +278 +279 +280 @
>CP020882
-4 +277 +278 +279 +280 +255 +256 +257 +258 +259 +260 +261 +262 +263 +264 +265 +266 +267 +276 -3 -2 -1 -284 -283 -281 -252 -251 -250 -249 -248 -247 -246 -245 -244 -242 -241 -240 -239 -238 -237 -236 -235 -234 -233 -232 -231 -230 -220 -218 -215 -214 -213 -212 -211 +56 +57 +58 +59 +60 +61 +62 +63 +64 +65 +66 +67 +68 +71 +72 +73 +83 +84 +85 +86 -179 -178 -177 -176 -174 -173 -172 -171 -170 -169 -167 -166 -165 -164 -163 -162 -161 -160 -159 -158 -157 -156 -155 -154 -153 +116 +117 +119 +120 +121 +122 +123 +124 +125 +126 +127 +128 -114 -112 -111 -110 -109 -108 -107 -106 -105 -104 -103 -102 -101 -98 -97 -96 -95 -94 -93 -91 -90 -89 -88 -87 +184 +185 +186 +187 +188 +189 +190 +191 +192 +193 +194 +195 +196 +197 +199 +200 +201 +202 +203 +204 +205 +206 +207 +208 -54 -53 -52 -51 -49 -48 -47 -46 -45 -44 -42 -41 -40 -39 -38 -37 -36 +225 +228 +229 -33 -32 -31 -30 -29 -28 -27 -26 -25 -24 -23 -22 -21 -20 -19 -18 -17 -16 -15 -14 -13 -12 -11 -9 -8 -6 -5 @
>CP008989
+1 +2 +3 +4 +5 +6 +8 +9 +11 +12 +13 +14 +15 +16 +17 +18 +19 +20 +21 +22 +23 +24 +25 +26 +27 +28 +29 +30 +31 +32 +33 +36 +37 +38 +39 +40 +41 +42 +44 +45 +46 +47 +48 +49 +51 +52 +53 +54 +56 +57 +58 +59 +60 +61 +62 +63 +64 +65 +66 +67 +68 +71 +72 +73 +83 +84 +85 +86 +87 +88 +89 +90 +91 +93 +94 +95 +96 +97 +98 +101 +102 +103 +104 +105 +106 +107 +108 +109 +110 +111 +112 +114 +116 +117 +119 +120 +121 +122 +123 +124 +125 +126 +127 +128 +153 +154 +155 +156 +157 +158 +159 +160 +161 +162 +163 +164 +165 +166 +167 +169 +170 +171 +172 +173 +174 +176 +177 +178 +179 +184 +185 +186 +187 +188 +189 +190 +191 +192 +193 +194 +195 +196 +197 +199 +200 +201 +202 +203 +204 +205 +206 +207 +208 +211 +212 +213 +214 +215 +218 +220 +225 +228 +229 +230 +231 +232 +233 +234 +235 +236 +237 +238 +239 +240 +241 +242 +244 +245 +246 +247 +248 +249 +250 +251 +252 +255 +256 +257 +258 +259 +260 +261 +262 +263 +264 +265 +266 +267 +276 +277 +278 +279 +280 +281 +283 +284 @
>CP020885
+40 +41 +42 +44 +45 +46 +47 +48 +49 +51 +52 +53 +54 +56 +57 +58 +59 +60 +61 +62 +63 +64 +65 +66 +67 +68 +71 +72 +73 -212 -211 -208 -207 -206 -205 -204 -203 -202 -201 -200 -199 -197 -196 -195 -194 -193 -192 -191 -190 -189 -188 -187 -186 -185 -184 -179 -178 -177 -176 -174 -173 -172 -171 -170 -169 -167 -166 -165 -164 -163 -162 -161 -160 -159 -158 -157 -156 -155 -154 -153 -128 -127 -126 -125 -124 -123 -122 -121 -120 -119 -117 -116 +213 +214 +215 +218 +220 -114 -112 -111 -110 -109 -108 -107 -106 -105 -104 -103 -102 -101 -98 -97 -96 -95 -94 -93 -91 -90 -89 -88 -87 -86 -85 -84 -83 +225 +228 +229 +230 +231 +232 +233 +234 +235 +236 +237 +238 +239 +240 +241 +242 +244 +245 +246 +247 +248 +249 +250 +251 +252 +255 -257 -256 +258 +259 +260 +261 +262 +263 +264 +265 +266 +267 +276 +277 +278 +279 +280 +281 +283 +284 +1 +2 +3 +4 +5 +6 +8 +9 +11 +12 +13 +14 +15 +16 +17 +18 +19 +20 +21 +22 +23 +24 +25 +26 +27 +28 +29 +30 +31 +32 +33 +36 +37 +38 +39 @
>CP008992
+1 +2 +3 +4 +5 +6 +8 +9 +11 +12 +13 +14 +15 +16 +17 +18 +19 +20 +21 +22 +23 +24 +25 +26 +27 +28 +29 +30 +31 +32 +33 +36 +37 +38 +39 +40 +41 +42 +44 +45 +46 +47 +48 +49 +51 +52 +53 +54 +56 +57 +58 +59 +60 +61 +62 +63 +64 +65 +66 +67 +68 +71 +72 +73 +83 +84 +85 +86 +87 +88 +89 +90 +91 +93 +94 +95 +96 +97 +98 +101 +102 +103 +104 +105 +106 +107 +108 +109 +110 +111 +112 +114 +116 +117 +119 +120 +121 +122 +123 +124 +125 +126 +127 +128 +153 +154 +155 +156 +157 +158 +159 +160 +161 +162 +163 +164 +165 +166 +167 +169 +170 +171 +172 +173 +174 +176 +177 +178 +179 +184 +185 +186 +187 +188 +189 +190 +191 +192 +193 +194 +195 +196 +197 +199 +200 +201 +202 +203 +204 +205 +206 +207 +208 +211 +212 +213 +214 +215 +218 +220 +225 +228 +229 +230 +231 +232 +233 +234 +235 +236 +237 +238 +239 +240 +241 +242 +244 +245 +246 +247 +248 +249 +250 +251 +252 +255 +256 +257 +258 +259 +260 +261 +262 +263 +264 +265 +266 +267 +276 +277 +278 +279 +280 +281 +283 +284 @
>CP006857
+1 +2 +3 +4 +5 +6 +8 +9 +11 +12 +13 +14 +15 +16 +17 +18 +19 +20 +21 +22 +23 +24 +25 +26 +27 +28 +29 +30 +31 +32 +33 +36 +37 +38 +39 +40 +41 +42 +44 +45 +46 +47 +48 +49 +51 +52 +53 +54 +56 +57 +58 +59 +60 +61 +62 +63 +64 +65 +66 +67 +68 +71 +72 +73 +83 +84 +85 +86 +87 +88 +89 +90 +91 +93 +94 +95 +96 +97 +98 +101 +102 +103 +104 +105 +106 +107 +108 +109 +110 +111 +112 +114 +116 +117 +119 +120 +121 +122 +123 +124 +125 +126 +127 +128 +153 +154 +155 +156 +157 +158 +159 +160 +161 +162 +163 +164 +165 +166 +167 +169 +170 +171 +172 +173 +174 +176 +177 +178 +179 +184 +185 +186 +187 +188 +189 +190 +191 +192 +193 +194 +195 +196 +197 +199 +200 +201 +202 +203 +204 +205 +206 +207 +208 +211 +212 +213 +214 +215 +218 +220 +225 +228 +229 +230 +231 +232 +233 +234 +235 +236 +237 +238 +239 +240 +241 +242 +244 +245 +246 +247 +248 +249 +250 +251 +252 +255 +256 +257 +258 +259 +260 +261 +262 +263 +264 +265 +266 +267 +276 +277 +278 +279 +280 +281 +283 +284 @
