>STPY.0321.00072
+1 +2 +3 +4 +5 +6 +7 +8 +9 +10 +11 +12 +13 +14 +15 +16 +17 +18 +19 +20 +21 +22 +23 +24 +25 +26 +27 +28 +30 +34 +35 +36 +37 +38 +39 +40 +41 +42 +45 +46 +47 +48 +49 +50 +51 +52 +53 +55 +56 +57 +58 +59 +60 +61 +62 +63 +64 +65 +66 +67 +68 +69 +70 +71 +72 +73 +74 +75 +76 +77 +78 +79 +80 +81 +82 +83 +84 +85 +86 +87 +88 +89 +90 +91 +92 +93 +94 +95 +96 +97 +98 +99 +100 +101 +102 +103 +104 @
>STPY.0321.00071
+1 +2 +3 +4 +5 +6 +7 +8 +9 +10 +11 +12 +13 +14 +15 +16 +17 +18 +19 +20 +21 +22 +23 +24 +25 +26 +27 +28 +30 +34 +35 +36 +37 +38 +39 +40 +41 +42 +45 +46 +47 +48 +49 +50 +51 +52 +53 +55 +56 +57 +58 +59 +60 +61 +62 +63 +64 +65 +66 +67 +68 +69 +70 +71 +72 +73 +74 +75 +76 +77 +78 +79 +80 +81 +82 +83 +84 +85 +86 +87 +88 +89 +90 +91 +92 +93 +94 +95 +96 +97 +98 +99 +100 +101 +102 +103 +104 @
>STPY.0321.00070
+1 +2 +3 +4 +5 +6 +7 +8 +9 +10 +11 +12 +13 +14 +15 +16 +17 +18 +19 +20 +21 +22 +23 +24 +25 +26 +27 +28 +30 +34 +35 +36 +37 +38 +39 +40 +41 +42 +45 +46 +47 +48 +49 +50 +51 +52 +53 +55 +56 +57 +58 +59 +60 +61 +62 +63 +64 +65 +66 +67 +68 +69 +70 +71 +72 +73 +74 +75 +76 +77 +78 +79 +80 +81 +82 +83 +84 +85 +86 +87 +88 +89 +90 +91 +92 +93 +94 +95 +96 +97 +98 +99 +100 +101 +102 +103 +104 @
>STPY.0321.00079
+1 +2 +3 +4 +5 +6 +7 +8 +9 +10 +11 +12 -87 -86 -85 -84 -83 -82 -81 -80 -79 -78 -77 -76 -75 -74 -73 -72 -71 -70 -69 -68 -67 -66 -65 -64 -63 -62 -61 -60 -59 -58 -57 -56 -55 -53 -52 -51 -50 -49 -48 -47 -46 -45 -42 -41 -40 -39 -38 -37 -36 -35 -34 -30 -28 -27 -26 -25 -24 -23 -22 -21 -20 -19 -18 -17 -16 -15 -14 -13 +88 +89 +90 +91 +92 +93 +94 +95 +96 +97 +98 +99 +100 +101 +102 +103 +104 @
>STPY.0321.00080
+1 +2 +3 +4 +5 +6 +7 +8 +9 +10 +11 +12 -87 -86 -85 -84 -83 -82 -81 -80 -79 -78 -77 -76 -75 -74 -73 -72 -71 -70 -69 -68 -67 -66 -65 -64 -63 -62 -61 -60 -59 -58 -57 -56 -55 -53 -52 -51 -50 -49 -48 -47 -46 -45 -42 -41 -40 -39 -38 -37 -36 -35 -34 -30 -28 -27 -26 -25 -24 -23 -22 -21 -20 -19 -18 -17 -16 -15 -14 -13 +88 +89 +90 +91 +92 +93 +94 +95 +96 +97 +98 +99 +100 +101 +102 +103 +104 @
>STPY.0321.00062
+1 +2 +3 +4 +5 +6 +7 +8 +9 +10 +11 +12 +13 +14 +15 +16 +17 +18 +19 +20 +21 +22 +23 +24 +25 +26 +27 +28 +30 +34 +35 +36 +37 +38 +39 +40 +41 +42 +45 +46 +47 +48 +49 +50 +51 +52 +53 +55 +56 +57 +58 +59 +60 +61 +62 +63 +64 +65 +66 +67 +68 +69 +70 +71 +72 +73 +74 +75 +76 +77 +78 +79 +80 +81 +82 +83 +84 +85 +86 +87 +88 +89 +90 +91 +92 +93 +94 +95 +96 +97 +98 +99 +100 +101 +102 +103 +104 @
>STPY.0321.00061
+1 +2 +3 +4 +5 +6 +7 +8 +9 +10 +11 +12 +13 +14 +15 +16 +17 +18 +19 +20 +21 +22 +23 +24 +25 +26 +27 +28 +30 +34 +35 +36 +37 +38 +39 +40 +41 +42 +45 +46 +47 +48 +49 +50 +51 +52 +53 +55 +56 +57 +58 +59 +60 +61 +62 +63 +64 +65 +66 +67 +68 +69 +70 +71 +72 +73 +74 +75 +76 +77 +78 +79 +80 +81 +82 +83 +84 +85 +86 +87 +88 +89 +90 +91 +92 +93 +94 +95 +96 +97 +98 +99 +100 +101 +102 +103 +104 @
>STPY.0321.00082
+1 +2 +3 +4 +5 +6 +7 +8 +9 +10 +11 +12 -87 -86 -85 -84 -83 -82 -81 -80 -79 -78 -77 -76 -75 -74 -73 -72 -71 -70 -69 -68 -67 -66 -65 -64 -63 -62 -61 -60 -59 -58 -57 -56 -55 -53 -52 -51 -50 -49 -48 -47 -46 -45 -42 -41 -40 -39 -38 -37 -36 -35 -34 -30 -28 -27 -26 -25 -24 -23 -22 -21 -20 -19 -18 -17 -16 -15 -14 -13 +88 +89 +90 +91 +92 +93 +94 +95 +96 +97 +98 +99 +100 +101 +102 +103 +104 @
>STPY.0321.00057
+1 +2 +3 +4 +5 +6 +7 +8 +9 +10 +11 +12 +13 +14 +15 +16 +17 +18 +19 +20 +21 +22 +23 +24 +25 +26 +27 +28 +30 +34 +35 +36 +37 +38 +39 +40 +41 +42 +45 +46 +47 +48 +49 +50 +51 +52 +53 +55 +56 +57 +58 +59 +60 +61 +62 +63 +64 +65 +66 +67 +68 +69 +70 +71 +72 +73 +74 +75 +76 +77 +78 +79 +80 +81 +82 +83 +84 +85 +86 +87 +88 +89 +90 +91 +92 +93 +94 +95 +96 +97 +98 +99 +100 +101 +102 +103 +104 @
>STPY.0321.00067
+1 +2 +3 +4 +5 +6 +7 +8 +9 +10 +11 +12 -87 -86 -85 -84 -83 -82 -81 -80 -79 -78 -77 -76 -75 -74 -73 -72 -71 -70 -69 -68 -67 -66 -65 -64 -63 -62 -61 -60 -59 -58 -57 -56 -55 -53 -52 -51 -50 -49 -48 -47 -46 -45 -42 -41 -40 -39 -38 -37 -36 -35 -34 -30 -28 -27 -26 -25 -24 -23 -22 -21 -20 -19 -18 -17 -16 -15 -14 -13 +88 +89 +90 +91 +92 +93 +94 +95 +96 +97 +98 +99 +100 +101 +102 +103 +104 @
>STPY.0321.00065
+1 +2 +3 +4 +5 +6 +7 +8 +9 +10 +11 +12 +13 +14 +15 +16 +17 +18 +19 +20 +21 +22 +23 +24 +25 +26 +27 +28 +30 +34 +35 +36 +37 +38 +39 +40 +41 +42 +45 +46 +47 +48 +49 +50 +51 +52 +53 +55 +56 +57 +58 +59 +60 +61 +62 +63 +64 +65 +66 +67 +68 +69 +70 +71 +72 +73 +74 +75 +76 +77 +78 +79 +80 +81 +82 +83 +84 +85 +86 +87 +88 +89 +90 +91 +92 +93 +94 +95 +96 +97 +98 +99 +100 +101 +102 +103 +104 @
>STPY.0321.00066
+1 +2 +3 +4 +5 +6 +7 +8 +9 +10 +11 +12 -87 -86 -85 -84 -83 -82 -81 -80 -79 -78 -77 -76 -75 -74 -73 -72 -71 -70 -69 -68 -67 -66 -65 -64 -63 -62 -61 -60 -59 -58 -57 -56 -55 -53 -52 -51 -50 -49 -48 -47 -46 -45 -42 -41 -40 -39 -38 -37 -36 -35 -34 -30 -28 -27 -26 -25 -24 -23 -22 -21 -20 -19 -18 -17 -16 -15 -14 -13 +88 +89 +90 +91 +92 +93 +94 +95 +96 +97 +98 +99 +100 +101 +102 +103 +104 @
>STPY.0321.00064
+1 +2 +3 +4 +5 +6 +7 +8 +9 +10 +11 +12 -87 -86 -85 -84 -83 -82 -81 -80 -79 -78 -77 -76 -75 -74 -73 -72 -71 -70 -69 -68 -67 -66 -65 -64 -63 -62 -61 -60 -59 -58 -57 -56 -55 -53 -52 -51 -50 -49 -48 -47 -46 -45 -42 -41 -40 -39 -38 -37 -36 -35 -34 -30 -28 -27 -26 -25 -24 -23 -22 -21 -20 -19 -18 -17 -16 -15 -14 -13 +88 +89 +90 +91 +92 +93 +94 +95 +96 +97 +98 +99 +100 +101 +102 +103 +104 @
>STPY.0321.00077
+1 +2 +3 +4 +5 +6 +7 +8 +9 +10 +11 +12 +13 +14 +15 +16 +17 +18 +19 +20 +21 +22 +23 +24 +25 +26 +27 +28 +30 +34 +35 +36 +37 +38 +39 +40 +41 +42 +45 +46 +47 +48 +49 +50 +51 +52 +53 +55 +56 +57 +58 +59 +60 +61 +62 +63 +64 +65 +66 +67 +68 +69 +70 +71 +72 +73 +74 +75 +76 +77 +78 +79 +80 +81 +82 +83 +84 +85 +86 +87 +88 +89 +90 +91 +92 +93 +94 +95 +96 +97 +98 +99 +100 +101 +102 +103 +104 @
>STPY.0321.00101
+1 +2 +3 +4 +5 +6 +7 -92 -91 -90 -89 -88 -87 -86 -85 -84 -83 -82 -81 -80 -79 -78 -77 -76 -75 -74 -73 -72 -71 -70 -69 -68 -67 -66 -65 -64 -63 -62 -61 -60 -59 -58 -57 -56 -55 -53 -52 -51 -50 -49 -48 -47 -46 -45 -42 -41 -40 -39 -38 -37 -36 -35 -34 -30 -28 -27 -26 -25 -24 -23 -22 -21 -20 -19 -18 -17 -16 -15 -14 -13 -12 -11 -10 -9 -8 +93 +94 +95 +96 +97 +98 +99 +100 +101 +102 +103 +104 @
>STPY.0321.00102
+1 +2 +3 +4 +5 +6 +7 +8 +9 +10 +11 +12 -87 -86 -85 -84 -83 -82 -81 -80 -79 -78 -77 -76 -75 -74 -73 -72 -71 -70 -69 -68 -67 -66 -65 -64 -63 -62 -61 -60 -59 -58 -57 -56 -55 -53 -52 -51 -50 -49 -48 -47 -46 -45 -42 -41 -40 -39 -38 -37 -36 -35 -34 -30 -28 -27 -26 -25 -24 -23 -22 -21 -20 -19 -18 -17 -16 -15 -14 -13 +88 +89 +90 +91 +92 +93 +94 +95 +96 +97 +98 +99 +100 +101 +102 +103 +104 @
>STPY.0321.00108
+1 +2 +3 +4 +5 +6 +7 +8 +9 +10 +11 +12 +13 +14 +15 +16 +17 +18 +19 +20 +21 +22 +23 +24 +25 +26 +27 +28 +30 +34 +35 +36 +37 +38 +39 +40 +41 +42 +45 +46 -53 -52 -51 -50 -49 -48 -47 +55 +56 +57 +58 +59 +60 +61 +62 +63 +64 +65 +66 +67 +68 +69 +70 +71 +72 +73 +74 +75 +76 +77 +78 +79 +80 +81 +82 +83 +84 +85 +86 +87 +88 +89 +90 +91 +92 +93 +94 +95 +96 +97 +98 +99 +100 +101 +102 +103 +104 @
>STPY.0321.00103
+1 +2 +3 +4 +5 +6 +7 +8 +9 +10 +11 +12 -87 -86 -85 -84 -83 -82 -81 -80 -79 -78 -77 -76 -75 -74 -73 -72 -71 -70 -69 -68 -67 -66 -65 -64 -63 -62 -61 -60 -59 -58 -57 -56 -55 -53 -52 -51 -50 -49 -48 -47 -46 -45 -42 -41 -40 -39 -38 -37 -36 -35 -34 -30 -28 -27 -26 -25 -24 -23 -22 -21 -20 -19 -18 -17 -16 -15 -14 -13 +88 +89 +90 +91 +92 +93 +94 +95 +96 +97 +98 +99 +100 +101 +102 +103 +104 @
>STPY.0321.00109
+1 +2 +3 +4 +5 +6 +7 +8 +9 +10 +11 +12 +13 +14 +15 +16 +17 +18 +19 +20 +21 +22 +23 +24 +25 +26 +27 +28 +30 +34 +35 +36 +37 +38 +39 +40 +41 +42 +45 +46 +47 +48 +49 +50 +51 +52 +53 +55 +56 +57 +58 +59 +60 +61 +62 +63 +64 +65 +66 +67 +68 +69 +70 +71 +72 +73 +74 +75 +76 +77 +78 +79 +80 +81 +82 +83 +84 +85 +86 +87 +88 +89 +90 +91 +92 +93 +94 +95 +96 +97 +98 +99 +100 +101 +102 +103 +104 @
>STPY.0321.00105
+1 +2 +3 +4 +5 +6 +7 +8 +9 +10 +11 +12 -87 -86 -85 -84 -83 -82 -81 -80 -79 -78 -77 -76 -75 -74 -73 -72 -71 -70 -69 -68 -67 -66 -65 -64 -63 -62 -61 -60 -59 -58 -57 -56 -55 -53 -52 -51 -50 -49 -48 -47 -46 -45 -42 -41 -40 -39 -38 -37 -36 -35 -34 -30 -28 -27 -26 -25 -24 -23 -22 -21 -20 -19 -18 -17 -16 -15 -14 -13 +88 +89 +90 +91 +92 +93 +94 +95 +96 +97 +98 +99 +100 +101 +102 +103 +104 @
>STPY.0321.00087
+1 +2 +3 +4 +5 +6 +7 +8 +9 +10 +11 +12 +13 +14 +15 +16 +17 +18 +19 +20 +21 +22 +23 +24 +25 +26 +27 +28 +30 +34 +35 +36 +37 +38 +39 +40 +41 +42 +45 +46 +47 +48 +49 +50 +51 +52 +53 +55 +56 +57 +58 +59 +60 +61 +62 +63 +64 +65 +66 +67 +68 +69 +70 +71 +72 +73 +74 +75 +76 +77 +78 +79 +80 +81 +82 +83 +84 +85 +86 +87 +88 +89 +90 +91 +92 +93 +94 +95 +96 +97 +98 +99 +100 +101 +102 +103 +104 @
>STPY.0321.00097
+1 +2 +3 +4 +5 +6 +7 +8 +9 +10 +11 +12 -87 -86 -85 -84 -83 -82 -81 -80 -79 -78 -77 -76 -75 -74 -73 -72 -71 -70 -69 -68 -67 -66 -65 -64 -63 -62 -61 -60 -59 -58 -57 -56 -55 -53 -52 -51 -50 -49 -48 -47 -46 -45 -42 -41 -40 -39 -38 -37 -36 -35 -34 -30 -28 -27 -26 -25 -24 -23 -22 -21 -20 -19 -18 -17 -16 -15 -14 -13 +88 +89 +90 +91 +92 +93 +94 +95 +96 +97 +98 +99 +100 +101 +102 +103 +104 @
>STPY.0321.00089
+1 +2 +3 +4 +5 +6 +7 +8 +9 +10 +11 +12 -87 -86 -85 -84 -83 -82 -81 -80 -79 -78 -77 -76 -75 -74 -73 -72 -71 -70 -69 -68 -67 -66 -65 -64 -63 -62 -61 -60 -59 -58 -57 -56 -55 -53 -52 -51 -50 -49 -48 -47 -46 -45 -42 -41 -40 -39 -38 -37 -36 -35 -34 -30 -28 -27 -26 -25 -24 -23 -22 -21 -20 -19 -18 -17 -16 -15 -14 -13 +88 +89 +90 +91 +92 +93 +94 +95 +96 +97 +98 +99 +100 +101 +102 +103 +104 @
>STPY.0321.00075
+1 +2 +3 +4 +5 +6 +7 +8 +9 +10 +11 +12 +13 +14 +15 +16 +17 +18 +19 +20 +21 +22 +23 +24 +25 +26 +27 +28 +30 +34 +35 +36 +37 +38 +39 +40 +41 +42 +45 +46 +47 +48 +49 +50 +51 +52 +53 +55 +56 +57 +58 +59 +60 +61 +62 +63 +64 +65 +66 +67 +68 +69 +70 +71 +72 +73 +74 +75 +76 +77 +78 +79 +80 +81 +82 +83 +84 +85 +86 +87 +88 +89 +90 +91 +92 +93 +94 +95 +96 +97 +98 +99 +100 +101 +102 +103 +104 @
>STPY.0321.00083
+1 +2 +3 +4 +5 +6 +7 +8 +9 +10 +11 +12 -87 -86 -85 -84 -83 -82 -81 -80 -79 -78 -77 -76 -75 -74 -73 -72 -71 -70 -69 -68 -67 -66 -65 -64 -63 -62 -61 -60 -59 -58 -57 -56 -55 -53 -52 -51 -50 -49 -48 -47 -46 -45 -42 -41 -40 -39 -38 -37 -36 -35 -34 -30 -28 -27 -26 -25 -24 -23 -22 -21 -20 -19 -18 -17 -16 -15 -14 -13 +88 +89 +90 +91 +92 +93 +94 +95 +96 +97 +98 +99 +100 +101 +102 +103 +104 @
>STPY.0321.00086
+1 +2 +3 +4 +5 +6 +7 +8 +9 +10 +11 +12 -87 -86 -85 -84 -83 -82 -81 -80 -79 -78 -77 -76 -75 -74 -73 +38 +39 +40 +41 +42 +45 +46 +47 +48 +49 +50 +51 +52 +53 +55 +56 +57 +58 +59 +60 +61 +62 +63 +64 +65 +66 +67 +68 +69 +70 +71 +72 -37 -36 -35 -34 -30 -28 -27 -26 -25 -24 -23 -22 -21 -20 -19 -18 -17 -16 -15 -14 -13 +88 +89 +90 +91 +92 +93 +94 +95 +96 +97 +98 +99 +100 +101 +102 +103 +104 @
>STPY.0321.00085
+1 +2 +3 +4 +5 +6 +7 +8 +9 +10 +11 +12 +13 +14 +15 +16 +17 +18 +19 +20 +21 +22 +23 +24 +25 +26 +27 +28 +30 +34 +35 +36 +37 +38 +39 +40 +41 +42 +45 +46 +47 +48 +49 +50 +51 +52 +53 +55 +56 +57 +58 +59 +60 +61 +62 +63 +64 +65 +66 +67 +68 +69 +70 +71 +72 +73 +74 +75 +76 +77 +78 +79 +80 +81 +82 +83 +84 +85 +86 +87 +88 +89 +90 +91 +92 +93 +94 +95 +96 +97 +98 +99 +100 +101 +102 +103 +104 @
>STPY.0321.00094
+1 +2 +3 +4 +5 +6 +7 +8 +9 +10 +11 +12 -87 -86 -85 -84 -83 -82 -81 -80 -79 -78 -77 -76 -75 -74 -73 -72 -71 -70 -69 -68 -67 -66 -65 -64 -63 -62 -61 -60 -59 -58 -57 -56 -55 -53 -52 -51 -50 -49 -48 -47 -46 -45 -42 -41 -40 -39 -38 -37 -36 -35 -34 -30 -28 -27 -26 -25 -24 -23 -22 -21 -20 -19 -18 -17 -16 -15 -14 -13 +88 +89 +90 +91 +92 +93 +94 +95 +96 +97 +98 +99 +100 +101 +102 +103 +104 @
>STPY.0321.00096
+1 +2 +3 +4 +5 +6 +7 +8 +9 +10 +11 +12 -87 -86 -85 -84 -83 -82 -81 -80 -79 -78 -77 -76 -75 -74 -73 -72 -71 -70 -69 -68 -67 -66 -65 -64 -63 -62 -61 -60 -59 -58 -57 -56 -55 -53 -52 -51 -50 -49 -48 -47 -46 -45 -42 -41 -40 -39 -38 -37 -36 -35 -34 -30 -28 -27 -26 -25 -24 -23 -22 -21 -20 -19 -18 -17 -16 -15 -14 -13 +88 +89 +90 +91 +92 +93 +94 +95 +96 +97 +98 +99 +100 +101 +102 +103 +104 @
>STPY.0321.00093
+1 +2 +3 +4 +5 +6 +7 +8 +9 +10 +11 +12 -87 -86 -85 -84 -83 -82 -81 -80 -79 -78 -77 -76 -75 -74 -73 -72 -71 -70 -69 -68 -67 -66 -65 -64 -63 -62 -61 -60 -59 -58 -57 -56 -55 -53 -52 -51 -50 -49 -48 -47 -46 -45 -42 -41 -40 -39 -38 -37 -36 -35 -34 -30 -28 -27 -26 -25 -24 -23 -22 -21 -20 -19 -18 -17 -16 -15 -14 -13 +88 +89 +90 +91 +92 +93 +94 +95 +96 +97 +98 +99 +100 +101 +102 +103 +104 @
>STPY.0321.00091
+1 +2 +3 +4 +5 +6 +7 +8 +9 +10 +11 +12 -87 -86 -85 -84 -83 -82 -81 -80 -79 -78 -77 -76 -75 -74 -73 -72 -71 -70 -69 -68 -67 -66 -65 -64 -63 -62 -61 -60 -59 -58 -57 -56 -55 -53 -52 -51 -50 -49 -48 -47 -46 -45 -42 -41 -40 -39 -38 -37 -36 -35 -34 -30 -28 -27 -26 -25 -24 -23 -22 -21 -20 -19 -18 -17 -16 -15 -14 -13 +88 +89 +90 +91 +92 +93 +94 +95 +96 +97 +98 +99 +100 +101 +102 +103 +104 @
>STPY.0321.00217
+53 -46 -45 -42 -41 -40 -39 -38 -37 -36 -35 -34 -30 -28 -27 -26 -25 -24 -23 -22 -21 -20 -19 -18 -17 -16 -15 -14 -13 +88 +89 +90 +91 +92 +93 +94 +95 +96 +97 +98 +99 +100 +101 +102 +103 +104 +1 +2 +3 +4 +5 +6 +7 +8 +9 +10 +11 +12 -87 -86 -85 -84 -83 -82 -81 -80 -79 -78 -77 -76 -75 -74 -73 -72 -71 -70 -69 -68 -67 -66 -65 -64 -63 -62 -61 -60 -59 -58 -57 -56 -55 +47 +48 +49 +50 +51 +52 @
>STPY.0321.00219
+57 +58 +59 +60 +61 +62 +63 +64 +65 +66 +67 +68 +69 +70 +71 +72 +73 +74 +75 +76 +77 +78 +79 +80 +81 +82 +83 +84 +85 +86 +87 -12 -11 -10 -9 -8 -7 -6 -5 -4 -3 -2 -1 -104 -103 -102 -101 -100 -99 -98 -97 -96 -95 -94 -93 -92 -91 -90 -89 -88 +13 +14 +15 +16 +17 +18 +19 +20 +21 +22 +23 +24 +25 +26 +27 +28 +30 +34 +35 +36 +37 +38 +39 +40 +41 +42 +45 +46 +47 +48 +49 +50 +51 +52 +53 +55 +56 @
>STPY.0321.00213
+1 +2 +3 +4 +5 +6 +7 -92 -91 -90 -89 -88 -87 -86 -85 -84 -83 -82 -81 -80 -79 -78 -77 -76 -75 -74 -73 -72 -71 -70 -69 -68 -67 -66 -65 -64 -63 -62 -61 -60 -59 -58 -57 -56 -55 -53 -52 -51 -50 -49 -48 -47 -46 -45 -42 -41 -40 -39 -38 -37 -36 -35 -34 -30 -28 -27 -26 -25 -24 -23 -22 -21 -20 -19 -18 -17 -16 -15 -14 -13 -12 -11 -10 -9 -8 +93 +94 +95 +96 +97 +98 +99 +100 +101 +102 +103 +104 @
>STPY.0321.00216
+1 +2 +3 +4 +5 +6 +7 +8 +9 +10 +11 +12 +13 +14 +15 +16 +17 +18 +19 +20 +21 +22 +23 +24 +25 +26 +27 +28 +30 +34 +35 +36 +37 +38 +39 +40 +41 +42 +45 +46 -53 -52 -51 -50 -49 -48 -47 +55 +56 +57 +58 +59 +60 +61 +62 +63 +64 +65 +66 +67 +68 +69 +70 +71 +72 +73 +74 +75 +76 +77 +78 +79 +80 +81 +82 +83 +84 +85 +86 +87 +88 +89 +90 +91 +92 +93 +94 +95 +96 +97 +98 +99 +100 +101 +102 +103 +104 @
>STPY.0321.00197
+1 +2 +3 +4 +5 +6 +7 +8 +9 +10 +11 +12 -87 -86 -85 -84 -83 -82 -81 -80 -79 -78 -77 -76 -75 -74 -73 -72 -71 -70 -69 -68 -67 -66 -65 -64 -63 -62 -61 -60 -59 -58 -57 -56 -55 -53 -52 -51 -50 -49 -48 -47 -46 -45 -42 -41 -40 -39 -38 -37 -36 -35 -34 -30 -28 -27 -26 -25 -24 -23 -22 -21 -20 -19 -18 -17 -16 -15 -14 -13 +88 +89 +90 +91 +92 +93 +94 +95 +96 +97 +98 +99 +100 +101 +102 +103 +104 @
>STPY.0321.00203
+1 +2 +3 +4 +5 +6 +7 +8 +9 +10 +11 +12 -87 -86 -85 -84 -83 -82 -81 -80 -79 -78 -77 -76 -75 -74 -73 -72 -71 -70 -69 -68 -67 -66 -65 -64 -63 -62 -61 -60 -59 -58 -57 -56 -55 -53 -52 -51 -50 -49 -48 -47 -46 -45 -42 -41 -40 -39 -38 -37 -36 -35 -34 -30 -28 -27 -26 -25 -24 -23 -22 -21 -20 -19 -18 -17 -16 -15 -14 -13 +88 +89 +90 +91 +92 +93 +94 +95 +96 +97 +98 +99 +100 +101 +102 +103 +104 @
>STPY.0321.00218
+1 +2 +3 +4 +5 +6 +7 +8 +9 +10 +11 +12 +13 +14 +15 +16 +17 +18 +19 +20 +21 +22 +23 +24 +25 +26 +27 +28 +30 +34 +35 +36 +37 +38 +39 +40 +41 +42 +45 +46 +47 +48 +49 +50 +51 +52 +53 +55 +56 +57 +58 +59 +60 +61 +62 +63 +64 +65 +66 +67 +68 +69 +70 +71 +72 +73 +74 +75 +76 +77 +78 +79 +80 +81 +82 +83 +84 +85 +86 +87 +88 +89 +90 +91 +92 +93 +94 +95 +96 +97 +98 +99 +100 +101 +102 +103 +104 @
>STPY.0321.00204
+1 +2 +3 +4 +5 +6 +7 +8 +9 +10 +11 +12 -87 -86 -85 -84 -83 -82 -81 -80 -79 -78 -77 -76 -75 -74 -73 -72 -71 -70 -69 -68 -67 -66 -65 -64 -63 -62 -61 -60 -59 -58 -57 -56 -55 -53 -52 -51 -50 -49 -48 -47 -46 -45 -42 -41 -40 -39 -38 -37 -36 -35 -34 -30 -28 -27 -26 -25 -24 -23 -22 -21 -20 -19 -18 -17 -16 -15 -14 -13 +88 +89 +90 +91 +92 +93 +94 +95 +96 +97 +98 +99 +100 +101 +102 +103 +104 @
>STPY.0321.00199
+1 +2 +3 +4 +5 +6 +7 +8 +9 +10 +11 +12 -87 -86 -85 -84 -83 -82 -81 -80 -79 -78 -77 -76 -75 -74 -73 -72 -71 -70 -69 -68 -67 -66 -65 -64 -63 -62 -61 -60 -59 -58 -57 -56 -55 -53 -52 -51 -50 -49 -48 -47 -46 -45 -42 -41 -40 -39 -38 -37 -36 -35 -34 -30 -28 -27 -26 -25 -24 -23 -22 -21 -20 -19 -18 -17 -16 -15 -14 -13 +88 +89 +90 +91 +92 +93 +94 +95 +96 +97 +98 +99 +100 +101 +102 +103 +104 @
>STPY.0321.00110
-53 -52 -51 -50 -49 -48 -47 -46 -45 -42 -41 -40 -39 -38 -37 -36 -35 -34 -30 -28 -27 -26 -25 -24 -23 -22 -21 -20 -19 -18 -17 -16 -15 -14 -13 +88 +89 +90 +91 +92 +93 +94 +95 +96 +97 +98 +99 +100 +101 +102 +103 +104 +1 +2 +3 +4 +5 +6 +7 +8 +9 +10 +11 +12 -87 -86 -85 -84 -83 -82 -81 -80 -79 -78 -77 -76 -75 -74 -73 -72 -71 -70 -69 -68 -67 -66 -65 -64 -63 -62 -61 -60 -59 -58 -57 -56 -55 @
>STPY.0321.00200
+1 +2 +3 +4 +5 +6 +7 +8 +9 +10 +11 +12 -87 -86 -85 -84 -83 -82 -81 -80 -79 -78 -77 -76 -75 -74 -73 -72 -71 -70 -69 -68 -67 -66 -65 -64 -63 -62 -61 -60 -59 -58 -57 -56 -55 -53 -52 -51 -50 -49 -48 -47 -46 -45 -42 -41 -40 -39 -38 -37 -36 -35 -34 -30 -28 -27 -26 -25 -24 -23 -22 -21 -20 -19 -18 -17 -16 -15 -14 -13 +88 +89 +90 +91 +92 +93 +94 +95 +96 +97 +98 +99 +100 +101 +102 +103 +104 @
>STPY.0321.00099
+1 +2 +3 +4 +5 +6 +7 +8 +9 +10 +11 +12 +13 +14 +15 +16 +17 +18 +19 +20 +21 +22 +23 +24 +25 +26 +27 +28 +30 +34 +35 +36 +37 +38 +39 +40 +41 +42 +45 +46 +47 +48 +49 +50 +51 +52 +53 +55 +56 +57 +58 +59 +60 +61 +62 +63 +64 +65 +66 +67 +68 +69 +70 +71 +72 +73 +74 +75 +76 +77 +78 +79 +80 +81 +82 +83 +84 +85 +86 +87 +88 +89 +90 +91 +92 +93 +94 +95 +96 +97 +98 +99 +100 +101 +102 +103 +104 @
>STPY.0321.00051
+1 +2 +3 +4 +5 +6 +7 +8 +9 +10 +11 +12 +13 +14 +15 +16 +17 +18 +19 +20 +21 +22 +23 +24 +25 +26 +27 +28 +30 +34 +35 +36 +37 +38 +39 +40 +41 +42 +45 +46 +47 +48 +49 +50 +51 +52 +53 +55 +56 +57 +58 +59 +60 +61 +62 +63 +64 +65 +66 +67 +68 +69 +70 +71 +72 +73 +74 +75 +76 +77 +78 +79 +80 +81 +82 +83 +84 +85 +86 +87 +88 +89 +90 +91 +92 +93 +94 +95 +96 +97 +98 +99 +100 +101 +102 +103 +104 @
>STPY.0321.00198
+1 +2 +3 +4 +5 +6 +7 +8 +9 +10 +11 +12 +13 +14 +15 +16 +17 +18 +19 +20 +21 +22 +23 +24 +25 +26 +27 +28 +30 +34 +35 +36 +37 +38 +39 +40 +41 +42 +45 +46 -53 -52 -51 -50 -49 -48 -47 +55 +56 +57 +58 +59 +60 +61 +62 +63 +64 +65 +66 +67 +68 +69 +70 +71 +72 +73 +74 +75 +76 +77 +78 +79 +80 +81 +82 +83 +84 +85 +86 +87 +88 +89 +90 +91 +92 +93 +94 +95 +96 +97 +98 +99 +100 +101 +102 +103 +104 @
>STPY.0321.00128
+1 +2 +3 +4 +5 +6 +7 +8 +9 +10 +11 +12 -87 -86 -85 -84 -83 -82 -81 -80 -79 -78 -77 -76 -75 -74 -73 -72 -71 +30 +34 +35 +36 +37 +38 +39 +40 +41 +42 +45 +46 +47 +48 +49 +50 +51 +52 +53 +55 +56 +57 +58 +59 +60 +61 +62 +63 +64 +65 +66 +67 +68 +69 +70 -28 -27 -26 -25 -24 -23 -22 -21 -20 -19 -18 -17 -16 -15 -14 -13 +88 +89 +90 +91 +92 +93 +94 +95 +96 +97 +98 +99 +100 +101 +102 +103 +104 @
>STPY.0321.00033
+1 +2 +3 +4 +5 +6 +7 +8 +9 +10 +11 +12 -87 -86 -85 -84 -83 -82 -81 -80 -79 -78 -77 -76 -75 -74 -73 -72 -71 -70 -69 -68 -67 -66 -65 -64 -63 -62 -61 -60 -59 -58 -57 -56 -55 -53 -52 -51 -50 -49 -48 -47 -46 -45 -42 -41 -40 -39 -38 -37 -36 -35 -34 -30 -28 -27 -26 -25 -24 -23 -22 -21 -20 -19 -18 -17 -16 -15 -14 -13 +88 +89 +90 +91 +92 +93 +94 +95 +96 +97 +98 +99 +100 +101 +102 +103 +104 @
>STPY.0321.00130
+1 +2 +3 +4 +5 +6 +7 +8 +9 +10 +11 +12 -87 -86 -85 -84 -83 -82 -81 -80 -79 -78 -77 -76 -75 -74 -73 -72 -71 +30 +34 +35 +36 +37 +38 +39 +40 +41 +42 +45 +46 +47 +48 +49 +50 +51 +52 +53 +55 +56 +57 +58 +59 +60 +61 +62 +63 +64 +65 +66 +67 +68 +69 +70 -28 -27 -26 -25 -24 -23 -22 -21 -20 -19 -18 -17 -16 -15 -14 -13 +88 +89 +90 +91 +92 +93 +94 +95 +96 +97 +98 +99 +100 +101 +102 +103 +104 @
>STPY.0321.00129
+1 +2 +3 +4 +5 +6 +7 +8 +9 +10 +11 +12 -87 -86 -85 -84 -83 -82 -81 -80 -79 -78 -77 -76 -75 -74 -73 -72 -71 -70 -69 -68 -67 -66 -65 -64 -63 -62 -61 -60 -59 -58 -57 -56 -55 -53 -52 -51 -50 -49 -48 -47 -46 -45 -42 -41 -40 -39 -38 -37 -36 -35 -34 -30 -28 -27 -26 -25 -24 -23 -22 -21 -20 -19 -18 -17 -16 -15 -14 -13 +88 +89 +90 +91 +92 +93 +94 +95 +96 +97 +98 +99 +100 +101 +102 +103 +104 @
>STPY.0321.00127
+1 +2 +3 +4 +5 +6 +7 +8 +9 +10 +11 +12 +13 +14 +15 +16 +17 +18 +19 +20 +21 +22 +23 +24 +25 +26 +27 +28 +30 +34 +35 +36 +37 +38 +39 +40 +41 +42 +45 +46 +47 +48 +49 +50 +51 +52 +53 +55 +56 +57 +58 +59 +60 +61 +62 +63 +64 +65 +66 +67 +68 +69 +70 +71 +72 +73 +74 +75 +76 +77 +78 +79 +80 +81 +82 +83 +84 +85 +86 +87 +88 +89 +90 +91 +92 +93 +94 +95 +96 +97 +98 +99 +100 +101 +102 +103 +104 @
>STPY.0321.00208
+1 +2 +3 +4 +5 +6 +7 +8 +9 +10 +11 +12 -87 -86 -85 -84 -83 -82 -81 -80 -79 -78 -77 -76 -75 -74 -73 -72 -71 -70 -69 -68 -67 -66 -65 -64 -63 -62 -61 -60 -59 -58 -57 -56 -55 -53 -52 -51 -50 -49 -48 -47 -46 -45 -42 -41 -40 -39 -38 -37 -36 -35 -34 -30 -28 -27 -26 -25 -24 -23 -22 -21 -20 -19 -18 -17 -16 -15 -14 -13 +88 +89 +90 +91 +92 +93 +94 +95 +96 +97 +98 +99 +100 +101 +102 +103 +104 @
>STPY.0321.00068
+1 +2 +3 +4 +5 +6 +7 +8 +9 +10 +11 +12 +13 +14 +15 +16 +17 +18 +19 +20 +21 +22 +23 +24 +25 +26 +27 +28 +30 +34 +35 +36 +37 +38 +39 +40 +41 +42 +45 +46 +47 +48 +49 +50 +51 +52 +53 +55 +56 +57 +58 +59 +60 +61 +62 +63 +64 +65 +66 +67 +68 +69 +70 +71 +72 +73 +74 +75 +76 +77 +78 +79 +80 +81 +82 +83 +84 +85 +86 +87 +88 +89 +90 +91 +92 +93 +94 +95 +96 +97 +98 +99 +100 +101 +102 +103 +104 @
>STPY.0321.00050
+101 +102 +103 +104 +1 +2 +3 +4 +5 +6 +7 +8 +9 +10 +11 +12 -87 -86 -85 -84 -83 -82 -81 -80 -79 -78 -77 -76 -75 -74 -73 -72 -71 -70 -69 -68 -67 -66 -65 -64 -63 -62 -61 -60 -59 -58 -57 -56 -55 -53 -52 -51 -50 -49 -48 -47 -46 -45 -42 -41 -40 -39 -38 -37 -36 -35 -34 -30 -28 -27 -26 -25 -24 -23 -22 -21 -20 -19 -18 -17 -16 -15 -14 -13 +88 +89 +90 +91 +92 +93 +94 +95 +96 +97 +98 +99 +100 @
>STPY.0321.00201
+1 +2 +3 +4 +5 +6 +7 +8 +9 +10 +11 +12 -87 -86 -85 -84 -83 -82 -81 -80 -79 -78 -77 -76 -75 -74 -73 -72 -71 -70 -69 -68 -67 -66 -65 -64 -63 -62 -61 -60 -59 -58 -57 -56 -55 -53 -52 -51 -50 -49 -48 -47 -46 -45 -42 -41 -40 -39 -38 -37 -36 -35 -34 -30 -28 -27 -26 -25 -24 -23 -22 -21 -20 -19 -18 -17 -16 -15 -14 -13 +88 +89 +90 +91 +92 +93 +94 +95 +96 +97 +98 +99 +100 +101 +102 +103 +104 @
>STPY.0321.00056
+1 +2 +3 +4 +5 +6 +7 +8 +9 +10 +11 +12 +13 +14 +15 +16 +17 +18 +19 +20 +21 +22 +23 +24 +25 +26 +27 +28 +30 +34 +35 +36 +37 +38 +39 +40 +41 +42 +45 +46 +47 +48 +49 +50 +51 +52 +53 +55 +56 +57 +58 +59 +60 +61 +62 +63 +64 +65 +66 +67 +68 +69 +70 +71 +72 +73 +74 +75 +76 +77 +78 +79 +80 +81 +82 +83 +84 +85 +86 +87 +88 +89 +90 +91 +92 +93 +94 +95 +96 +97 +98 +99 +100 +101 +102 +103 +104 @
>STPY.0321.00133
+1 +2 +3 +4 +5 +6 +7 +8 +9 +10 +11 +12 -87 -86 -85 -84 -83 -82 -81 -80 -79 -78 -77 -76 -75 -74 -73 -72 -71 -70 -69 -68 -67 -66 -65 -64 -63 -62 -61 -60 -59 -58 -57 -56 -55 -53 -52 -51 -50 -49 -48 -47 -46 -45 -42 -41 -40 -39 -38 -37 -36 -35 -34 -30 -28 -27 -26 -25 -24 -23 -22 -21 -20 -19 -18 -17 -16 -15 -14 -13 +88 +89 +90 +91 +92 +93 +94 +95 +96 +97 +98 +99 +100 +101 +102 +103 +104 @
>STPY.0321.00134
+1 +2 +3 +4 +5 +6 +7 +8 +9 +10 +11 +12 +13 +14 +15 +16 +17 +18 +19 +20 +21 +22 +23 +24 +25 +26 +27 +28 +30 +34 +35 +36 +37 +38 +39 +40 +41 +42 +45 +46 +47 +48 +49 +50 +51 +52 +53 +55 +56 +57 +58 +59 +60 +61 +62 +63 +64 +65 +66 +67 +68 +69 +70 +71 +72 +73 +74 +75 +76 +77 +78 +79 +80 +81 +82 +83 +84 +85 +86 +87 +88 +89 +90 +91 +92 +93 +94 +95 +96 +97 +98 +99 +100 +101 +102 +103 +104 @
>STPY.0321.00078
+1 +2 +3 +4 +5 +6 +7 +8 +9 +10 +11 +12 +13 +14 +15 +16 +17 +18 +19 +20 +21 +22 +23 +24 +25 +26 +27 +28 +30 +34 +35 +36 +37 +38 +39 +40 +41 +42 +45 +46 +47 +48 +49 +50 +51 +52 +53 +55 +56 +57 +58 +59 +60 +61 +62 +63 +64 +65 +66 +67 +68 +69 +70 +71 +72 +73 +74 +75 +76 +77 +78 +79 +80 +81 +82 +83 +84 +85 +86 +87 +88 +89 +90 +91 +92 +93 +94 +95 +96 +97 +98 +99 +100 -102 -101 +103 +104 @
>STPY.0321.00132
+1 +2 +3 +4 +5 +6 +7 +8 +9 +10 +11 +12 +13 +14 +15 +16 +17 +18 +19 +20 +21 +22 +23 +24 +25 +26 +27 +28 +30 +34 +35 +36 +37 +38 +39 +40 +41 +42 +45 +46 +47 +48 +49 +50 +51 +52 +53 +55 +56 +57 +58 +59 +60 +61 +62 +63 +64 +65 +66 +67 +68 +69 +70 +71 +72 +73 +74 +75 +76 +77 +78 +79 +80 +81 +82 +83 +84 +85 +86 +87 +88 +89 +90 +91 +92 +93 +94 +95 +96 +97 +98 +99 +100 +101 +102 +103 +104 @
>STPY.0321.00115
-3 -2 -1 -104 -103 -102 -101 -100 -99 -98 -97 -96 -95 -94 -93 -92 -91 -90 -89 -88 +13 +14 +15 +16 +17 +18 +19 +20 +21 +22 +23 +24 +25 +26 +27 +28 +30 +34 +35 +36 +37 +38 +39 +40 +41 +42 +45 +46 +47 +48 +49 +50 +51 +52 +53 +55 +56 +57 +58 +59 +60 +61 +62 +63 +64 +65 +66 +67 +68 +69 +70 +71 +72 +73 +74 +75 +76 +77 +78 +79 +80 +81 +82 +83 +84 +85 +86 +87 -12 -11 -10 -9 -8 -7 -6 -5 -4 @
>STPY.0321.00001
+1 +2 +3 +4 +5 +6 +7 +8 +9 +10 +11 +12 -87 -86 -85 -84 -83 -82 -81 -80 -79 -78 -77 -76 -75 -74 -73 -72 -71 -70 -69 -68 -67 -66 -65 -64 -63 -62 -61 -60 -59 -58 -57 -56 -55 -53 -52 -51 -50 -49 -48 -47 -46 -45 -42 -41 -40 -39 -38 -37 -36 -35 -34 -30 -28 -27 -26 -25 -24 -23 -22 -21 -20 -19 -18 -17 -16 -15 -14 -13 +88 +89 +90 +91 +92 +93 +94 +95 +96 +97 +98 +99 +100 +101 +102 +103 +104 @
>STPY.0321.00053
+1 +2 +3 +4 +5 +6 +7 +8 +9 +10 +11 +12 -87 -86 -85 -84 -83 -82 -81 -80 -79 -78 -77 -76 -75 -74 -73 -72 -71 -70 -69 -68 -67 -66 -65 -64 -63 -62 -61 -60 -59 -58 -57 -56 -55 -53 -52 -51 -50 -49 -48 -47 -46 -45 -42 -41 -40 -39 -38 -37 -36 -35 -34 -30 -28 -27 -26 -25 -24 -23 -22 -21 -20 -19 -18 -17 -16 -15 -14 -13 +88 +89 +90 +91 +92 +93 +94 +95 +96 +97 +98 +99 +100 +101 +102 +103 +104 @
>STPY.0321.00090
+1 +2 +3 +4 +5 +6 +7 +8 +9 +10 +11 +12 +13 +14 +15 +16 +17 +18 +19 +20 +21 +22 +23 +24 +25 +26 +27 +28 +30 +34 +35 +36 +37 +38 +39 +40 +41 +42 +45 +46 +47 +48 +49 +50 +51 +52 +53 +55 +56 +57 +58 +59 +60 +61 +62 +63 +64 +65 +66 +67 +68 +69 +70 +71 +72 +73 +74 +75 +76 +77 +78 +79 +80 +81 +82 +83 +84 +85 +86 +87 +88 +89 +90 +91 +92 +93 +94 +95 +96 +97 +98 +99 +100 +101 +102 +103 +104 @
>STPY.0321.00202
+1 +2 +3 +4 +5 +6 +7 +8 +9 +10 +11 +12 -87 -86 -85 -84 -83 -82 -81 -80 -79 -78 -77 -76 -75 -74 -73 -72 -71 -70 -69 -68 -67 -66 -65 -64 -63 -62 -61 -60 -59 -58 -57 -56 -55 -53 -52 -51 -50 -49 -48 -47 -46 -45 -42 -41 -40 -39 -38 -37 -36 -35 -34 -30 -28 -27 -26 -25 -24 -23 -22 -21 -20 -19 -18 -17 -16 -15 -14 -13 +88 +89 +90 +91 +92 +93 +94 +95 +96 +97 +98 +99 +100 +101 +102 +103 +104 @
>STPY.0321.00048
+1 +2 +3 +4 +5 +6 +7 +8 +9 +10 +11 +12 -87 -86 -85 -84 -83 -82 -81 -80 -79 -78 -77 -76 -75 -74 -73 -72 -71 -70 -69 -68 -67 -66 -65 -64 -63 -62 -61 -60 -59 -58 -57 -56 -55 -53 -52 -51 -50 -49 -48 -47 -46 -45 -42 -41 -40 -39 -38 -37 -36 -35 -34 -30 -28 -27 -26 -25 -24 -23 -22 -21 -20 -19 -18 -17 -16 -15 -14 -13 +88 +89 +90 +91 +92 +93 +94 +95 +96 +97 +98 +99 +100 +101 +102 +103 +104 @
>STPY.0321.00113
+1 +2 +3 +4 +5 +6 +7 +8 +9 +10 +11 +12 -87 -86 -85 -84 -83 -82 -81 -80 -79 -78 -77 -76 -75 -74 -73 -72 -71 -70 -69 -68 -67 -66 -65 -64 -63 -62 -61 -60 -59 -58 -57 -56 -55 -53 -52 -51 -50 -49 -48 -47 -46 -45 -42 -41 -40 -39 -38 -37 -36 -35 -34 -30 -28 -27 -26 -25 -24 -23 -22 -21 -20 -19 -18 -17 -16 -15 -14 -13 +88 +89 +90 +91 +92 +93 +94 +95 +96 +97 +98 +99 +100 +101 +102 +103 +104 @
>STPY.0321.00114
+1 +2 +3 +4 +5 +6 +7 +8 +9 +10 +11 +12 -87 -86 -85 -84 -83 -82 -81 -80 -79 -78 -77 -76 -75 -74 -73 -72 -71 -70 -69 -68 -67 -66 -65 -64 -63 -62 -61 -60 -59 -58 -57 -56 -55 -53 -52 -51 -50 -49 -48 -47 -46 -45 -42 -41 -40 -39 -38 -37 -36 -35 -34 -30 -28 -27 -26 -25 -24 -23 -22 -21 -20 -19 -18 -17 -16 -15 -14 -13 +88 +89 +90 +91 +92 +93 +94 +95 +96 +97 +98 +99 +100 +101 +102 +103 +104 @
>STPY.0321.00121
+1 +2 +3 +4 +5 +6 +7 +8 +9 +10 +11 +12 -87 -86 -85 -84 -83 -82 -81 -80 -79 -78 -77 -76 -75 -74 -73 -72 -71 -70 -69 -68 -67 -66 -65 -64 -63 -62 -61 -60 -59 -58 -57 -56 -55 -53 -52 -51 -50 -49 -48 -47 -46 -45 -42 -41 -40 -39 -38 -37 -36 -35 -34 -30 -28 -27 -26 -25 -24 -23 -22 -21 -20 -19 -18 -17 -16 -15 -14 -13 +88 +89 +90 +91 +92 +93 +94 +95 +96 +97 +98 +99 +100 +101 +102 +103 +104 @
>STPY.0321.00137
+1 +2 +3 +4 +5 +6 +7 +8 +9 +10 +11 +12 -87 -86 -85 -84 -83 -82 -81 -80 -79 -78 -77 -76 -75 -74 -73 -72 -71 -70 -69 -68 -67 -66 -65 -64 -63 -62 -61 -60 -59 -58 -57 -56 -55 -53 -52 -51 -50 -49 -48 -47 -46 -45 -42 -41 -40 -39 -38 -37 -36 -35 -34 -30 -28 -27 -26 -25 -24 -23 -22 -21 -20 -19 -18 -17 -16 -15 -14 -13 +88 +89 +90 +91 +92 +93 +94 +95 +96 +97 +98 +99 +100 +101 +102 +103 +104 @
>STPY.0321.00161
+1 +2 +3 +4 +5 +6 +7 +8 +9 +10 +11 +12 -87 -86 -85 -84 -83 -82 -81 -80 -79 -78 -77 -76 -75 -74 -73 -72 -71 -70 -69 -68 -67 -66 -65 -64 -63 -62 -61 -60 -59 -58 -57 -56 -55 -53 -52 -51 -50 -49 -48 -47 -46 -45 -42 -41 -40 -39 -38 -37 -36 -35 -34 -30 -28 -27 -26 -25 -24 -23 -22 -21 -20 -19 -18 -17 -16 -15 -14 -13 +88 +89 +90 +91 +92 +93 +94 +95 +96 +97 +98 +99 +100 +101 +102 +103 +104 @
>STPY.0321.00007
+1 +2 +3 +4 +5 +6 +7 +8 +9 +10 +11 +12 +13 +14 +15 +16 +17 +18 +19 +20 +21 +22 +23 +24 +25 +26 +27 +28 +30 +34 +35 +36 +37 +38 +39 +40 +41 +42 +45 +46 -53 -52 -51 -50 -49 -48 -47 +55 +56 +57 +58 +59 +60 +61 +62 +63 +64 +65 +66 +67 +68 +69 +70 +71 +72 +73 +74 +75 +76 +77 +78 +79 +80 +81 +82 +83 +84 +85 +86 +87 +88 +89 +90 +91 +92 +93 +94 +95 +96 +97 +98 +99 +100 +101 +102 +103 +104 @
>STPY.0321.00205
+1 +2 +3 +4 +5 +6 +7 +8 +9 +10 +11 +12 -87 -86 -85 -84 -83 -82 -81 -80 -79 -78 -77 -76 -75 -74 -73 -72 -71 -70 -69 -68 -67 -66 -65 -64 -63 -62 -61 -60 -59 -58 -57 -56 -55 -53 -52 -51 -50 -49 -48 -47 -46 -45 -42 -41 -40 -39 -38 -37 -36 -35 -34 -30 -28 -27 -26 -25 -24 -23 -22 -21 -20 -19 -18 -17 -16 -15 -14 -13 +88 +89 +90 +91 +92 +93 +94 +95 +96 +97 +98 +99 +100 +101 +102 +103 +104 @
>STPY.0321.00131
+1 +2 +3 +4 +5 +6 +7 -92 -91 -90 -89 -88 -87 -86 -85 -84 -83 -82 -81 -80 -79 -78 -77 -76 -75 -74 -73 -72 -71 -70 -69 -68 -67 -66 -65 -64 -63 -62 -61 -60 -59 -58 -57 -56 -55 -53 -52 -51 -50 -49 -48 -47 -46 -45 -42 -41 -40 -39 -38 -37 -36 -35 -34 -30 -28 -27 -26 -25 -24 -23 -22 -21 -20 -19 -18 -17 -16 -15 -14 -13 -12 -11 -10 -9 -8 +93 +94 +95 +96 +97 +98 +99 +100 +101 +102 +103 +104 @
>STPY.0321.00147
+1 +2 +3 +4 +5 +6 +7 +8 +9 +10 +11 +12 +13 +14 +15 +16 +17 +18 +19 +20 +21 +22 +23 +24 +25 +26 +27 +28 +30 +34 +35 +36 +37 +38 +39 +40 +41 +42 +45 +46 +47 +48 +49 +50 +51 +52 +53 +55 +56 +57 +58 +59 +60 +61 +62 +63 +64 +65 +66 +67 +68 +69 +70 +71 +72 +73 +74 +75 +76 +77 +78 +79 +80 +81 +82 +83 +84 +85 +86 +87 +88 +89 +90 +91 +92 +93 +94 +95 +96 +97 +98 +99 +100 +101 +102 +103 +104 @
>STPY.0321.00126
+1 +2 +3 +4 +5 +6 +7 +8 +9 +10 +11 +12 -87 -86 -85 -84 -83 -82 -81 -80 -79 -78 -77 -76 -75 -74 -73 -72 -71 -70 -69 -68 -67 -66 -65 -64 -63 -62 -61 -60 -59 -58 -57 -56 -55 -53 -52 -51 -50 -49 -48 -47 -46 -45 -42 -41 -40 -39 -38 -37 -36 -35 -34 -30 -28 -27 -26 -25 -24 -23 -22 -21 -20 -19 -18 -17 -16 -15 -14 -13 +88 +89 +90 +91 +92 +93 +94 +95 +96 +97 +98 +99 +100 +101 +102 +103 +104 @
>STPY.0321.00098
+1 +2 +3 +4 +5 +6 +7 +8 +9 +10 +11 +12 +13 +14 +15 +16 +17 +18 +19 +20 +21 +22 +23 +24 +25 +26 +27 +28 +30 +34 +35 +36 +37 +38 +39 +40 +41 +42 +45 +46 +47 +48 +49 +50 +51 +52 +53 +55 +56 +57 +58 +59 +60 +61 +62 +63 +64 +65 +66 +67 +68 +69 +70 +71 +72 +73 +74 +75 +76 +77 +78 +79 +80 +81 +82 +83 +84 +85 +86 +87 +88 +89 +90 +91 +92 +93 +94 +95 +96 +97 +98 +99 +100 +101 +102 +103 +104 @
>STPY.0321.00116
-28 -27 -26 -25 -24 -23 -22 -21 -20 -19 -18 -17 -16 -15 -14 -13 +88 +89 +90 +91 +92 +93 +94 +95 +96 +97 +98 +99 +100 +101 +102 +103 +104 +1 +2 +3 +4 +5 +6 +7 +8 +9 +10 +11 +12 -87 -86 -85 -84 -83 -82 -81 -80 -79 -78 -77 -76 -75 -74 -73 -72 -71 -70 -69 -68 -67 -66 -65 -64 -63 -62 -61 -60 -59 -58 -57 -56 -55 -53 -52 -51 -50 -49 -48 -47 -46 -45 -42 -41 -40 -39 -38 -37 -36 -35 -34 -30 @
>STPY.0321.00156
+1 +2 +3 +4 +5 +6 +7 +8 +9 +10 +11 +12 -87 -86 -85 -84 -83 -82 -81 -80 -79 -78 -77 -76 -75 -74 -73 -72 -71 -70 -69 -68 -67 -66 -65 -64 -63 -62 -61 -60 -59 -58 -57 -56 -55 -53 -52 -51 -50 -49 -48 -47 -46 -45 -42 -41 -40 -39 -38 -37 -36 -35 -34 -30 -28 -27 -26 -25 -24 -23 -22 -21 -20 -19 -18 -17 -16 -15 -14 -13 +88 +89 +90 +91 +92 +93 +94 +95 +96 +97 +98 +99 +100 +101 +102 +103 +104 @
>STPY.0321.00187
+1 +2 +3 +4 +5 +6 +7 +8 +9 +10 +11 +12 -87 -86 -85 -84 -83 -82 -81 -80 -79 -78 -77 -76 -75 -74 -73 -72 -71 -70 -69 -68 -67 -66 -65 -64 -63 -62 -61 -60 -59 -58 -57 -56 -55 -53 -52 -51 -50 -49 -48 -47 -46 -45 -42 -41 -40 -39 -38 -37 -36 -35 -34 -30 -28 -27 -26 -25 -24 -23 -22 -21 -20 -19 -18 -17 -16 -15 -14 -13 +88 +89 +90 +91 +92 +93 +94 +95 +96 +97 +98 +99 +100 +101 +102 +103 +104 @
>STPY.0321.00120
+1 +2 +3 +4 +5 +6 +7 +8 +9 +10 +11 +12 +13 +14 +15 +16 +17 +18 +19 +20 +21 +22 +23 +24 +25 +26 +27 +28 +30 +34 +35 +36 +37 +38 +39 +40 +41 +42 +45 +46 +47 +48 +49 +50 +51 +52 +53 +55 +56 +57 +58 +59 +60 +61 +62 +63 +64 +65 +66 +67 +68 +69 +70 +71 +72 +73 +74 +75 +76 +77 +78 +79 +80 +81 +82 +83 +84 +85 +86 +87 +88 +89 +90 +91 +92 +93 +94 +95 +96 +97 +98 +99 +100 +101 +102 +103 +104 @
>STPY.0321.00100
+1 +2 +3 +4 +5 +6 +7 +8 +9 +10 +11 +12 +13 +14 +15 +16 +17 +18 +19 +20 +21 +22 +23 +24 +25 +26 +27 +28 +30 +34 +35 +36 +37 +38 +39 +40 +41 +42 +45 +46 +47 +48 +49 +50 +51 +52 +53 +55 +56 +57 +58 +59 +60 +61 +62 +63 +64 +65 +66 +67 +68 +69 +70 +71 +72 +73 +74 +75 +76 +77 +78 +79 +80 +81 +82 +83 +84 +85 +86 +87 +88 +89 +90 +91 +92 +93 +94 +95 +96 +97 +98 +99 +100 +101 +102 +103 +104 @
>STPY.0321.00032
+1 +2 +3 +4 +5 +6 +7 +8 +9 +10 +11 +12 +13 +14 +15 +16 +17 +18 +19 +20 +21 +22 +23 +24 +25 +26 +27 +28 +30 +34 +35 +36 +37 +38 +39 +40 +41 +42 +45 +46 +47 +48 +49 +50 +51 +52 +53 +55 +56 +57 +58 +59 +60 +61 +62 +63 +64 +65 +66 +67 +68 +69 +70 +71 +72 +73 +74 +75 +76 +77 +78 +79 +80 +81 +82 +83 +84 +85 +86 +87 +88 +89 +90 +91 +92 +93 +94 +95 +96 +97 +98 +99 +100 +101 +102 +103 +104 @
>STPY.0321.00195
+1 +2 +3 +4 +5 +6 +7 +8 +9 +10 +11 +12 -87 -86 -85 -84 -83 -82 -81 -80 -79 -78 -77 -76 -75 -74 -73 -72 -71 -70 -69 -68 -67 -66 -65 -64 -63 -62 -61 -60 -59 -58 -57 -56 -55 -53 -52 -51 -50 -49 -48 -47 -46 -45 -42 -41 -40 -39 -38 -37 -36 -35 -34 -30 -28 -27 -26 -25 -24 -23 -22 -21 -20 -19 -18 -17 -16 -15 -14 -13 +88 +89 +90 +91 +92 +93 +94 +95 +96 +97 +98 +99 +100 +101 +102 +103 +104 @
>STPY.0321.00084
+1 +2 +3 +4 +5 +6 +7 +8 +9 +10 +11 +12 +13 +14 +15 +16 +17 +18 +19 +20 +21 +22 +23 +24 +25 +26 +27 +28 +30 +34 +35 +36 +37 +38 +39 +40 +41 +42 +45 +46 +47 +48 +49 +50 +51 +52 +53 +55 +56 +57 +58 +59 +60 +61 +62 +63 +64 +65 +66 +67 +68 +69 +70 +71 +72 +73 +74 +75 +76 +77 +78 +79 +80 +81 +82 +83 +84 +85 +86 +87 +88 +89 +90 +91 +92 +93 +94 +95 +96 +97 +98 +99 +100 +101 +102 +103 +104 @
>STPY.0321.00215
+1 +2 +3 +4 +5 +6 +7 +8 +9 +10 +11 +12 -87 -86 -85 -84 -83 -82 -81 -80 -79 -78 -77 -76 -75 -74 -73 -72 -71 -70 -69 -68 -67 -66 -65 -64 -63 -62 -61 -60 -59 -58 -57 -56 -55 -53 -52 -51 -50 -49 -48 -47 -46 -45 -42 -41 -40 -39 -38 -37 -36 -35 -34 -30 -28 -27 -26 -25 -24 -23 -22 -21 -20 -19 -18 -17 -16 -15 -14 -13 +88 +89 +90 +91 +92 +93 +94 +95 +96 +97 +98 +99 +100 +101 +102 +103 +104 @
>STPY.0321.00148
+1 +2 +3 +4 +5 +6 +7 +8 +9 +10 +11 +12 -87 -86 -85 -84 -83 -82 -81 -80 -79 -78 -77 -76 -75 -74 -73 -72 -71 -70 -69 -68 -67 -66 -65 -64 -63 -62 -61 -60 -59 -58 -57 -56 -55 -53 -52 -51 -50 -49 -48 -47 -46 -45 -42 -41 -40 -39 -38 -37 -36 -35 -34 -30 -28 -27 -26 -25 -24 -23 -22 -21 -20 -19 -18 -17 -16 -15 -14 -13 +88 +89 +90 +91 +92 +93 +94 +95 +96 +97 +98 +99 +100 +101 +102 +103 +104 @
>STPY.0321.00104
+1 +2 +3 +4 +5 +6 +7 +8 +9 +10 +11 +12 -87 -86 -85 -84 -83 -82 -81 -80 -79 -78 -77 -76 -75 -74 -73 -72 -71 -70 -69 -68 -67 -66 -65 -64 -63 -62 -61 -60 -59 -58 -57 -56 -55 -53 -52 -51 -50 -49 -48 -47 -46 -45 -42 -41 -40 -39 -38 -37 -36 -35 -34 -30 -28 -27 -26 -25 -24 -23 -22 -21 -20 -19 -18 -17 -16 -15 -14 -13 +88 +89 +90 +91 +92 +93 +94 +95 +96 +97 +98 +99 +100 +101 +102 +103 +104 @
>STPY.0321.00171
+1 +2 +3 +4 +5 +6 +7 +8 +9 +10 +11 +12 -87 -86 -85 -84 -83 -82 -81 -80 -79 -78 -77 -76 -75 -74 -73 -72 -71 -70 -69 -68 -67 -66 -65 -64 -63 -62 -61 -60 -59 -58 -57 -56 -55 -53 -52 -51 -50 -49 -48 -47 -46 -45 -42 -41 -40 -39 -38 -37 -36 -35 -34 -30 -28 -27 -26 -25 -24 -23 -22 -21 -20 -19 -18 -17 -16 -15 -14 -13 +88 +89 +90 +91 +92 +93 +94 +95 +96 +97 +98 +99 +100 +101 +102 +103 +104 @
>STPY.0321.00003
+1 +2 +3 +4 +5 +6 +7 +8 +9 +10 +11 +12 +13 +14 +15 +16 +17 +18 +19 +20 +21 +22 +23 +24 +25 +26 +27 +28 +30 +34 +35 +36 +37 +38 +39 +40 +41 +42 +45 +46 -53 -52 -51 -50 -49 -48 -47 +55 +56 +57 +58 +59 +60 +61 +62 +63 +64 +65 +66 +67 +68 +69 +70 +71 +72 +73 +74 +75 +76 +77 +78 +79 +80 +81 +82 +83 +84 +85 +86 +87 +88 +89 +90 +91 +92 +93 +94 +95 +96 +97 +98 +99 +100 +101 +102 +103 +104 @
>STPY.0321.00162
+1 +2 +3 +4 +5 +6 +7 +8 +9 +10 +11 +12 -87 -86 -85 -84 -83 -82 -81 -80 -79 -78 -77 -76 -75 -74 -73 -72 -71 -70 -69 -68 -67 -66 -65 -64 -63 -62 -61 -60 -59 -58 -57 -56 -55 -53 -52 -51 -50 -49 -48 -47 -46 -45 -42 -41 -40 -39 -38 -37 -36 -35 -34 -30 -28 -27 -26 -25 -24 -23 -22 -21 -20 -19 -18 -17 -16 -15 -14 -13 +88 +89 +90 +91 +92 +93 +94 +95 +96 +97 +98 +99 +100 +101 +102 +103 +104 @
>STPY.0321.00160
+1 +2 +3 +4 +5 +6 +7 +8 +9 +10 +11 +12 -87 -86 -85 -84 -83 -82 -81 -80 -79 -78 -77 -76 -75 -74 -73 -72 -71 -70 -69 -68 -67 -66 -65 -64 -63 -62 -61 -60 -59 -58 -57 -56 -55 -53 -52 -51 -50 -49 -48 -47 -46 -45 -42 -41 -40 -39 -38 -37 -36 -35 -34 -30 -28 -27 -26 -25 -24 -23 -22 -21 -20 -19 -18 -17 -16 -15 -14 -13 +88 +89 +90 +91 +92 +93 +94 +95 +96 +97 +98 +99 +100 +101 +102 +103 +104 @
>STPY.0321.00142
+1 +2 +3 +4 +5 +6 +7 +8 +9 +10 +11 +12 +13 +14 +15 +16 +17 +18 +19 +20 +21 +22 +23 +24 +25 +26 +27 +28 +30 +34 +35 +36 +37 +38 +39 +40 +41 +42 +45 +46 +47 +48 +49 +50 +51 +52 +53 +55 +56 +57 +58 +59 +60 +61 +62 +63 +64 +65 +66 +67 +68 +69 +70 +71 +72 +73 +74 +75 +76 +77 +78 +79 +80 +81 +82 +83 +84 +85 +86 +87 +88 +89 +90 +91 +92 +93 +94 +95 +96 +97 +98 +99 +100 +101 +102 +103 +104 @
>STPY.0321.00063
+1 +2 +3 +4 +5 +6 +7 +8 +9 +10 +11 +12 -87 -86 -85 -84 -83 -82 -81 -80 -79 -78 -77 -76 -75 -74 -73 -72 -71 -70 -69 -68 -67 -66 -65 -64 -63 -62 -61 -60 -59 -58 -57 -56 -55 -53 -52 -51 -50 -49 -48 -47 -46 -45 -42 -41 -40 -39 -38 -37 -36 -35 -34 -30 -28 -27 -26 -25 -24 -23 -22 -21 -20 -19 -18 -17 -16 -15 -14 -13 +88 +89 +90 +91 +92 +93 +94 +95 +96 +97 +98 +99 +100 +101 +102 +103 +104 @
>STPY.0321.00107
+1 +2 +3 +4 +5 +6 +7 +8 +9 +10 +11 +12 +13 +14 +15 +16 +17 +18 +19 +20 +21 +22 +23 +24 +25 +26 +27 +28 +30 +34 +35 +36 +37 +38 +39 +40 +41 +42 +45 +46 +47 +48 +49 +50 +51 +52 +53 +55 +56 +57 +58 +59 +60 +61 +62 +63 +64 +65 +66 +67 +68 +69 +70 +71 +72 +73 +74 +75 +76 +77 +78 +79 +80 +81 +82 +83 +84 +85 +86 +87 +88 +89 +90 +91 +92 +93 +94 +95 +96 +97 +98 +99 +100 +101 +102 +103 +104 @
>STPY.0321.00140
+1 +2 +3 +4 +5 +6 +7 +8 +9 +10 +11 +12 -87 -86 -85 -84 -83 -82 -81 -80 -79 -78 -77 -76 -75 -74 -73 -72 -71 -70 -69 -68 -67 -66 -65 -64 -63 -62 -61 -60 -59 -58 -57 -56 -55 -53 -52 -51 -50 -49 -48 -47 -46 -45 -42 -41 -40 -39 -38 -37 -36 -35 -34 -30 -28 -27 -26 -25 -24 -23 -22 -21 -20 -19 -18 -17 -16 -15 -14 -13 +88 +89 +90 +91 +92 +93 +94 +95 +96 +97 +98 +99 +100 +101 +102 +103 +104 @
>STPY.0321.00073
+1 +2 +3 +4 +5 +6 +7 +8 +9 +10 +11 +12 +13 +14 +15 +16 +17 +18 +19 +20 +21 +22 +23 +24 +25 +26 +27 +28 +30 +34 +35 +36 +37 +38 +39 +40 +41 +42 +45 +46 +47 +48 +49 +50 +51 +52 +53 +55 +56 +57 +58 +59 +60 +61 +62 +63 +64 +65 +66 +67 +68 +69 +70 +71 +72 +73 +74 +75 +76 +77 +78 +79 +80 +81 +82 +83 +84 +85 +86 +87 +88 +89 +90 +91 +92 +93 +94 +95 +96 +97 +98 +99 +100 +101 +102 +103 +104 @
>STPY.0321.00125
+1 +2 +3 +4 +5 +6 +7 +8 +9 +10 +11 +12 -87 -86 -85 -84 -83 -82 -81 -80 -79 -78 -77 -76 -75 -74 -73 -72 -71 -70 -69 -68 -67 -66 -65 -64 -63 -62 -61 -60 -59 -58 -57 -56 -55 -53 -52 -51 -50 -49 -48 -47 -46 -45 -42 -41 -40 -39 -38 -37 -36 -35 -34 -30 -28 -27 -26 -25 -24 -23 -22 -21 -20 -19 -18 -17 -16 -15 -14 -13 +88 +89 +90 +91 +92 +93 +94 +95 +96 +97 +98 +99 +100 +101 +102 +103 +104 @
>STPY.0321.00123
+1 +2 +3 +4 +5 +6 +7 +8 +9 +10 +11 +12 -87 -86 -85 -84 -83 -82 -81 -80 -79 -78 -77 -76 -75 -74 -73 -72 -71 -70 -69 -68 -67 -66 -65 -64 -63 -62 -61 -60 -59 -58 -57 -56 -55 -53 -52 -51 -50 -49 -48 -47 -46 -45 -42 -41 -40 -39 -38 -37 -36 -35 -34 -30 -28 -27 -26 -25 -24 -23 -22 -21 -20 -19 -18 -17 -16 -15 -14 -13 +88 +89 +90 +91 +92 +93 +94 +95 +96 +97 +98 +99 +100 +101 +102 +103 +104 @
>STPY.0321.00136
+1 +2 +3 +4 +5 +6 +7 +8 +9 +10 +11 +12 +13 +14 +15 +16 +17 +18 +19 +20 +21 +22 +23 +24 +25 +26 +27 +28 +30 +34 +35 +36 +37 +38 +39 +40 +41 +42 +45 +46 +47 +48 +49 +50 +51 +52 +53 +55 +56 +57 +58 +59 +60 +61 +62 +63 +64 +65 +66 +67 +68 +69 +70 +71 +72 +73 +74 +75 +76 +77 +78 +79 +80 +81 +82 +83 +84 +85 +86 +87 +88 +89 +90 +91 +92 +93 +94 +95 +96 +97 +98 +99 +100 +101 +102 +103 +104 @
>STPY.0321.00194
+1 +2 +3 +4 +5 +6 +7 +8 +9 +10 +11 +12 -87 -86 -85 -84 -83 -82 -81 -80 -79 -78 -77 -76 -75 -74 -73 -72 -71 -70 -69 -68 -67 -66 -65 -64 -63 -62 -61 -60 -59 -58 -57 -56 -55 -53 -52 -51 -50 -49 -48 -47 -46 -45 -42 -41 -40 -39 -38 -37 -36 -35 -34 -30 -28 -27 -26 -25 -24 -23 -22 -21 -20 -19 -18 -17 -16 -15 -14 -13 +88 +89 +90 +91 +92 +93 +94 +95 +96 +97 +98 +99 +100 +101 +102 +103 +104 @
>STPY.0321.00145
+1 +2 +3 +4 +5 +6 +7 +8 +9 +10 +11 +12 -87 -86 -85 -84 -83 -82 -81 -80 -79 -78 -77 -76 -75 -74 -73 -72 -71 -70 -69 -68 -67 -66 -65 -64 -63 -62 -61 -60 -59 -58 -57 -56 -55 -53 -52 -51 -50 -49 -48 -47 -46 -45 -42 -41 -40 -39 -38 -37 -36 -35 -34 -30 -28 -27 -26 -25 -24 -23 -22 -21 -20 -19 -18 -17 -16 -15 -14 -13 +88 +89 +90 +91 +92 +93 +94 +95 +96 +97 +98 +99 +100 +101 +102 +103 +104 @
>STPY.0321.00059
+1 +2 +3 +4 +5 +6 +7 +8 +9 +10 +11 +12 -87 -86 -85 -84 -83 -82 -81 -80 -79 -78 -77 -76 -75 -74 -73 -72 -71 -70 -69 -68 -67 -66 -65 -64 -63 -62 -61 -60 -59 -58 -57 -56 -55 -53 -52 -51 -50 -49 -48 -47 -46 -45 -42 -41 -40 -39 -38 -37 -36 -35 -34 -30 -28 -27 -26 -25 -24 -23 -22 -21 -20 -19 -18 -17 -16 -15 -14 -13 +88 +89 +90 +91 +92 +93 +94 +95 +96 +97 +98 +99 +100 +101 +102 +103 +104 @
>STPY.0321.00135
+1 +2 +3 +4 +5 +6 +7 +8 +9 +10 +11 +12 +13 +14 +15 +16 +17 +18 +19 +20 +21 +22 +23 +24 +25 +26 +27 +28 +30 +34 +35 +36 +37 +38 +39 +40 +41 +42 +45 +46 +47 +48 +49 +50 +51 +52 +53 +55 +56 +57 +58 +59 +60 +61 +62 +63 +64 +65 +66 +67 +68 +69 +70 +71 +72 +73 +74 +75 +76 +77 +78 +79 +80 +81 +82 +83 +84 +85 +86 +87 +88 +89 +90 +91 +92 +93 +94 +95 +96 +97 +98 +99 +100 +101 +102 +103 +104 @
>STPY.0321.00151
+1 +2 +3 +4 +5 +6 +7 +8 +9 +10 +11 +12 +13 +14 +15 +16 +17 +18 +19 +20 +21 +22 +23 +24 +25 +26 +27 +28 +30 +34 +35 +36 +37 +38 +39 +40 +41 +42 +45 +46 +47 +48 +49 +50 +51 +52 +53 +55 +56 +57 +58 +59 +60 +61 +62 +63 +64 +65 +66 +67 +68 +69 +70 +71 +72 +73 +74 +75 +76 +77 +78 +79 +80 +81 +82 +83 +84 +85 +86 +87 +88 +89 +90 +91 +92 +93 +94 +95 +96 +97 +98 +99 +100 +101 +102 +103 +104 @
>STPY.0321.00005
+1 +2 +3 +4 +5 +6 +7 +8 +9 +10 +11 +12 -87 -86 -85 -84 -83 -82 -81 -80 -79 -78 -77 -76 -75 -74 -73 -72 -71 -70 -69 -68 -67 -66 -65 -64 -63 -62 -61 -60 -59 -58 -57 -56 -55 -53 -52 -51 -50 -49 -48 -47 -46 -45 -42 -41 -40 -39 -38 -37 -36 -35 -34 -30 -28 -27 -26 -25 -24 -23 -22 -21 -20 -19 -18 -17 -16 -15 -14 -13 +88 +89 +90 +91 +92 +93 +94 +95 +96 +97 +98 +99 +100 +101 +102 +103 +104 @
>STPY.0321.00206
+1 +2 +3 +4 +5 +6 +7 +8 +9 +10 +11 +12 -87 -86 -85 -84 -83 -82 -81 -80 -79 -78 -77 -76 -75 -74 -73 -72 -71 -70 -69 -68 -67 -66 -65 -64 -63 -62 -61 -60 -59 -58 -57 -56 -55 -53 -52 -51 -50 -49 -48 -47 -46 -45 -42 -41 -40 -39 -38 -37 -36 -35 -34 -30 -28 -27 -26 -25 -24 -23 -22 -21 -20 -19 -18 -17 -16 -15 -14 -13 +88 +89 +90 +91 +92 +93 +94 +95 +96 +97 +98 +99 +100 +101 +102 +103 +104 @
>STPY.0321.00139
+1 +2 +3 -87 -86 -85 -84 -83 -82 -81 -80 -79 -78 -77 -76 -75 -74 -73 -72 -71 -70 -69 -68 -67 -66 -65 -64 -63 -62 -61 -60 -59 -58 -57 -56 -55 -53 -52 -51 -50 -49 -48 -47 -46 -45 -42 -41 -40 -39 -38 -37 -36 -35 -34 -30 -28 -27 -26 -25 -24 -23 -22 -21 -20 -19 -18 -17 -16 -15 -14 -13 -12 -11 -10 -9 -8 -7 -6 -5 -4 +88 +89 +90 +91 +92 +93 +94 +95 +96 +97 +98 +99 +100 +101 +102 +103 +104 @
>STPY.0321.00143
+1 +2 +3 +4 +5 +6 +7 +8 +9 +10 +11 +12 -87 -86 -85 -84 -83 -82 -81 -80 -79 -78 +34 +35 +36 +37 +38 +39 +40 +41 +42 +45 +46 +47 +48 +49 +50 +51 +52 +53 +55 +56 +57 +58 +59 +60 +61 +62 +63 +64 +65 +66 +67 +68 +69 +70 +71 +72 +73 +74 +75 +76 +77 -30 -28 -27 -26 -25 -24 -23 -22 -21 -20 -19 -18 -17 -16 -15 -14 -13 +88 +89 +90 +91 +92 +93 +94 +95 +96 +97 +98 +99 +100 +101 +102 +103 +104 @
>STPY.0321.00176
+1 +2 +3 +4 +5 +6 +7 +8 +9 +10 +11 +12 +13 +14 +15 +16 +17 +18 +19 +20 +21 +22 +23 +24 +25 +26 +27 +28 +30 +34 +35 +36 +37 -70 -69 -68 -67 -66 -65 -64 -63 -62 -61 -60 -59 -58 -57 +47 +48 +49 +50 +51 +52 +53 +55 +56 -46 -45 -42 -41 -40 -39 -38 +71 +72 +73 +74 +75 +76 +77 +78 +79 +80 +81 +82 +83 +84 +85 +86 +87 +88 +89 +90 +91 +92 +93 +94 +95 +96 +97 +98 +99 +100 +101 +102 +103 +104 @
>STPY.0321.00088
+1 +2 +3 +4 +5 +6 +7 +8 +9 +10 +11 +12 +13 +14 +15 +16 +17 +18 +19 +20 +21 +22 +23 +24 +25 +26 +27 +28 +30 +34 +35 +36 +37 +38 +39 +40 +41 +42 +45 +46 +47 +48 +49 +50 +51 +52 +53 +55 +56 +57 +58 +59 +60 +61 +62 +63 +64 +65 +66 +67 +68 +69 +70 +71 +72 +73 +74 +75 +76 +77 +78 +79 +80 +81 +82 +83 +84 +85 +86 +87 +88 +89 +90 +91 +92 +93 +94 +95 +96 +97 +98 +99 +100 +101 +102 +103 +104 @
>STPY.0321.00163
+1 +2 +3 +4 +5 +6 +7 +8 +9 +10 +11 +12 +13 +14 +15 +16 +17 +18 +19 +20 +21 +22 +23 +24 +25 +26 +27 +28 +30 +34 +35 +36 +37 +38 +39 +40 +41 +42 +45 +46 +47 +48 +49 +50 +51 +52 +53 +55 +56 +57 +58 +59 +60 +61 +62 +63 +64 +65 +66 +67 +68 +69 +70 +71 +72 +73 +74 +75 +76 +77 +78 +79 +80 +81 +82 +83 +84 +85 +86 +87 +88 +89 +90 +91 +92 +93 +94 +95 +96 +97 +98 +99 +100 +101 +102 +103 +104 @
>STPY.0321.00174
+1 +2 +3 +4 +5 +6 +7 +8 +9 +10 +11 +12 -87 -86 -85 -84 -83 -82 -81 -80 -79 -78 -77 -76 -75 -74 -73 -72 -71 -70 -69 -68 -67 -66 -65 -64 -63 -62 -61 -60 -59 -58 -57 -56 -55 -53 -52 -51 -50 -49 -48 -47 -46 -45 -42 -41 -40 -39 -38 -37 -36 -35 -34 -30 -28 -27 -26 -25 -24 -23 -22 -21 -20 -19 -18 -17 -16 -15 -14 -13 +88 +89 +90 +91 +92 +93 +94 +95 +96 +97 +98 +99 +100 +101 +102 +103 +104 @
>STPY.0321.00037
+1 +2 +3 +4 +5 +6 +7 +8 +9 +10 +11 +12 -87 -86 -85 -84 -83 -82 -81 -80 -79 -78 -77 -76 -75 -74 -73 -72 -71 -70 -69 -68 -67 -66 -65 -64 -63 -62 -61 -60 -59 -58 -57 -56 -55 -53 -52 -51 -50 -49 -48 -47 -46 -45 -42 -41 -40 -39 -38 -37 -36 -35 -34 -30 -28 -27 -26 -25 -24 -23 -22 -21 -20 -19 -18 -17 -16 -15 -14 -13 +88 +89 +90 +91 +92 +93 +94 +95 +96 +97 +98 +99 +100 +101 +102 +103 +104 @
>STPY.0321.00153
+1 +18 +19 +20 +21 +22 +23 +24 +25 +26 +27 +28 +30 +34 +35 +36 +37 +38 +39 +40 +41 +42 +45 +46 +47 +48 +49 +50 +51 +52 +53 +55 +56 +57 +58 +59 +60 +61 +62 +63 +64 +65 +66 +67 +68 +69 +70 +71 +72 +73 +74 +75 +76 +77 +78 +79 +80 +81 +82 +83 +84 +85 +86 +87 -17 -16 -15 -14 -13 -12 -11 -10 -9 -8 -7 -6 -5 -4 -3 -2 +88 +89 +90 +91 +92 +93 +94 +95 +96 +97 +98 +99 +100 +101 +102 +103 +104 @
>STPY.0321.00044
+1 +2 +3 +4 +5 +6 +7 +8 +9 +10 +11 +12 -87 -86 -85 -84 -83 -82 -81 -80 -79 -78 -77 -76 -75 -74 -73 -72 -71 -70 -69 -68 -67 -66 -65 -64 -63 -62 -61 -60 -59 -58 -57 -56 -55 -53 -52 -51 -50 -49 -48 -47 -46 -45 -42 -41 -40 -39 -38 -37 -36 -35 -34 -30 -28 -27 -26 -25 -24 -23 -22 -21 -20 -19 -18 -17 -16 -15 -14 -13 +88 +89 +90 +91 +92 +93 +94 +95 +96 +97 +98 +99 +100 +101 +102 +103 +104 @
>STPY.0321.00164
+1 +2 +3 +4 +5 +6 +7 +8 +9 +10 +11 +12 -87 -86 -85 -84 -83 -82 -81 -80 -79 -78 -77 -76 -75 -74 -73 -72 -71 -70 -69 -68 -67 -66 -65 -64 -63 -62 -61 -60 -59 -58 -57 -56 -55 -53 -52 -51 -50 -49 -48 -47 -46 -45 -42 -41 -40 -39 -38 -37 -36 -35 -34 -30 -28 -27 -26 -25 -24 -23 -22 -21 -20 -19 -18 -17 -16 -15 -14 -13 +88 +89 +90 +91 +92 +95 +96 +97 +98 +99 +100 +101 +102 +103 +104 @
>STPY.0321.00060
+1 +2 +3 +4 +5 +6 +7 +8 +9 +10 +11 +12 -87 -86 -85 -84 -83 -82 -81 -80 -79 -78 -77 -76 -75 -74 -73 -72 -71 -70 -69 -68 -67 -66 -65 -64 -63 -62 -61 -60 -59 -58 -57 -56 -55 -53 -52 -51 -50 -49 -48 -47 -46 -45 -42 -41 -40 -39 -38 -37 -36 -35 -34 -30 -28 -27 -26 -25 -24 -23 -22 -21 -20 -19 -18 -17 -16 -15 -14 -13 +88 +89 +90 +91 +92 +93 +94 +95 +96 +97 +98 +99 +100 +101 +102 +103 +104 @
>STPY.0321.00166
+1 +2 +3 +4 +5 +6 +7 +8 +9 +10 +11 +12 +13 +14 +15 +16 +17 +18 +19 +20 +21 +22 +23 +24 +25 +26 +27 +28 +30 +34 +35 +36 +37 +38 +39 +40 +41 +42 +45 +46 +47 +48 +49 +50 +51 +52 +53 +55 +56 +57 +58 +59 +60 +61 +62 +63 +64 +65 +66 +67 +68 +69 +70 +71 +72 +73 +74 +75 +76 +77 +78 +79 +80 +81 +82 +83 +84 +85 +86 +87 +88 +89 +90 +91 +92 +93 +94 +95 +96 +97 +98 +99 +100 +101 +102 +103 +104 @
>STPY.0321.00192
-70 -69 -68 -67 -66 -65 -64 -63 -62 -61 -60 -59 -58 -57 -56 -55 -53 +45 +46 +47 +48 +49 +50 +51 +52 -42 -41 -40 -39 -38 -37 -36 -35 -34 -30 -28 -27 -26 -25 -24 -23 -22 -21 -20 -19 -18 -17 -16 -15 -14 -13 +88 +89 +90 +91 +92 +93 +94 +95 +96 +97 +98 +84 +85 +86 +87 -12 -11 -10 -9 -8 -7 -6 -5 -4 -3 -2 -1 -104 -103 -102 -101 -100 -99 -83 -82 -81 -80 -79 -78 -77 -76 -75 -74 -73 -72 -71 @
>STPY.0321.00193
-1 -104 -103 -102 -101 -100 -99 -98 -97 -96 -95 -94 -93 -92 -91 -90 -89 -88 +13 +14 +15 +16 +17 +18 +19 +20 +21 +22 +23 +24 +25 +26 +27 +28 +30 +34 +35 +36 +37 +38 +39 +40 +41 +42 +45 +46 +47 +48 +49 +50 +51 +52 +53 +55 +56 +57 +58 +59 +60 +61 +62 +63 +64 +65 +66 +67 +68 +69 +70 +71 +72 +73 +74 +75 +76 +77 +78 +79 +80 +81 +82 +83 +84 +85 +86 +87 -12 -11 -10 -9 -8 -7 -6 -5 -4 -3 -2 @
>STPY.0321.00154
+1 +2 +3 +4 +5 +6 +7 +8 +9 +10 +11 +12 +13 +14 +15 +16 +17 +18 +19 +20 +21 +22 +23 +24 +25 +26 +27 +28 +30 +34 +35 +36 +37 +38 +39 +40 +41 +42 +45 +46 +47 +48 +49 +50 +51 +52 +53 +55 +56 +57 +58 +59 +60 +61 +62 +63 +64 +65 +66 +67 +68 +69 +70 +71 +72 +73 +74 +75 +76 +77 +78 +79 +80 +81 +82 +83 +84 +85 +86 +87 +88 +89 +90 +91 +92 +93 +94 +95 +96 +97 +98 +99 +100 +101 +102 +103 +104 @
>STPY.0321.00055
+1 +2 +3 +4 +5 +6 +7 +8 +9 +10 +11 +12 -87 -86 -85 -84 -83 -82 -81 -80 -79 -78 -77 -76 -75 -74 -73 -72 -71 -70 -69 -68 -67 -66 -65 -64 -63 -62 -61 -60 -59 -58 -57 -56 -55 -53 -52 -51 -50 -49 -48 -47 -46 -45 -42 -41 -40 -39 -38 -37 -36 -35 -34 -30 -28 -27 -26 -25 -24 -23 -22 -21 -20 -19 -18 -17 -16 -15 -14 -13 +88 +89 +90 +91 +92 +93 +94 +95 +96 +97 +98 +99 +100 +101 +102 +103 +104 @
>STPY.0321.00155
+1 +2 +3 +4 +5 +6 +7 +8 +9 +10 +11 +12 +13 +14 +15 +16 +17 +18 +19 +20 +21 +22 +23 +24 +25 +26 +27 +28 +30 +34 +35 +36 +37 +38 +39 +40 +41 +42 +45 +46 +47 +48 +49 +50 +51 +52 +53 +55 +56 +57 +58 +59 +60 +61 +62 +63 +64 +65 +66 +67 +68 +69 +70 +71 +72 +73 +74 +75 +76 +77 +78 +79 +80 +81 +82 +83 +84 +85 +86 +87 +88 +89 +90 +91 +92 +93 +94 +95 +96 +97 +98 +99 +100 +101 +102 +103 +104 @
>STPY.0321.00074
+1 +2 +3 +4 +5 +6 +7 +8 +9 +10 +11 +12 +13 +14 +15 +16 +17 +18 +19 +20 +21 +22 +23 +24 +25 +26 +27 +28 +30 +34 +35 +36 +37 +38 +39 +40 +41 +42 +45 +46 +47 +48 +49 +50 +51 +52 +53 +55 +56 +57 +58 +59 +60 +61 +62 +63 +64 +65 +66 +67 +68 +69 +70 +71 +72 +73 +74 +75 +76 +77 +78 +79 +80 +81 +82 +83 +84 +85 +86 +87 +88 +89 +90 +91 +92 +93 +94 +95 +96 +97 +98 +99 +100 +101 +102 +103 +104 @
>STPY.0321.00167
+1 +2 +3 +4 +5 +6 +7 +8 +9 +10 +11 +12 +13 +14 +15 +16 +17 +18 +19 +20 +21 +22 +23 +24 +25 +26 +27 +28 +30 +34 +35 +36 +37 +38 +39 +40 +41 +42 +45 +46 +47 +48 +49 +50 +51 +52 +53 +55 +56 +57 +58 +59 +60 +61 +62 +63 +64 +65 +66 +67 +68 +69 +70 +71 +72 +73 +74 +75 +76 +77 +78 +79 +80 +81 +82 +83 +84 +85 +86 +87 +88 +89 +90 +91 +92 +93 +94 +95 +96 +97 +98 +99 +100 +101 +102 +103 +104 @
>STPY.0321.00112
+1 +2 +3 +4 +5 +6 +7 +8 +9 +10 +11 +12 -87 -86 -85 -84 -83 -82 -81 -80 -79 -78 -77 -76 -75 -74 -73 -72 -71 -70 -69 -68 -67 -66 -65 -64 -63 -62 -61 -60 -59 -58 -57 -56 -55 -53 -52 -51 -50 -49 -48 -47 -46 -45 -42 -41 -40 -39 -38 -37 -36 -35 -34 -30 -28 -27 -26 -25 -24 -23 -22 -21 -20 -19 -18 -17 -16 -15 -14 -13 +88 +89 +90 +91 +92 +93 +94 +95 +96 +97 +98 +99 +100 +101 +102 +103 +104 @
>STPY.0321.00169
+1 +2 +3 +4 +5 +6 +7 +8 +9 +10 +11 +12 -87 -86 -85 -84 -83 -82 -81 -80 -79 -78 -77 -76 -75 -74 -73 -72 -71 -70 -69 -68 -67 -66 -65 -64 -63 -62 -61 -60 -59 -58 -57 -56 -55 -53 -52 -51 -50 -49 -48 -47 -46 -45 -42 -41 -40 -39 -38 -37 -36 -35 -34 -30 -28 -27 -26 -25 -24 -23 -22 -21 -20 -19 -18 -17 -16 -15 -14 -13 +88 +89 +90 +91 +92 +93 +94 +95 +96 +97 +98 +99 +100 +101 +102 +103 +104 @
>STPY.0321.00144
+1 +2 +3 +4 +5 +6 +7 +8 +9 +10 +11 +12 -87 -86 -85 -84 -83 -82 -81 -80 -79 -78 -77 -76 -75 -74 -73 -72 -71 -70 -69 -68 -67 -66 -65 -64 -63 -62 -61 -60 -59 -58 -57 -56 -55 -53 -52 -51 -50 -49 -48 -47 -46 -45 -42 -41 -40 -39 -38 -37 -36 -35 -34 -30 -28 -27 -26 -25 -24 -23 -22 -21 -20 -19 -18 -17 -16 -15 -14 -13 +88 +89 +90 +91 +92 +93 +94 +95 +96 +97 +98 +99 +100 +101 +102 +103 +104 @
>STPY.0321.00157
+1 +2 +3 +4 +5 +6 +7 +8 +9 +10 +11 +12 +13 +14 +15 +16 +17 +18 +19 +20 +21 +22 +23 +24 +25 +26 +27 +28 +30 +34 +35 +36 +37 +38 +39 +40 +41 +42 +45 +46 +47 +48 +49 +50 +51 +52 +53 +55 +56 +57 +58 +59 +60 +61 +62 +63 +64 +65 +66 +67 +68 +69 +70 +71 +72 +73 +74 +75 +76 +77 +78 +79 +80 +81 +82 +83 +84 +85 +86 +87 +88 +89 +90 +91 +92 +93 +94 +95 +96 +97 +98 +99 +100 +101 +102 +103 +104 @
>STPY.0321.00168
+1 +2 +3 +4 +5 +6 +7 +8 +9 +10 +11 +12 -87 -86 -85 -84 -83 -82 -81 -80 -79 -78 -77 -76 -75 -74 -73 -72 -71 -70 -69 -68 -67 -66 -65 -64 -63 -62 -61 -60 -59 -58 -57 -56 -55 -53 -52 -51 -50 -49 -48 -47 -46 -45 -42 -41 -40 -39 -38 -37 -36 -35 -34 -30 -28 -27 -26 -25 -24 -23 -22 -21 -20 -19 -18 -17 -16 -15 -14 -13 +88 +89 +90 +91 +92 +93 +94 +95 +96 +97 +98 +99 +100 +101 +102 +103 +104 @
>STPY.0321.00041
+1 +2 +3 +4 +5 +6 +7 +8 +9 +10 +11 +12 +13 +14 +15 +16 +17 +18 +19 +20 +21 +22 +23 +24 +25 +26 +27 +28 +30 +34 +35 +36 +37 +38 +39 +40 +41 +42 +45 +46 +47 +48 +49 +50 +51 +52 +53 +55 +56 +57 +58 +59 +60 +61 +62 +63 +64 +65 +66 +67 +68 +69 +70 +71 +72 +73 +74 +75 +76 +77 +78 +79 +80 +81 +82 +83 +84 +85 +86 +87 +88 +89 +90 +91 +92 +93 +94 +95 +96 +97 +98 +99 +100 +101 +102 +103 +104 @
>STPY.0321.00146
+1 +2 +3 +4 +5 +6 +7 +8 +9 +10 +11 +12 +13 +14 +15 +16 +17 +18 +19 +20 +21 +22 +23 +24 +25 +26 +27 +28 +30 +34 +35 +36 +37 +38 +39 +40 +41 +42 +45 +46 +47 +48 +49 +50 +51 +52 +53 +55 +56 +57 +58 +59 +60 +61 +62 +63 +64 +65 +66 +67 +68 +69 +70 +71 +72 +73 +74 +75 +76 +77 +78 +79 +80 +81 +82 +83 +84 +85 +86 +87 +88 +89 +90 +91 +92 +93 +94 +95 +96 +97 +98 +99 +100 +101 +102 +103 +104 @
>STPY.0321.00119
+1 +2 +3 +4 +5 +6 +7 +8 +9 +10 +11 +12 +13 +14 +15 +16 +17 +18 +19 +20 +21 +22 +23 +24 +25 +26 +27 +28 +30 +34 +35 +36 +37 +38 +39 +40 +41 +42 +45 +46 +47 +48 +49 +50 +51 +52 +53 +55 +56 +57 +58 +59 +60 +61 +62 +63 +64 +65 +66 +67 +68 +69 +70 +71 +72 +73 +74 +75 +76 +77 +78 +79 +80 +81 +82 +83 +84 +85 +86 +87 +88 +89 +90 +91 +92 +93 +94 +95 +96 +97 +98 +99 +100 +101 +102 +103 +104 @
>STPY.0321.00118
+1 +2 +3 +4 +5 +6 +7 +8 +9 +10 +11 +12 +13 +14 +15 +16 +17 +18 +19 +20 +21 +22 +23 +24 +25 +26 +27 +28 +30 +34 +35 +36 +37 +38 +39 +40 +41 +42 +45 +46 +47 +48 +49 +50 +51 +52 +53 +55 +56 +57 +58 +59 +60 +61 +62 +63 +64 +65 +66 +67 +68 +69 +70 +71 +72 +73 +74 +75 +76 +77 +78 +79 +80 +81 +82 +83 +84 +85 +86 +87 +88 +89 +90 +91 +92 +93 +94 +95 +96 +97 +98 +99 +100 +101 +102 +103 +104 @
>STPY.0321.00049
+1 +2 +3 +4 +5 +6 +7 +8 +9 +10 +11 +12 +13 +14 +15 +16 +17 +18 +19 +20 +21 +22 +23 +24 +25 +26 +27 +28 +30 +34 +35 +36 +37 +38 +39 +40 +41 +42 +45 +46 +47 +48 +49 +50 +51 +52 +53 +55 +56 +57 +58 +59 +60 +61 +62 +63 +64 +65 +66 +67 +68 +69 +70 +71 +72 +73 +74 +75 +76 +77 +78 +79 +80 +81 +82 +83 +84 +85 +86 +87 +88 +89 +90 +91 +92 +93 +94 +95 +96 +97 +98 +99 +100 +101 +102 +103 +104 @
>STPY.0321.00046
+1 +2 +3 +4 +5 +6 +7 +8 +9 +10 +11 +12 -87 -86 -85 -84 -83 -82 -81 -80 -79 -78 -77 -76 -75 -74 -73 -72 -71 -70 -69 -68 -67 -66 -65 -64 -63 -62 -61 -60 -59 -58 -57 -56 -55 -53 -52 -51 -50 -49 -48 -47 -46 -45 -42 -41 -40 -39 -38 -37 -36 -35 -34 -30 -28 -27 -26 -25 -24 -23 -22 -21 -20 -19 -18 -17 -16 -15 -14 -13 +88 +89 +90 +91 +92 +93 +94 +95 +96 +97 +98 +99 +100 +101 +102 +103 +104 @
>STPY.0321.00043
+1 +2 +3 +4 +5 +6 +7 +8 +9 +10 +11 +12 +13 +14 +15 +16 +17 +18 +19 +20 +21 +22 +23 +24 +25 +26 +27 +28 +30 +34 +35 +36 +37 +38 +39 +40 +41 +42 +45 +46 +47 +48 +49 +50 +51 +52 +53 +55 +56 +57 +58 +59 +60 +61 +62 +63 +64 +65 +66 +67 +68 +69 +70 +71 +72 +73 +74 +75 +76 +77 +78 +79 +80 +81 +82 +83 +84 +85 +86 +87 +88 +89 +90 +91 +92 +93 +94 +95 +96 +97 +98 +99 +100 +101 +102 +103 +104 @
>STPY.0321.00152
+1 +2 +3 +4 +5 +6 +7 +8 +9 +10 +11 +12 -87 -86 -85 -84 -83 -82 -81 -80 -79 -78 -77 -76 -75 -74 -73 -72 -71 -70 -69 -68 -67 -66 -65 -64 -63 -62 -61 -60 -59 -58 -57 -56 -55 -53 -52 -51 -50 -49 -48 -47 -46 -45 -42 -41 -40 -39 -38 -37 -36 -35 -34 -30 -28 -27 -26 -25 -24 -23 -22 -21 -20 -19 -18 -17 -16 -15 -14 -13 +88 +89 +90 +91 +92 +93 +94 +95 +96 +97 +98 +99 +100 +101 +102 +103 +104 @
>STPY.0321.00141
+1 +2 +3 +4 +5 +6 +7 +8 +9 +10 +11 +12 -87 -86 -85 -84 -83 -82 -81 -80 -79 -78 -77 -76 -75 -74 -73 -72 -71 -70 -69 -68 -67 -66 -65 -64 -63 -62 -61 -60 -59 -58 -57 -56 -55 -53 -52 -51 -50 -49 -48 -47 -46 -45 -42 -41 -40 -39 -38 -37 -36 -35 -34 -30 -28 -27 -26 -25 -24 -23 -22 -21 -20 -19 -18 -17 -16 -15 -14 -13 +88 +89 +90 +91 +92 +93 +94 +95 +96 +97 +98 +99 +100 +101 +102 +103 +104 @
>STPY.0321.00038
+57 +58 +59 +60 +61 +62 +63 +64 +65 +66 +67 +68 +69 +70 +71 +72 +73 +74 +75 +76 +77 +78 +79 +80 +81 +82 +83 +84 +85 +86 +87 +88 +89 +90 +91 +92 -7 -6 -5 -4 -3 -2 -1 -104 -103 -102 -101 -100 -99 -98 -97 -96 -95 -94 -93 +8 +9 +10 +11 +12 +13 +14 +15 +16 +17 +18 +19 +20 +21 +22 +23 +24 +25 +26 +27 +28 +30 +34 +35 +36 +37 +38 +39 +40 +41 +42 +45 +46 +47 +48 +49 +50 +51 +52 +53 +55 +56 @
>STPY.0321.00117
+1 +2 +3 +4 +5 +6 +7 -92 -91 -90 -89 -88 -87 -86 -85 -84 -83 -82 -81 -80 -79 -78 -77 -76 -75 -74 -73 -72 -71 -70 -69 -68 -67 -66 -65 -64 -63 -62 -61 -60 -59 -58 -57 -56 -55 -53 -52 -51 -50 -49 -48 -47 -46 -45 -42 -41 -40 -39 -38 -37 -36 -35 -34 -30 -28 -27 -26 -25 -24 -23 -22 -21 -20 -19 -18 -17 -16 -15 -14 -13 -12 -11 -10 -9 -8 +93 +94 +95 +96 +97 +98 +99 +100 +101 +102 +103 +104 @
>STPY.0321.00122
+1 +2 +3 +4 +5 +6 +7 +8 +9 +10 +11 +12 -87 -86 -85 -84 -83 -82 -81 -80 -79 -78 -77 -76 -75 -74 -73 -72 -71 +38 +39 +40 +41 +42 +45 +46 +47 +48 +49 +50 +51 +52 +53 +55 +56 +57 +58 +59 +60 +61 +62 +63 +64 +65 +66 +67 +68 +69 +70 -37 -36 -35 -34 -30 -28 -27 -26 -25 -24 -23 -22 -21 -20 -19 -18 -17 -16 -15 -14 -13 +88 +89 +90 +91 +92 +93 +94 +95 +96 +97 +98 +99 +100 +101 +102 +103 +104 @
>STPY.0321.00042
+1 +2 +3 +4 +5 +6 +7 +8 +9 +10 +11 +12 -87 -86 -85 -84 -83 -82 -81 -80 -79 -78 -77 -76 -75 -74 -73 -72 -71 -70 -69 -68 -67 -66 -65 -64 -63 -62 -61 -60 -59 -58 -57 -56 -55 -53 -52 -51 -50 -49 -48 -47 -46 -45 -42 -41 -40 -39 -38 -37 -36 -35 -34 -30 -28 -27 -26 -25 -24 -23 -22 -21 -20 -19 -18 -17 -16 -15 -14 -13 +88 +89 +90 +91 +92 +93 +94 +95 +96 +97 +98 +99 +100 +101 +102 +103 +104 @
>STPY.0321.00028
+1 +2 +3 +4 +5 +6 +7 +8 +9 +10 +11 +12 -87 -86 -85 -84 -83 -82 -81 -80 -79 -78 -77 -76 -75 -74 -73 -72 -71 -70 -69 -68 -67 -66 -65 -64 -63 -62 -61 -60 -59 -58 -57 -56 -55 -53 -52 -51 -50 -49 -48 -47 -46 -45 -42 -41 -40 -39 -38 -37 -36 -35 -34 -30 -28 -27 -26 -25 -24 -23 -22 -21 -20 -19 -18 -17 -16 -15 -14 -13 +88 +89 +90 +91 +92 +93 +94 +95 +96 +97 +98 +99 +100 +101 +102 +103 +104 @
>STPY.0321.00019
+1 +2 +3 +4 +5 +6 +7 +8 +9 +10 +11 +12 +13 +14 +15 +16 +17 +18 +19 +20 +21 +22 +23 +24 +25 +26 +27 +28 +30 +34 +35 +36 +37 +38 +39 +40 +41 +42 +45 +46 +47 +48 +49 +50 +51 +52 +53 +55 +56 +57 +58 +59 +60 +61 +62 +63 +64 +65 +66 +67 +68 +69 +70 +71 +72 +73 +74 +75 +76 +77 +78 +79 +80 +81 +82 +83 +84 +85 +86 +87 +88 +89 +90 +91 +92 +93 +94 +95 +96 +97 +98 +99 +100 +101 +102 +103 +104 @
>STPY.0321.00092
+1 +2 +3 +4 +5 +6 +7 +8 +9 +10 +11 +12 -87 -86 -85 -84 -83 -82 -81 -80 -79 -78 -77 -76 -75 -74 -73 -72 -71 -70 -69 -68 -67 -66 -65 -64 -63 -62 -61 -60 -59 -58 -57 -56 -55 -53 -52 -51 -50 -49 -48 -47 -46 -45 -42 -41 -40 -39 -38 -37 -36 -35 -34 -30 -28 -27 -26 -25 -24 -23 -22 -21 -20 -19 -18 -17 -16 -15 -14 -13 +88 +89 +90 +91 +92 +93 +94 +95 +96 +97 +98 +99 +100 +101 +102 +103 +104 @
>STPY.0321.00124
+1 +2 +3 +4 +5 +6 +7 +8 +9 +10 +11 +12 +13 +14 +15 +16 +17 +18 +19 +20 +21 +22 +23 +24 +25 +26 +27 +28 +30 +34 +35 +36 +37 +38 +39 +40 +41 +42 +45 +46 +47 +48 +49 +50 +51 +52 +53 +55 +56 +57 +58 +59 +60 +61 +62 +63 +64 +65 +66 +67 +68 +69 +70 +71 +72 +73 +74 +75 +76 +77 +78 +79 +80 +81 +82 +83 +84 +85 +86 +87 +88 +89 +90 +91 +92 +93 +94 +95 +96 +97 +98 +99 +100 +101 +102 +103 +104 @
>STPY.0321.00207
+1 +2 +3 +4 +5 +6 +7 +8 +9 +10 +11 +12 -87 -86 -85 -84 -83 -82 -81 -80 -79 -78 -77 -76 -75 -74 -73 -72 -71 -70 -69 -68 -67 -66 -65 -64 -63 -62 -61 -60 -59 -58 -57 -56 -55 -53 -52 -51 -50 -49 -48 -47 -46 -45 -42 -41 -40 -39 -38 -37 -36 -35 -34 -30 -28 -27 -26 -25 -24 -23 -22 -21 -20 -19 -18 -17 -16 -15 -14 -13 +88 +89 +90 +91 +92 +93 +94 +95 +96 +97 +98 +99 +100 +101 +102 +103 +104 @
>STPY.0321.00209
+1 +2 +3 +4 +5 +6 +7 +8 +9 +10 +11 +12 -87 -86 -85 -84 -83 -82 -81 -80 -79 -78 -77 -76 -75 -74 -73 -72 -71 -70 -69 -68 -67 -66 -65 -64 -63 -62 -61 -60 -59 -58 -57 -56 -55 -53 -52 -51 -50 -49 -48 -47 -46 -45 -42 -41 -40 -39 -38 -37 -36 -35 -34 -30 -28 -27 -26 -25 -24 -23 -22 -21 -20 -19 -18 -17 -16 -15 -14 -13 +88 +89 +90 +91 +92 +93 +94 +95 +96 +97 +98 +99 +100 +101 +102 +103 +104 @
>STPY.0321.00214
+1 +2 +3 +4 +5 +6 +7 +8 +9 +10 +11 +12 -87 -86 -85 -84 -83 -82 -81 -80 -79 -78 -77 -76 -75 -74 -73 -72 -71 -70 -69 -68 -67 -66 -65 -64 -63 -62 -61 -60 -59 -58 -57 -56 -55 -53 -52 -51 -50 -49 -48 -47 -46 -45 -42 -41 -40 -39 -38 -37 -36 -35 -34 -30 -28 -27 -26 -25 -24 -23 -22 -21 -20 -19 -18 -17 -16 -15 -14 -13 +88 +89 +90 +91 +92 +93 +94 +95 +96 +97 +98 +99 +100 +101 +102 +103 +104 @
>STPY.0321.00191
+1 +2 +3 +4 +5 +6 +7 +8 +9 +10 +11 +12 +13 +14 +15 +16 +17 +18 +19 +20 +21 +22 +23 +24 +25 +26 +27 +28 +30 +34 +35 +36 +37 +38 +39 +40 +41 +42 +45 +46 +47 +48 +49 +50 +51 +52 +53 +55 +56 +57 +58 +59 +60 +61 +62 +63 +64 +65 +66 +67 +68 +69 +70 +71 +72 +73 +74 +75 +76 +77 +78 +79 +80 +81 +82 +83 +84 +85 +86 +87 +88 +89 +90 +91 +92 +93 +94 +95 +96 +97 +98 +99 +100 +101 +102 +103 +104 @
>STPY.0321.00211
+1 +2 +3 +4 +5 +6 +7 +8 +9 +10 +11 +12 -87 -86 -85 -84 -83 -82 -81 -80 -79 -78 -77 -76 -75 -74 -73 -72 -71 -70 -69 -68 -67 -66 -65 -64 -63 -62 -61 -60 -59 -58 -57 -56 -55 -53 +45 +46 +47 +48 +49 +50 +51 +52 -42 -41 -40 -39 -38 -37 -36 -35 -34 -30 -28 -27 -26 -25 -24 -23 -22 -21 -20 -19 -18 -17 -16 -15 -14 -13 +88 +89 +90 +91 +92 +93 +94 +95 +96 +97 +98 +99 +100 +101 +102 +103 +104 @
>STPY.0321.00138
+1 +2 +3 +4 +5 +6 +7 +8 +9 +10 +11 +12 +13 +14 +15 +16 +17 +18 +19 +20 +21 +22 +23 +24 +25 +26 +27 +28 +30 +34 +35 +36 +37 +38 +39 +40 +41 +42 +45 +46 +47 +48 +49 +50 +51 +52 +53 +55 +56 +57 +58 +59 +60 +61 +62 +63 +64 +65 +66 +67 +68 +69 +70 +71 +72 +73 +74 +75 +76 +77 +78 +79 +80 +81 +82 +83 +84 +85 +86 +87 +88 +89 +90 +91 +92 +93 +94 +95 +96 +97 +98 +99 +100 +101 +102 +103 +104 @
>STPY.0321.00002
-50 -49 -48 -47 -46 -45 -42 -41 -40 -39 -38 -37 -36 -35 -34 -30 -28 -27 -26 -25 -24 -23 -22 -21 -20 -19 -18 -17 -16 -15 -14 -13 +88 +89 +90 +91 +92 +93 +94 +95 +96 +97 +98 +99 +100 +101 +102 +103 +104 +1 +2 +3 +4 +5 +6 +7 +8 +9 +10 +11 +12 -87 -86 -85 -84 -83 -82 -81 -80 -79 -78 -77 -76 -75 -74 -73 -72 -71 -70 -69 -68 -67 -66 -65 -64 -63 -62 -61 -60 -59 -58 -57 -56 -55 -53 -52 -51 @
>STPY.0321.00212
+1 +2 +3 +4 +5 +6 +7 +8 +9 +10 +11 +12 -87 -86 -85 -84 -83 -82 -81 -80 -79 -78 -77 -76 -75 -74 -73 -72 -71 -70 -69 -68 -67 -66 -65 -64 -63 -62 -61 -60 -59 -58 -57 -56 -55 -53 +45 +46 +47 +48 +49 +50 +51 +52 -42 -41 -40 -39 -38 -37 -36 -35 -34 -30 -28 -27 -26 -25 -24 -23 -22 -21 -20 -19 -18 -17 -16 -15 -14 -13 +88 +89 +90 +91 +92 +93 +94 +95 +96 +97 +98 +99 +100 +101 +102 +103 +104 @
>STPY.0321.00210
+1 +2 +3 +4 +5 +6 +7 -92 -91 -90 -89 -88 +13 +14 +15 +16 +17 +18 +19 +20 +21 +22 +23 +24 +25 +26 +27 +28 +30 +34 +35 +36 +37 +38 +39 +40 +41 +42 +45 +46 +47 +48 +49 +50 +51 +52 +53 +55 +56 +57 +58 +59 +60 +61 +62 +63 +64 +65 +66 +67 +68 +69 +70 +71 +72 +73 +74 +75 +76 +77 +78 +79 +80 +81 +82 +83 +84 +85 +86 +87 -12 -11 -10 -9 -8 +93 +94 +95 +96 +97 +98 +99 +100 +101 +102 +103 +104 @
>STPY.0321.00173
+1 +2 +3 +4 +5 +6 +7 +8 +9 +10 +11 +12 -87 -86 -85 -84 -83 -82 -81 -80 -79 -78 -77 -76 -75 -74 -73 -72 -71 -70 -69 -68 -67 -66 -65 -64 -63 -62 -61 -60 -59 -58 -57 -56 -55 -53 -52 -51 -50 -49 -48 -47 -46 -45 -42 -41 -40 -39 -38 -37 -36 -35 -34 -30 -28 -27 -26 -25 -24 -23 -22 -21 -20 -19 -18 -17 -16 -15 -14 -13 +88 +89 +90 +91 +92 +93 +94 +95 +96 +97 +98 +99 +100 +101 +102 +103 +104 @
>STPY.0321.00175
+1 +2 +3 +4 +5 +6 +7 +8 +9 +10 +11 +12 -87 -86 -85 -84 -83 -82 -81 -80 -79 -78 -77 -76 -75 -74 -73 -72 -71 -70 -69 -68 -67 -66 -65 -64 -63 -62 -61 -60 -59 -58 -57 -56 -55 -53 -52 -51 -50 -49 -48 -47 -46 -45 -42 -41 -40 -39 -38 -37 -36 -35 -34 -30 -28 -27 -26 -25 -24 -23 -22 -21 -20 -19 -18 -17 -16 -15 -14 -13 +88 +89 +90 +91 +92 +93 +94 +95 +96 +97 +98 +99 +100 +101 +102 +103 +104 @
>STPY.0321.00172
+1 +2 +3 +4 +5 +6 +7 +8 +9 +10 +11 +12 +13 +14 +15 +16 +17 +18 +19 +20 +21 +22 +23 +24 +25 +26 +27 +28 +30 +34 +35 +36 +37 +38 +39 +40 +41 +42 +45 +46 +47 +48 +49 +50 +51 +52 +53 +55 +56 +57 +58 +59 +60 +61 +62 +63 +64 +65 +66 +67 +68 +69 +70 +71 +72 +73 +74 +75 +76 +77 +78 +79 +80 +81 +82 +83 +84 +85 +86 +87 +88 +89 +90 +91 +92 +93 +94 +95 +96 +97 +98 +99 +100 +101 +102 +103 +104 @
>STPY.0321.00170
+1 +2 +3 +4 +5 +6 +7 +8 +9 +10 +11 +12 -87 -86 -85 -84 -83 -82 -81 -80 -79 -78 -77 -76 -75 -74 -73 -72 -71 -70 -69 -68 -67 -66 -65 -64 -63 -62 -61 -60 -59 -58 -57 -56 -55 -53 -52 -51 -50 -49 -48 -47 -46 -45 -42 -41 -40 -39 -38 -37 -36 -35 -34 -30 -28 -27 -26 -25 -24 -23 -22 -21 -20 -19 -18 -17 -16 -15 -14 -13 +88 +89 +90 +91 +92 +93 +94 +95 +96 +97 +98 +99 +100 +101 +102 +103 +104 @
>STPY.0321.00069
+1 +2 +3 +4 +5 +6 +7 +8 +9 +10 +11 +12 -87 -86 -85 -84 -83 -82 -81 -80 -79 -78 -77 -76 -75 -74 -73 -72 -71 -70 -69 -68 -67 -66 -65 -64 -63 -62 -61 -60 -59 -58 -57 -56 -55 -53 -52 -51 -50 -49 -48 -47 -46 -45 -42 -41 -40 -39 -38 -37 -36 -35 -34 -30 -28 -27 -26 -25 -24 -23 -22 -21 -20 -19 -18 -17 -16 -15 -14 -13 +88 +89 +90 +91 +92 +93 +94 +95 +96 +97 +98 +99 +100 +101 +102 +103 +104 @
>STPY.0321.00179
+1 +2 +3 +4 +5 +6 +7 +8 +9 +10 +11 +12 +13 +14 +15 +16 +17 +18 +19 +20 +21 +22 +23 +24 +25 +26 +27 +28 +30 +34 +35 +36 +37 +38 +39 +40 +41 +42 +45 +46 +47 +48 +49 +50 +51 +52 +53 +55 +56 +57 +58 +59 +60 +61 +62 +63 +64 +65 +66 +67 +68 +69 +70 +71 +72 +73 +74 +75 +76 +77 +78 +79 +80 +81 +82 +83 +84 +85 +86 +87 +88 +89 +90 +91 +92 +93 +94 +95 +96 +97 +98 +99 +100 +101 +102 +103 +104 @
>STPY.0321.00182
+1 +2 +3 +4 +5 +6 +7 +8 +9 +10 +11 +12 -87 -86 -85 -84 -83 -82 -81 -80 -79 -78 -77 -76 -75 -74 -73 -72 -71 -70 -69 -68 -67 -66 -65 -64 -63 -62 -61 -60 -59 -58 -57 -56 -55 -53 -52 -51 -50 -49 -48 -47 -46 -45 -42 -41 -40 -39 -38 -37 -36 -35 -34 -30 -28 -27 -26 -25 -24 -23 -22 -21 -20 -19 -18 -17 -16 -15 -14 -13 +88 +89 +90 +91 +92 +93 +94 +95 +96 +97 +98 +99 +100 +101 +102 +103 +104 @
>STPY.0321.00189
+1 +2 +3 +4 +5 +6 +7 +8 +9 +10 +11 +12 -87 -86 -85 -84 -83 -82 -81 -80 -79 -78 -77 -76 -75 -74 -73 -72 -71 -70 -69 -68 -67 -66 -65 -64 -63 -62 -61 -60 -59 -58 -57 -56 -55 -53 -52 -51 -50 -49 -48 -47 -46 -45 -42 -41 -40 -39 -38 -37 -36 -35 -34 -30 -28 -27 -26 -25 -24 -23 -22 -21 -20 -19 -18 -17 -16 -15 -14 -13 +88 +89 +90 +91 +92 +93 +94 +95 +96 +97 +98 +99 +100 +101 +102 +103 +104 @
>STPY.0321.00010
+1 +2 +3 +4 +5 +6 +7 +8 +9 +10 +11 +12 -87 -86 -85 -84 -83 -82 -81 -80 -79 -78 -77 -76 -75 -74 -73 -72 -71 -70 -69 -68 -67 -66 -65 -64 -63 -62 -61 -60 -59 -58 -57 -56 -55 -53 -52 -51 -50 -49 -48 -47 -46 -45 -42 -41 -40 -39 -38 -37 -36 -35 -34 -30 -28 -27 -26 -25 -24 -23 -22 -21 -20 -19 -18 -17 -16 -15 -14 -13 +88 +89 +90 +91 +92 +93 +94 +95 +96 +97 +98 +99 +100 +101 +102 +103 +104 @
>STPY.0321.00024
+1 +2 +3 +4 +5 +6 +7 +8 +9 +10 +11 +12 +13 +14 +15 +16 +17 +18 +19 +20 +21 +22 +23 +24 +25 +26 +27 +28 +30 +34 +35 +36 +37 +38 +39 +40 +41 +42 +45 +46 +47 +48 +49 +50 +51 +52 +53 +55 +56 +57 +58 +59 +60 +61 +62 +63 +64 +65 +66 +67 +68 +69 +70 +71 +72 +73 +74 +75 +76 +77 +78 +79 +80 +81 +82 +83 +84 +85 +86 +87 +88 +89 +90 +91 +92 +93 +94 +95 +96 +97 +98 +99 +100 +101 +102 +103 +104 @
>STPY.0321.00058
+1 +2 +3 +4 +5 +6 +7 +8 +9 +10 +11 +12 +13 +14 +15 +16 +17 +18 +19 +20 +21 +22 +23 +24 +25 +26 +27 +28 +30 +34 +35 +36 +37 +38 +39 +40 +41 +42 +45 +46 +47 +48 +49 +50 +51 +52 +53 +55 +56 +57 +58 +59 +60 +61 +62 +63 +64 +65 +66 +67 +68 +69 +70 +71 +72 +73 +74 +75 +76 +77 +78 +79 +80 +81 +82 +83 +84 +85 +86 +87 +88 +89 +90 +91 +92 +93 +94 +95 +96 +97 +98 +99 +100 +101 +102 +103 +104 @
>STPY.0321.00021
+1 +2 +3 +4 +5 +6 +7 +8 +9 +10 +11 +12 +13 +14 +15 +16 +17 +18 +19 +20 +21 +22 +23 +24 +25 +26 +27 +28 +30 +34 +35 +36 +37 +38 +39 +40 +41 +42 +45 +46 +47 +48 +49 +50 +51 +52 +53 +55 +56 +57 +58 +59 +60 +61 +62 +63 +64 +65 +66 +67 +68 +69 +70 +71 +72 +73 +74 +75 +76 +77 +78 +79 +80 +81 +82 +83 +84 +85 +86 +87 +88 +89 +90 +91 +92 +93 +94 +95 +96 +97 +98 +99 +100 +101 +102 +103 +104 @
>STPY.0321.00159
+1 +2 +3 +4 +5 +6 +7 +8 +9 +10 +11 +12 +13 +14 +15 +16 +17 +18 +19 +20 +21 +22 +23 +24 +25 +26 +27 +28 +30 +34 +35 +36 +37 +38 +39 +40 +41 +42 +45 +46 +47 +48 +49 +50 +51 +52 +53 +55 +56 +57 +58 +59 +60 +61 +62 +63 +64 +65 +66 +67 +68 +69 +70 +71 +72 +73 +74 +75 +76 +77 +78 +79 +80 +81 +82 +83 +84 +85 +86 +87 +88 +89 +90 +91 +92 +93 +94 +95 +96 +97 +98 +99 +100 +101 +102 +103 +104 @
>STPY.0321.00178
+1 +2 +3 +4 +5 +6 +7 +8 +9 +10 +11 +12 -87 -86 -85 -84 -83 -82 -81 -80 -79 -78 -77 -76 -75 -74 -73 -72 -71 -70 -69 -68 -67 -66 -65 -64 -63 -62 -61 -60 -59 -58 -57 -56 -55 -53 -52 -51 -50 -49 -48 -47 -46 -45 -42 -41 -40 -39 -38 -37 -36 -35 -34 -30 -28 -27 -26 -25 -24 -23 -22 -21 -20 -19 -18 -17 -16 -15 -14 -13 +88 +89 +90 +91 +92 +93 +94 +95 +96 +97 +98 +99 +100 +101 +102 +103 +104 @
>STPY.0321.00188
+1 +2 +3 +4 +5 +6 +7 -92 -91 -90 -89 -88 -87 -86 -85 -84 -83 -82 -81 -80 -79 -78 -77 -76 -75 -74 -73 -72 -71 -70 -69 -68 -67 -66 -65 -64 -63 -62 -61 -60 -59 -58 -57 -56 -55 -53 -52 -51 -50 -49 -48 -47 -46 -45 -42 -41 -40 -39 -38 -37 -36 -35 -34 -30 -28 -27 -26 -25 -24 -23 -22 -21 -20 -19 -18 -17 -16 -15 -14 -13 -12 -11 -10 -9 -8 +93 +94 +95 +96 +97 +98 +99 +100 +101 +102 +103 +104 @
>STPY.0321.00040
+1 +2 +3 +4 +5 +6 +7 +8 +9 +10 +11 +12 -87 -86 -85 -84 -83 -82 -81 -80 -79 -78 -77 -76 -75 -74 -73 -72 -71 -70 -69 -68 -67 -66 -65 -64 -63 -62 -61 -60 -59 -58 -57 -56 -55 -53 -52 -51 -50 -49 -48 -47 -46 -45 -42 -41 -40 -39 -38 -37 -36 -35 -34 -30 -28 -27 -26 -25 -24 -23 -22 -21 -20 -19 -18 -17 -16 -15 -14 -13 +88 +89 +90 +91 +92 +93 +94 +95 +96 +97 +98 +99 +100 +101 +102 +103 +104 @
>STPY.0321.00106
+1 +2 +3 +4 +5 +6 +7 +8 +9 +10 +11 +12 -87 -86 -85 -84 -83 -82 -81 -80 -79 -78 -77 -76 -75 -74 -73 -72 -71 -70 -69 -68 -67 -66 -65 -64 -63 -62 -61 -60 -59 -58 -57 -56 -55 -53 -52 -51 -50 -49 -48 -47 -46 -45 -42 -41 -40 -39 -38 -37 -36 -35 -34 -30 -28 -27 -26 -25 -24 -23 -22 -21 -20 -19 -18 -17 -16 -15 -14 -13 +88 +89 +90 +91 +92 +93 +94 +95 +96 +97 +98 +99 +100 +101 +102 +103 +104 @
>STPY.0321.00017
+1 +2 +3 +4 +5 +6 +7 +8 +9 +10 +11 +12 -87 -86 -85 -84 -83 -82 -81 -80 -79 -78 -77 -76 -75 -74 -73 -72 -71 +38 +39 +40 +41 +42 +45 +46 +47 +48 +49 +50 +51 +52 +53 +55 +56 +57 +58 +59 +60 +61 +62 +63 +64 +65 +66 +67 +68 +69 +70 -37 -36 -35 -34 -30 -28 -27 -26 -25 -24 -23 -22 -21 -20 -19 -18 -17 -16 -15 -14 -13 +88 +89 +90 +91 +92 +93 +94 +95 +96 +97 +98 +99 +100 +101 +102 +103 +104 @
>STPY.0321.00186
+1 +2 +3 +4 +5 +6 +7 -92 -91 -90 -89 -88 -87 -86 -85 -84 -83 -82 -81 -80 -79 -78 -77 -76 -75 -74 -73 -72 -71 -70 -69 -68 -67 -66 -65 -64 -63 -62 -61 -60 -59 -58 -57 -56 -55 -53 -52 -51 -50 -49 -48 -47 -46 -45 -42 -41 -40 -39 -38 -37 -36 -35 -34 -30 -28 -27 -26 -25 -24 -23 -22 -21 -20 -19 -18 -17 -16 -15 -14 -13 -12 -11 -10 -9 -8 +93 +94 +95 +96 +97 +98 +99 +100 +101 +102 +103 +104 @
>STPY.0321.00111
+1 +2 +3 +4 +5 +6 +7 -92 -91 -90 -89 -88 -87 -86 -85 -84 -83 -82 -81 -80 -79 -78 -77 -76 -75 -74 -73 -72 -71 -70 -69 -68 -67 -66 -65 -64 -63 -62 -61 -60 -59 -58 -57 -56 -55 -53 -52 -51 -50 -49 -48 -47 -46 -45 -42 -41 -40 -39 -38 -37 -36 -35 -34 -30 -28 -27 -26 -25 -24 -23 -22 -21 -20 -19 -18 -17 -16 -15 -14 -13 -12 -11 -10 -9 -8 +93 +94 +95 +96 +97 +98 +99 +100 +101 +102 +103 +104 @
>STPY.0321.00030
+1 +2 +3 +4 +5 +6 +7 +8 +9 +10 +11 +12 -87 -86 -85 -84 -83 -82 -81 -80 -79 -78 -77 -76 -75 -74 -73 -72 -71 -70 -69 -68 -67 -66 -65 -64 -63 -62 -61 -60 -59 -58 -57 -56 -55 -53 -52 -51 -50 -49 -48 -47 -46 -45 -42 -41 -40 -39 -38 -37 -36 -35 -34 -30 -28 -27 -26 -25 -24 -23 -22 -21 -20 -19 -18 -17 -16 -15 -14 -13 +88 +89 +90 +91 +92 +93 +94 +95 +96 +97 +98 +99 +100 +101 +102 +103 +104 @
>STPY.0321.00185
+1 +2 +3 +4 +5 +6 +7 +8 +9 +10 +11 +12 -87 -86 -85 -84 -83 -82 -81 -80 -79 -78 -77 -76 -75 -74 -73 -72 -71 -70 -69 -68 -67 -66 -65 -64 -63 -62 -61 -60 -59 -58 -57 -56 -55 -53 -52 -51 -50 -49 -48 -47 -46 -45 -42 -41 -40 -39 -38 -37 -36 -35 -34 -30 -28 -27 -26 -25 -24 -23 -22 -21 -20 -19 -18 -17 -16 -15 -14 -13 +88 +89 +90 +91 +92 +93 +94 +95 +96 +97 +98 +99 +100 +101 +102 +103 +104 @
>STPY.0321.00190
+1 +2 +3 +4 +5 +6 +7 +8 +9 +10 +11 +12 +13 +14 +15 +16 +17 +18 +19 +20 +21 +22 +23 +24 +25 +26 +27 +28 +30 +34 +35 +36 +37 +38 +39 +40 +41 +42 +45 +46 +47 +48 +49 +50 +51 +52 +53 +55 +56 +57 +58 +59 +60 +61 +62 +63 +64 +65 +66 +67 +68 +69 +70 +71 +72 +73 +74 +75 +76 +77 +78 +79 +80 +81 +82 +83 +84 +85 +86 +87 +88 +89 +90 +91 +92 +93 +94 +95 +96 +97 +98 +99 +100 +101 +102 +103 +104 @
>STPY.0321.00180
+1 +2 +3 +4 +5 +6 +7 +8 +9 +10 +11 +12 +13 +14 +15 +16 +17 +18 +19 +20 +21 +22 +23 +24 +25 +26 +27 +28 +30 +34 +35 +36 +37 +38 +39 +40 +41 +42 +45 +46 +47 +48 +49 +50 +51 +52 +53 +55 +56 +57 +58 +59 +60 +61 +62 +63 +64 +65 +66 +67 +68 +69 +70 +71 +72 +73 +74 +75 +76 +77 +78 +79 +80 +81 +82 +83 +84 +85 +86 +87 +88 +89 +90 +91 +92 +93 +94 +95 +96 +97 +98 +99 +100 +101 +102 +103 +104 @
>STPY.0321.00181
+1 +2 +3 +4 +5 +6 +7 +8 +9 +10 +11 +12 -87 -86 -85 -84 -83 -82 -81 -80 -79 -78 -77 -76 -75 -74 -73 -72 -71 -70 -69 -68 -67 -66 -65 -64 -63 -62 -61 -60 -59 -58 -57 -56 -55 -53 -52 -51 -50 -49 -48 -47 -46 -45 -42 -41 -40 -39 -38 -37 -36 -35 -34 -30 -28 -27 -26 -25 -24 -23 -22 -21 -20 -19 -18 -17 -16 -15 -14 -13 +88 +89 +90 +91 +92 +93 +94 +95 +96 +97 +98 +99 +100 +101 +102 +103 +104 @
>STPY.0321.00023
+1 +2 +3 +4 +5 +6 +7 +8 +9 +10 +11 +12 +13 +14 +15 +16 +17 +18 +19 +20 +21 +22 +23 +24 +25 +26 +27 +28 +30 +34 +35 +36 +37 +38 +39 +40 +41 +42 +45 +46 +47 +48 +49 +50 +51 +52 +53 +55 +56 +57 +58 +59 +60 +61 +62 +63 +64 +65 +66 +67 +68 +69 +70 +71 +72 +73 +74 +75 +76 +77 +78 +79 +80 +81 +82 +83 +84 +85 +86 +87 +88 +89 +90 +91 +92 +93 +94 +95 +96 +97 +98 +99 +100 +101 +102 +103 +104 @
>STPY.0321.00184
+1 +2 +3 +4 +5 +6 +7 +8 +9 +10 +11 +12 +13 +14 +15 +16 +17 +18 +19 +20 +21 +22 +23 +24 +25 +26 +27 +28 +30 +34 +35 +36 +37 +38 +39 +40 +41 +42 +45 +46 +47 +48 +49 +50 +51 +52 +53 +55 +56 +57 +58 +59 +60 +61 +62 +63 +64 +65 +66 +67 +68 +69 +70 +71 +72 +73 +74 +75 +76 +77 +78 +79 +80 +81 +82 +83 +84 +85 +86 +87 +88 +89 +90 +91 +92 +93 +94 +95 +96 +97 +98 +99 +100 +101 +102 +103 +104 @
>STPY.0321.00183
+1 +2 +3 +4 +5 +6 +7 +8 +9 +10 +11 +12 -87 -86 -85 -84 -83 -82 -81 -80 -79 -78 -77 -76 -75 -74 -73 -72 -71 -70 -69 -68 -67 -66 -65 -64 -63 -62 -61 -60 -59 -58 -57 -56 -55 -53 -52 -51 -50 -49 -48 -47 -46 -45 -42 -41 -40 -39 -38 -37 -36 -35 -34 -30 -28 -27 -26 -25 -24 -23 -22 -21 -20 -19 -18 -17 -16 -15 -14 -13 +88 +89 +90 +91 +92 +93 +94 +95 +96 +97 +98 +99 +100 +101 +102 +103 +104 @
>STPY.0321.00165
+1 +2 +3 +4 +5 +6 +7 +8 +9 +10 +11 +12 -87 -86 -85 -84 -83 -82 -81 -80 -79 -78 -77 -76 -75 -74 -73 -72 -71 -70 -69 -68 -67 -66 -65 -64 -63 -62 -61 -60 -59 -58 -57 -56 -55 -53 -52 -51 -50 -49 -48 -47 -46 -45 -42 -41 -40 -39 -38 -37 -36 -35 -34 -30 -28 -27 -26 -25 -24 -23 -22 -21 -20 -19 -18 -17 -16 -15 -14 -13 +88 +89 +90 +91 +92 +93 +94 +95 +96 +97 +98 +99 +100 +101 +102 +103 +104 @
>STPY.0321.00047
+1 +2 +3 +4 +5 +6 +7 +8 +9 +10 +11 +12 +13 +14 +15 +16 +17 +18 +19 +20 +21 +22 +23 +24 +25 +26 +27 +28 +30 +34 +35 +36 +37 +38 +39 +40 +41 +42 +45 +46 +47 +48 +49 +50 +51 +52 +53 +55 +56 +57 +58 +59 +60 +61 +62 +63 +64 +65 +66 +67 +68 +69 +70 +71 +72 +73 +74 +75 +76 +77 +78 +79 +80 +81 +82 +83 +84 +85 +86 +87 +88 +89 +90 +91 +92 +93 +94 +95 +96 +97 +98 +99 +100 +101 +102 +103 +104 @
>STPY.0321.00095
+1 +2 +3 +4 +5 +6 +7 +8 +9 +10 +11 +12 -87 -86 -85 -84 -83 -82 -81 -80 -79 -78 -77 -76 -75 -74 -73 -72 -71 -70 -69 -68 -67 -66 -65 -64 -63 -62 -61 -60 -59 -58 -57 -56 -55 -53 -52 -51 -50 -49 -48 -47 -46 -45 -42 -41 -40 -39 -38 -37 -36 -35 -34 -30 -28 -27 -26 -25 -24 -23 -22 -21 -20 -19 -18 -17 -16 -15 -14 -13 +88 +89 +90 +91 +92 +93 +94 +95 +96 +97 +98 +99 +100 +101 +102 +103 +104 @
>STPY.0321.00039
+1 +2 +3 +4 +5 +6 +7 +8 +9 +10 +11 +12 +13 +14 +15 +16 +17 +18 +19 +20 +21 +22 +23 +24 +25 +26 +27 +28 +30 +34 +35 +36 +37 +38 +39 +40 +41 +42 +45 +46 +47 +48 +49 +50 +51 +52 +53 +55 +56 +57 +58 +59 +60 +61 +62 +63 +64 +65 +66 +67 +68 +69 +70 +71 +72 +73 +74 +75 +76 +77 +78 +79 +80 +81 +82 +83 +84 +85 +86 +87 +88 +89 +90 +91 +92 +93 +94 +95 +96 +97 +98 +99 +100 +101 +102 +103 +104 @
>STPY.0321.00036
+1 +2 +3 +4 +5 +6 +7 +8 +9 +10 +11 +12 +13 +14 +15 +16 +17 +18 +19 +20 +21 +22 +23 +24 +25 +26 +27 +28 +30 -70 -69 -68 -67 -66 -65 -64 -63 -62 -61 -60 -59 -58 -57 -56 -55 -53 -52 -51 -50 -49 -48 -47 -46 -45 -42 -41 -40 -39 -38 -37 -36 -35 -34 +71 +72 +73 +74 +75 +76 +77 +78 +79 +80 +81 +82 +83 +84 +85 +86 +87 +88 +89 +90 +91 +92 +93 +94 +95 +96 +97 +98 +99 +100 +101 +102 +103 +104 @
>STPY.0321.00076
+1 +2 +3 +4 +5 +6 +7 +8 +9 +10 +11 +12 +13 +14 +15 +16 +17 +18 +19 +20 +21 +22 +23 +24 +25 +26 +27 +28 +30 +34 +35 +36 +37 +38 +39 +40 +41 +42 +45 +46 +47 +48 +49 +50 +51 +52 +53 +55 +56 +57 +58 +59 +60 +61 +62 +63 +64 +65 +66 +67 +68 +69 +70 +71 +72 +73 +74 +75 +76 +77 +78 +79 +80 +81 +82 +83 +84 +85 +86 +87 +88 +89 +90 +91 +92 +93 +94 +95 +96 +97 +98 +99 +100 +101 +102 +103 +104 @
>STPY.0321.00035
+1 +2 +3 +4 +5 +6 +7 +8 +9 +10 +11 +12 -87 -86 -85 -84 -83 -82 -81 -80 +18 +19 +20 +21 +22 +23 +24 +25 +26 +27 +28 +30 +34 +35 +36 +37 +38 +39 +40 +41 +42 +45 +46 +47 +48 +49 +50 +51 +52 +53 +55 +56 +57 +58 +59 +60 +61 +62 +63 +64 +65 +66 +67 +68 +69 +70 +71 +72 +73 +74 +75 +76 +77 +78 +79 -17 -16 -15 -14 -13 +88 +89 +90 +91 +92 +93 +94 +95 +96 +97 +98 +99 +100 +101 +102 +103 +104 @
>STPY.0321.00027
+1 +2 +3 +4 +5 +6 +7 +8 +9 +10 +11 +12 -87 -86 -85 -84 -83 -82 -81 -80 -79 -78 -77 -76 -75 -74 -73 -72 -71 -70 -69 -68 -67 -66 -65 -64 -63 -62 -61 -60 -59 -58 -57 -56 -55 -53 -52 -51 -50 -49 -48 -47 -46 -45 -42 -41 -40 -39 -38 -37 -36 -35 -34 -30 -28 -27 -26 -25 -24 -23 -22 -21 -20 -19 -18 -17 -16 -15 -14 -13 +88 +89 +90 +91 +92 +93 +94 +95 +96 +97 +98 +99 +100 +101 +102 +103 +104 @
>STPY.0321.00031
+1 +2 +3 +4 +5 +6 +7 +8 +9 +10 +11 +12 -87 -86 -85 -84 -83 -82 -81 -80 -79 -78 -77 -76 -75 -74 -73 -72 -71 -70 -69 -68 -67 -66 -65 -64 -63 -62 -61 -60 -59 -58 -57 -56 -55 -53 -52 -51 -50 -49 -48 -47 -46 -45 -42 -41 -40 -39 -38 -37 -36 -35 -34 -30 -28 -27 -26 -25 -24 -23 -22 -21 -20 -19 -18 -17 -16 -15 -14 -13 +88 +89 +90 +91 +92 +93 +94 +95 +96 +97 +98 +99 +100 +101 +102 +103 +104 @
>STPY.0321.00034
+1 +2 +3 +4 +5 +6 +7 +8 +9 +10 +11 +12 -87 -86 -85 -84 -83 -82 -81 -80 -79 -78 -77 -76 -75 -74 -73 -72 -71 -70 -69 -68 -67 -66 -65 -64 -63 -62 -61 -60 -59 -58 -57 -56 -55 -53 -52 -51 -50 -49 -48 -47 -46 -45 -42 -41 -40 -39 -38 -37 -36 -35 -34 -30 -28 -27 -26 -25 -24 -23 -22 -21 -20 -19 -18 -17 -16 -15 -14 -13 +88 +89 +90 +91 +92 +93 +94 +95 +96 +97 +98 +99 +100 +101 +102 +103 +104 @
>STPY.0321.00158
+1 +2 +3 +13 +14 +15 +16 +17 +18 +19 +20 +21 +22 +23 +24 +25 +26 +27 +28 +30 +34 +35 +36 +37 +38 +39 +40 +41 +42 +45 +46 +47 +48 +49 +50 +51 +52 +53 +55 +56 +57 +58 +59 +60 +61 +62 +63 +64 +65 +66 +67 +68 +69 +70 +71 +72 +73 +74 +75 +76 +77 +78 +79 +80 +81 +82 +83 +84 +85 +86 +87 -12 -11 -10 -9 -8 -7 -6 -5 -4 +88 +89 +90 +91 +92 +93 +94 +95 +96 -104 -103 -102 -101 -100 -99 -98 -97 @
>STPY.0321.00052
+1 +2 +3 +4 +5 +6 +7 +8 +9 +10 +11 +12 +13 +14 +15 +16 +17 +18 +19 +20 +21 +22 +23 +24 +25 +26 +27 +28 +30 +34 +35 +36 +37 +38 +39 +40 +41 +42 +45 +46 +47 +48 +49 +50 +51 +52 +53 +55 +56 +57 +58 +59 +60 +61 +62 +63 +64 +65 +66 +67 +68 +69 +70 +71 +72 +73 +74 +75 +76 +77 +78 +79 +80 +81 +82 +83 +84 +85 +86 +87 +88 +89 +90 +91 +92 +93 +94 +95 +96 +97 +98 +99 +100 +101 +102 +103 +104 @
>STPY.0321.00029
+1 +2 +3 +4 +5 +6 +7 -92 -91 -90 -89 -88 -87 -86 -85 -84 -83 -82 -81 -80 -79 -78 -77 -76 -75 -74 -73 -72 -71 -70 -69 -68 -67 -66 -65 -64 -63 -62 -61 -60 -59 -58 -57 -56 -55 -53 -52 -51 -50 -49 -48 -47 -46 -45 -42 -41 -40 -39 -38 -37 -36 -35 -34 -30 -28 -27 -26 -25 -24 -23 -22 -21 -20 -19 -18 -17 -16 -15 -14 -13 -12 -11 -10 -9 -8 +93 +94 +95 +96 +97 +98 +99 +100 +101 +102 +103 +104 @
>STPY.0321.00054
+1 +2 +3 +4 +5 +6 +7 +8 +9 +10 +11 +12 +13 +14 +15 +16 +17 +18 +19 +20 +21 +22 +23 +24 +25 +26 +27 +28 +30 +34 +35 +36 +37 +38 +39 +40 +41 +42 +45 +46 +47 +48 +49 +50 +51 +52 +53 +55 +56 +57 +58 +59 +60 +61 +62 +63 +64 +65 +66 +67 +68 +69 +70 +71 +72 +73 +74 +75 +76 +77 +78 +79 +80 +81 +82 +83 +84 +85 +86 +87 +88 +89 +90 +91 +92 +93 +94 +95 +96 +97 +98 +99 +100 +101 +102 +103 +104 @
>STPY.0321.00150
+1 +2 +3 +4 +5 +6 +7 +8 +9 +10 +11 +12 -87 -86 -85 -84 -83 -82 -81 -80 -79 -78 -77 -76 -75 -74 -73 -72 -71 -70 -69 -68 -67 -66 -65 -64 -63 -62 -61 -60 -59 -58 -57 -56 -55 -53 -52 -51 -50 -49 -48 -47 -46 -45 -42 -41 -40 -39 -38 -37 -36 -35 -34 -30 -28 -27 -26 -25 -24 -23 -22 -21 -20 -19 -18 -17 -16 -15 -14 -13 +88 +89 +90 +91 +92 +93 +94 +95 +96 +97 +98 +99 +100 +101 +102 +103 +104 @
>STPY.0321.00177
+1 +2 +3 +4 +5 +6 +7 +8 +9 +10 +11 +12 +13 +14 +15 +16 +17 +18 +19 +20 +21 +22 +23 +24 +25 +26 +27 +28 +30 +34 +35 +36 +37 +38 +39 +40 +41 +42 +45 +46 +47 +48 +49 +50 +51 +52 +53 +55 +56 +57 +58 +59 +60 +61 +62 +63 +64 +65 +66 +67 +68 +69 +70 +71 +72 +73 +74 +75 +76 +77 +78 +79 +80 +81 +82 +83 +84 +85 +86 +87 +88 +89 +90 +91 +92 +93 +94 +95 +96 +97 +98 +99 +100 +101 +102 +103 +104 @
>STPY.0321.00011
+1 +2 +3 +4 +5 +6 +7 +8 +9 +10 +11 +12 -87 -86 -85 -84 -83 -82 -81 -80 -79 -78 -77 -76 -75 -74 -73 -72 -71 -70 -69 -68 -67 -66 -65 -64 -63 -62 -61 -60 -59 -58 -57 -56 -55 -53 -52 -51 -50 -49 -48 -47 -46 -45 -42 -41 -40 -39 -38 -37 -36 -35 -34 -30 -28 -27 -26 -25 -24 -23 -22 -21 -20 -19 -18 -17 -16 -15 -14 -13 +88 +89 +90 +91 +92 +93 +94 +95 +96 +97 +98 +99 +100 +101 +102 +103 +104 @
>STPY.0321.00009
+1 +2 +3 +4 +5 +6 +7 +8 +9 +10 +11 +12 +13 +14 +15 +16 +17 +18 +19 +20 +21 +22 +23 +24 +25 -72 -71 -70 -69 -68 -67 -66 -65 -64 -63 -62 -61 -60 -59 -58 -57 -56 -55 -53 -52 -51 -50 -49 -48 -47 -46 -45 -42 -41 -40 -39 -38 -37 -36 -35 -34 -30 -28 -27 -26 +73 +74 +75 +76 +77 +78 +79 +80 +81 +82 +83 +84 +85 +86 +87 +88 +89 +90 +91 +92 +93 +94 +95 +96 +97 +98 +99 +100 +101 +102 +103 +104 @
>STPY.0321.00020
+1 +2 +3 +4 +5 +6 +7 +8 +9 +10 +11 +12 -87 -86 -85 -84 -83 -82 -81 -80 -79 -78 -77 -76 -75 -74 -73 -72 -71 -70 -69 -68 -67 -66 -65 -64 -63 -62 -61 -60 -59 -58 -57 -56 -55 -53 -52 -51 -50 -49 -48 -47 -46 -45 -42 -41 -40 -39 -38 -37 -36 -35 -34 -30 -28 -27 -26 -25 -24 -23 -22 -21 -20 -19 -18 -17 -16 -15 -14 -13 +88 +89 +90 +91 +92 +93 +94 +95 +96 +97 +98 +99 +100 +101 +102 +103 +104 @
>STPY.0321.00008
+1 +2 +3 +4 +5 +6 +7 +8 +9 +10 +11 +12 -87 -86 -85 -84 -83 -82 -81 -80 -79 -78 -77 -76 -75 -74 -73 -72 -71 -70 -69 -68 -67 -66 -65 -64 -63 -62 -61 -60 -59 -58 -57 -56 -55 -53 +45 +46 +47 +48 +49 +50 +51 +52 -42 -41 -40 -39 -38 -37 -36 -35 -34 -30 -28 -27 -26 -25 -24 -23 -22 -21 -20 -19 -18 -17 -16 -15 -14 -13 +88 +89 +90 +91 +92 +93 +94 +95 +96 +97 +98 +99 +100 +101 +102 +103 +104 @
>STPY.0321.00013
+1 +2 +3 +4 +5 +6 +7 +8 +9 +10 +11 +12 +13 +14 +15 +16 +17 +18 +19 +20 +21 +22 +23 +24 +25 +26 +27 +28 +30 +34 +35 +36 +37 +38 +39 +40 +41 +42 +45 +46 +47 +48 +49 +50 +51 +52 +53 +55 +56 +57 +58 +59 +60 +61 +62 +63 +64 +65 +66 +67 +68 +69 +70 +71 +72 +73 +74 +75 +76 +77 +78 +79 +80 +81 +82 +83 +84 +85 +86 +87 +88 +89 +90 +91 +92 +93 +94 +95 +96 +97 +98 +99 +100 +101 +102 +103 +104 @
>STPY.0321.00014
+1 +2 +3 +4 +5 +6 +7 +8 +9 +10 +11 +12 -87 -86 -85 -84 -83 -82 -81 -80 -79 -78 -77 -76 -75 -74 -73 -72 -71 -70 -69 -68 -67 -66 -65 -64 -63 -62 -61 -60 -59 -58 -57 -56 -55 -53 -52 -51 -50 -49 -48 -47 -46 -45 -42 -41 -40 -39 -38 -37 -36 -35 -34 -30 -28 -27 -26 -25 -24 -23 -22 -21 -20 -19 -18 -17 -16 -15 -14 -13 +88 +89 +90 +91 +92 +93 +94 +95 +96 +97 +98 +99 +100 +101 +102 +103 +104 @
>STPY.0321.00018
+1 +2 +3 +4 +5 +6 +7 +8 +9 +10 +11 +12 -87 -86 -85 -84 -83 -82 -81 -80 -79 -78 -77 -76 -75 -74 -73 -72 -71 -70 -69 -68 -67 -66 -65 -64 -63 -62 -61 -60 -59 -58 -57 -56 -55 -53 -52 -51 -50 -49 -48 -47 -46 -45 -42 -41 -40 -39 -38 -37 -36 -35 -34 -30 -28 -27 -26 -25 -24 -23 -22 -21 -20 -19 -18 -17 -16 -15 -14 -13 +88 +89 +90 +91 +92 +93 +94 +95 +96 +97 +98 +99 +100 +101 +102 +103 +104 @
>STPY.0321.00012
+1 +2 +3 +4 +5 +6 +7 +8 +9 +10 +11 +12 -87 -86 -85 -84 -83 -82 -81 -80 -79 -78 -77 -76 -75 -74 -73 -72 -71 -70 -69 -68 -67 -66 -65 -64 -63 -62 -61 -60 -59 -58 -57 -56 -55 -53 -52 -51 -50 -49 -48 -47 -46 -45 -42 -41 -40 -39 -38 -37 -36 -35 -34 -30 -28 -27 -26 -25 -24 -23 -22 -21 -20 -19 -18 -17 -16 -15 -14 -13 +88 +89 +90 +91 +92 +93 +94 +95 +96 +97 +98 +99 +100 +101 +102 +103 +104 @
>STPY.0321.00081
+1 +2 +3 +4 +5 +6 +7 +8 +9 +10 +11 +12 -87 -86 -85 -84 -83 -82 -81 -80 -79 -78 -77 -76 -75 -74 -73 -72 -71 -70 -69 -68 -67 -66 -65 -64 -63 -62 -61 -60 -59 -58 -57 -56 -55 -53 -52 -51 -50 -49 -48 -47 -46 -45 -42 -41 -40 -39 -38 -37 -36 -35 -34 -30 -28 -27 -26 -25 -24 -23 -22 -21 -20 -19 -18 -17 -16 -15 -14 -13 +88 +89 +90 +91 +92 +93 +94 +95 +96 +97 +98 +99 +100 +101 +102 +103 +104 @
>STPY.0321.00045
+1 +2 +3 +4 +5 +6 +7 +8 +9 +10 +11 +12 -87 -86 -85 -84 -83 -82 -81 -80 -79 -78 -77 -76 -75 -74 -73 -72 -71 -70 -69 -68 -67 -66 -65 -64 -63 -62 -61 -60 -59 -58 -57 -56 -55 -53 -52 -51 -50 -49 -48 -47 -46 -45 -42 -41 -40 -39 -38 -37 -36 -35 -34 -30 -28 -27 -26 -25 -24 -23 -22 -21 -20 -19 -18 -17 -16 -15 -14 -13 +88 +89 +90 +91 +92 +93 +94 +95 +96 +97 +98 +99 +100 +101 +102 +103 +104 @
>STPY.0321.00004
+1 +2 +3 +4 +5 +6 +7 +8 +9 +10 +11 +12 +13 +14 +15 +16 +17 +18 +19 +20 +21 +22 +23 +24 +25 +26 +27 +28 +30 +34 +35 +36 +37 +38 +39 +40 +41 +42 +45 +46 +47 +48 +49 +50 +51 +52 +53 +55 +56 +57 +58 +59 +60 +61 +62 +63 +64 +65 +66 +67 +68 +69 +70 +71 +72 +73 +74 +75 +76 +77 +78 +79 +80 +81 +82 +83 +84 +85 +86 +87 +88 +89 +90 +91 +92 +93 +94 +95 +96 +97 +98 +99 +100 +101 +102 +103 +104 @
>STPY.0321.00006
+1 +2 +3 +4 +5 -72 -71 -70 -69 -68 -67 -66 -65 -64 -63 -62 -61 -60 -59 -58 -57 +38 +39 +40 +41 +42 +45 +46 +47 +48 +49 +50 +51 +52 +53 +55 +56 -37 -36 -35 -34 -30 -28 -27 -26 -25 -24 -23 -22 -21 -20 -19 -18 -17 -16 -15 -14 -13 -12 -11 -10 -9 -8 -7 -6 +73 +74 +75 +76 +77 +78 +79 +80 +81 +82 +83 +84 +85 +86 +87 +88 +89 +90 +91 +92 +93 +94 +95 +96 -104 -103 -102 -101 -100 -99 -98 -97 @
>STPY.0321.00196
+1 +2 +3 +4 +5 +6 +7 +8 +9 +10 +11 +12 +13 +14 +15 +16 +17 +18 +19 +20 +21 +22 +23 +24 +25 +26 +27 +28 +30 +34 +35 +36 +37 +38 +39 +40 +41 +42 +45 +46 +47 +48 +49 +50 +51 +52 +53 +55 +56 +57 +58 +59 +60 +61 +62 +63 +64 +65 +66 +67 +68 +69 +70 +71 +72 +73 +74 +75 +76 +77 +78 +79 +80 +81 +82 +83 +84 +85 +86 +87 +88 +89 +90 +91 +92 +93 +94 +95 +96 +97 +98 +99 +100 +101 +102 +103 +104 @
>STPY.0321.00015
+1 +2 +3 +4 +5 +6 +7 +8 +9 +10 +11 +12 -87 -86 -85 -84 -83 -82 -81 -80 -79 -78 -77 -76 -75 -74 -73 -72 -71 -70 -69 -68 -67 -66 -65 -64 -63 -62 -61 -60 -59 -58 -57 -56 -55 -53 -52 -51 -50 -49 -48 -47 -46 -45 -42 -41 -40 -39 -38 -37 -36 -35 -34 -30 -28 -27 -26 -25 -24 -23 -22 -21 -20 -19 -18 -17 -16 -15 -14 -13 +88 +89 +90 +91 +92 +93 +94 +95 +96 +97 +98 +99 +100 +101 +102 +103 +104 @
>STPY.0321.00025
+1 +2 +3 +4 +5 +6 +7 +8 +9 +10 +11 +12 +13 +14 +15 +16 +17 +18 +19 +20 +21 +22 +23 +24 +25 +26 +27 +28 +30 +34 +35 +36 +37 +38 +39 +40 +41 +42 +45 +46 +47 +48 +49 +50 +51 +52 +53 +55 +56 +57 +58 +59 +60 +61 +62 +63 +64 +65 +66 +67 +68 +69 +70 +71 +72 +73 +74 +75 +76 +77 +78 +79 +80 +81 +82 +83 +84 +85 +86 +87 +88 +89 +90 +91 +92 +93 +94 +95 +96 +97 +98 +99 +100 +101 +102 +103 +104 @
>STPY.0321.00022
+1 +2 +3 +4 +5 +6 +7 +8 +9 +10 +11 +12 +13 +14 +15 +16 +17 +18 +19 +20 +21 +22 +23 +24 +25 +26 +27 +28 +30 +34 +35 +36 +37 +38 +39 +40 +41 +42 +45 +46 +47 +48 +49 +50 +51 +52 +53 +55 +56 +57 +58 +59 +60 +61 +62 +63 +64 +65 +66 +67 +68 +69 +70 +71 +72 +73 +74 +75 +76 +77 +78 +79 +80 +81 +82 +83 +84 +85 +86 +87 +88 +89 +90 +91 +92 +93 +94 +95 +96 +97 +98 +99 +100 +101 +102 +103 +104 @
>STPY.0321.00149
+1 +2 +3 +4 +5 +6 +7 +8 +9 +10 +11 +12 -87 -86 -85 -84 -83 -82 -81 -80 -79 -78 -77 -76 -75 -74 -73 -72 -71 -70 -69 -68 -67 -66 -65 -64 -63 -62 -61 -60 -59 -58 -57 -56 -55 -53 -52 -51 -50 -49 -48 -47 -46 -45 -42 -41 -40 -39 -38 -37 -36 -35 -34 -30 -28 -27 -26 -25 -24 -23 -22 -21 -20 -19 -18 -17 -16 -15 -14 -13 +88 +89 +90 +91 +92 +93 +94 +95 +96 +97 +98 +99 +100 +101 +102 +103 +104 @
>STPY.0321.00026
+1 +2 +3 +4 +5 +6 +7 +8 +9 +10 +11 +12 -87 -86 -85 -84 -83 -82 -81 -80 -79 -78 -77 -76 -75 -74 -73 -72 -71 -70 -69 -68 -67 -66 -65 -64 -63 -62 -61 -60 -59 -58 -57 -56 -55 -53 -52 -51 -50 -49 -48 -47 -46 -45 -42 -41 -40 -39 -38 -37 -36 -35 -34 -30 -28 -27 -26 -25 -24 -23 -22 -21 -20 -19 -18 -17 -16 -15 -14 -13 +88 +89 +90 +91 +92 +93 +94 +95 +96 +97 +98 +99 +100 +101 +102 +103 +104 @
>STPY.0321.00016
+103 +104 +1 +2 +3 +4 +5 +6 +7 +8 +9 +10 +11 +12 -87 -86 -85 -84 -83 -82 -81 -80 -79 -78 -77 -76 -75 -74 -73 -72 -71 -70 -69 -68 -67 -66 -65 -64 -63 -62 -61 -60 -59 -58 -57 -56 -55 -53 -52 -51 -50 -49 -48 -47 -46 -45 -42 -41 -40 -39 -38 -37 -36 -35 -34 -30 -28 -27 -26 -25 -24 -23 -22 -21 -20 -19 -18 -17 -16 -15 -14 -13 +88 +89 +90 +91 +92 +93 +94 +95 +96 +97 +98 +99 +100 +101 +102 @
