>BUMA.0521.00010.2
+1 +2 +3 +6 +7 +8 +9 +12 +13 +14 +15 +17 +18 +19 +20 +22 +23 +24 +25 +26 +27 +28 +29 +30 +31 +32 +33 +34 +35 +36 +38 +39 +40 +41 +42 +43 +44 +45 +46 +47 +48 +50 +51 +52 +53 +54 +55 +56 +57 +63 +64 +72 +73 +74 +75 +78 +79 +80 @
>BUMA.0521.00011.2
-7 -6 -1 -80 -3 -2 +72 +73 -64 +74 +75 +78 +79 +57 -56 -55 -54 -53 -52 -51 -50 -48 -47 +84 +85 +86 -46 +87 -45 -44 -43 -42 -36 -35 -34 -33 -32 -31 -30 -29 +18 +19 +20 +22 +88 -28 -27 -26 -25 -24 -23 +89 +90 +91 -17 -15 -14 -13 -12 +38 +39 +40 +41 +92 +63 -9 -8 @
>BUMA.0521.00012.1
+98 +99 +100 +101 +102 +103 +104 +105 +106 +107 +108 +109 +110 +111 +112 +113 +114 +115 +116 +117 +118 +119 +120 +121 +122 +123 +124 +125 +126 +127 +131 +132 +133 +134 +135 +136 +137 +138 +139 +140 +141 +142 +143 +144 +145 +146 +147 +151 +152 +153 +154 +155 +156 +157 +160 +161 +162 +163 +164 +167 +168 +169 +170 +171 +172 +173 +174 +175 +176 +177 +178 +179 +180 +181 +182 +183 +184 +189 +190 +191 +192 +199 +200 +201 +202 +203 +204 +205 +206 +207 +208 +209 +210 +211 +212 +213 +215 +216 +217 +218 +219 +220 +221 +222 +223 +224 +225 +229 +232 +233 +234 +235 +236 +237 +238 +239 +240 +241 +242 @
>BUMA.0521.00008.2
+86 -46 +87 -45 -44 -43 -42 -36 -33 -32 -31 -30 -29 +18 +19 +20 +22 +243 +244 +88 -28 -27 -26 -25 -24 -23 +89 +90 +91 -17 -15 -14 -13 -12 +38 +39 +40 +41 +92 +63 -57 -3 -2 -79 -78 -75 -74 +64 -73 -72 +80 +1 +6 +7 +8 +9 -48 -47 +84 +85 @
>BUMA.0521.00009.2
+25 +26 +27 +28 -88 -244 -243 -15 -14 -13 -12 +38 +39 +40 +41 +92 +63 -9 -8 -7 -6 +55 +56 +57 -3 -2 +72 +73 -64 +74 +75 +78 +79 +80 +1 -54 -53 -52 -51 -50 -48 -47 +84 +85 +86 -46 +87 -45 -44 -43 -42 -36 -35 -34 -33 -32 -31 -30 -29 +18 +19 +20 +22 +17 -91 -90 -89 +23 +24 @
>BUMA.0521.00009.1
+112 +113 +114 +115 +116 -161 -160 +127 -145 -144 -143 -142 -141 -140 -139 -138 -137 -136 -135 -146 -155 -154 -153 -152 -151 +131 +132 +133 -124 -123 -122 -121 -120 -119 -118 -117 +134 +147 +156 +157 -126 -125 +162 +163 +164 -110 -109 -108 +204 +205 +206 +207 +208 +209 +210 +211 +212 +213 +215 +216 +217 +218 +219 +220 +221 +222 +223 +224 +225 +237 -236 -235 -234 -233 -232 +100 +101 -229 +238 +239 +240 +241 +242 +98 +99 +102 +103 +104 +105 +106 +107 -203 -202 -201 -200 -199 -192 -191 -190 -189 +245 -184 -183 +175 +176 +177 +178 +179 +180 +181 +182 -174 -173 -172 -171 -170 -169 -168 -167 +111 @
>BUMA.0521.00010.1
-224 +223 -222 -221 -220 -219 -218 -217 -216 -215 +164 -110 -109 -108 -213 +204 -175 -174 -173 -172 -171 -170 -169 -168 -167 +111 +112 +113 +114 +115 +117 +118 +119 +120 +121 +122 +123 +124 +125 +126 +132 -134 +144 +145 -137 -136 +138 -143 -142 -141 -140 -139 +147 +151 +152 +146 -155 -154 -153 -135 +156 +157 -131 -127 +160 +161 +162 +163 +209 +210 +211 +212 +205 +206 +207 +208 +176 +177 +178 +179 +180 +181 +182 +183 +184 +189 +190 +191 +192 +199 +200 +201 +246 +202 +203 -107 -106 -105 -104 -103 -102 -239 -238 +229 -101 -100 +232 +233 -237 -236 -235 +240 +241 +242 +98 +99 -234 -225 @
>BUMA.0521.00014.2
-24 -23 +89 +90 +91 -17 -22 -20 -19 -18 +29 +30 +31 +32 +33 +34 +35 +36 +42 +43 +44 +45 -87 +46 -86 -85 -84 +47 +48 +50 +51 +52 +53 +54 -1 -80 -79 -78 -75 -74 +64 -73 -72 +2 +3 -57 -56 -55 +6 +7 +8 +9 -63 -92 -41 -40 -39 -38 +12 +13 +14 +15 +243 +244 +88 -28 -27 -26 -25 @
>BUMA.0521.00015.1
+112 +113 +114 +115 +116 -161 -160 +127 -145 -144 -143 -142 -141 -140 -139 -138 -137 -136 -135 -146 -155 -154 -153 -152 -151 +131 +132 +133 -124 -123 -122 -121 -120 -119 -118 -117 +134 +147 +156 +157 -126 -125 +162 +163 +164 -110 -109 -108 +204 +205 +206 +207 +208 +209 +210 +211 +212 +213 +215 +216 +217 +218 +219 +220 +221 +222 +223 +224 +225 +237 -236 -235 -234 -233 -232 +100 +101 -229 +238 +239 +240 +241 +242 +98 +99 +102 +103 +104 +105 +106 +107 -203 -202 -246 -201 -200 -199 -192 -191 -190 +245 -184 -183 +175 +176 +177 +178 +179 +180 +181 +182 -174 -173 -172 -171 -170 -169 -168 -167 +111 @
>BUMA.0521.00013.1
+112 +113 +114 +115 +116 -155 -154 -153 -152 -151 +146 +135 +131 +134 +117 +118 +119 +120 +121 +122 +123 +124 +125 +126 +132 +133 +139 +140 +141 +142 +143 +147 -145 -144 +156 +157 -138 -137 -136 -127 +160 +161 +162 +163 +109 +110 -164 -108 +204 +205 +206 +207 +208 +209 +210 +211 +212 +213 +215 +216 +217 +218 +219 +220 +221 +222 +223 +224 +225 -98 -242 -241 -240 -239 -238 -237 -236 -235 -234 -233 -232 +100 +101 -229 +99 +102 +103 +104 +105 +106 +107 -203 -202 -246 -201 -200 -199 -192 -191 -190 -189 +245 -184 -183 -182 -181 -180 -179 -178 -177 -176 -175 -174 -172 +173 -171 -170 -169 -168 -167 +111 @
>BUMA.0521.00014.1
+112 +113 +114 +115 +116 -161 -160 +127 -145 -144 -143 -142 -141 -140 -139 -138 -137 -136 -135 -146 -155 -154 -153 -152 -151 +131 +132 +133 -124 -123 -122 -121 -120 -119 -118 -117 +134 +147 +156 +157 -126 -125 +162 +163 +164 -110 -109 -108 +204 +205 +206 +207 +208 +209 +210 +211 +212 +213 +215 +216 +217 +218 +219 +220 +221 +222 +223 +224 +225 +237 -236 -235 -234 -233 -232 +100 +101 -229 +238 +239 +240 +241 +242 +98 +99 +102 +103 +104 +105 +106 +107 -203 -202 -246 -201 -200 -199 -192 -191 -190 -189 +245 -184 -183 +175 +177 +178 +179 +180 +181 +182 -174 -173 -172 -171 -170 -169 -168 -167 +111 @
>BUMA.0521.00003.2
-63 +74 -54 -53 -52 -51 -50 -48 -47 +84 +85 +86 -46 +87 -45 -44 -43 -42 -36 -92 -41 -40 -39 -38 +12 +13 +14 +15 +17 -91 -90 -89 +243 +244 +88 -28 -27 -26 -25 -24 -23 -22 -20 -19 -18 +29 +30 +31 +32 +33 +34 +35 -75 -3 -2 +64 -73 -72 +80 +1 +6 +7 +8 +9 @
>BUMA.0521.00001.2
-52 -51 -50 -48 -47 +84 +85 +86 -46 +87 -45 -44 -43 -42 -36 -92 -41 -40 -39 -38 +12 +13 +14 +15 +17 -91 -90 -89 +23 +24 +25 +26 +27 +28 -88 -244 -243 -22 -20 -19 -18 +29 +30 +31 +32 +33 +34 +35 +63 -9 -8 -7 -6 -1 -80 -79 +55 +56 +57 -74 +72 +73 -64 +78 +2 +3 +75 -54 -53 @
>BUMA.0521.00002.1
+101 -229 +238 +239 +240 +241 +242 +98 -225 -224 -223 -222 -221 -220 +246 -201 -200 -199 -192 -191 -190 -189 +245 -184 -183 +175 +176 +177 +178 +179 +180 +181 +182 -174 -173 -172 -171 -170 -169 -116 -115 -114 -113 +124 +125 +126 +132 -168 -167 +111 +112 -123 -122 -121 -120 -119 -118 -117 +133 +134 +144 +145 +138 +139 +140 +141 +142 +143 +147 -137 -136 -135 -146 +151 +152 +153 +154 +155 +156 +157 -131 -127 +160 +161 +162 +163 +109 +110 -164 -108 +204 +205 +206 +207 +208 +209 +210 +211 +212 +213 +215 +216 +217 +218 +219 +202 +203 -107 -106 -105 -104 -103 -102 -99 -237 -236 -235 -234 -233 -232 +100 @
>BUMA.0521.00004.1
+142 +143 +147 -145 -144 -134 -133 +117 +118 +119 +120 +121 +122 +123 +151 +152 +167 +168 -132 -155 -154 -153 +111 +112 +113 +114 +115 +116 +169 +170 +171 +172 +173 +205 +206 +207 +208 +209 +210 +211 +212 +213 +215 +216 +217 +218 +219 +202 +203 -107 -106 -105 -104 -103 -102 -99 -98 -242 -241 -240 -239 -238 +229 -101 -100 +232 +233 +234 +235 +236 +237 -225 -224 -223 -222 -204 +174 -182 -181 -180 -179 -178 -177 -175 +183 +184 -245 +189 +190 +191 +192 +199 +200 +201 -246 +220 +221 +108 +164 -110 -109 -163 -162 -161 -160 +127 +131 -157 -156 -126 -125 -124 +146 +135 +136 +137 +138 +139 +140 +141 @
>BUMA.0521.00002.2
+26 +27 +28 -88 -244 -243 +89 +90 +91 -17 -15 -14 -13 -12 +38 +39 +40 +41 +92 +36 +42 +43 +44 +45 -87 +46 -86 -85 -84 +47 +48 +50 +51 +52 +53 +54 -74 -79 -78 +55 +56 +57 -75 -3 -2 +64 -73 -72 +80 +1 +6 +7 +8 +9 -63 -35 -34 -33 -32 -31 -30 -29 +18 +19 +20 +22 +23 +24 +25 @
>BUMA.0521.00006.2
-92 -41 -40 -39 -38 +12 +13 +14 +15 +17 -91 -90 -89 +23 +24 +25 +26 +27 +28 -88 -244 -243 -22 -20 -19 -18 +29 +30 +31 +32 +33 +34 +35 +36 +42 +43 +44 +45 -87 +46 -86 -85 -84 +47 +48 +50 +51 +52 +53 +54 -79 -78 +55 +56 -57 +72 +73 -64 +2 +3 +74 +75 +80 +1 +6 +7 +8 +9 -63 @
>BUMA.0521.00007.1
-151 -147 +139 +140 +141 +142 +143 -155 -154 -153 -135 +146 -174 -173 +172 -171 -170 -169 -168 -167 +111 +112 +113 +114 +115 +116 -161 -160 +127 +131 +145 -137 -136 +138 +175 -110 -109 +205 +206 +207 +208 +176 +177 +178 +179 +180 +181 +182 +183 +184 +245 +189 +190 +191 +192 -239 -238 +229 -101 -100 +232 +233 -237 -236 -235 +240 +241 +242 +98 +99 +102 +103 +104 +105 +106 +107 -203 -202 -201 -200 -234 -223 -222 -221 -220 -219 -218 -217 -216 -215 -204 +213 +108 -212 -211 -210 -209 -163 -162 +117 +118 +119 +120 +121 +122 +123 +124 -126 -125 +132 -134 -133 +144 -157 -156 -152 @
>BUMA.0521.00004.2
+13 +14 +15 +17 -91 -90 -89 +23 +24 +25 +26 +27 +28 -88 -244 -243 -22 -20 -19 -18 +29 +30 +31 +32 +33 +63 +57 -79 -74 +72 +73 -64 +2 +3 +80 +1 +6 +7 +8 +9 -56 -55 +78 -54 -53 -52 -51 -50 -48 -47 +84 +85 +86 -46 +87 -45 -44 -43 -42 -36 -92 -41 -40 -39 -38 +12 @
>BUMA.0521.00013.2
-27 -26 -25 -24 -23 -22 -20 -19 -18 +29 +30 +31 +32 +33 +36 +42 +43 +44 +45 -87 +46 -86 -85 -84 +47 +48 +50 +51 +52 +53 +54 -75 -74 +72 +73 -64 +2 +3 -57 -56 -55 +78 +79 +80 +1 +6 +7 +8 +9 -63 -92 -41 -40 -39 -38 +12 +13 +14 +15 +17 -91 -90 -89 +243 +244 +88 -28 @
>BUMA.0521.00005.1
-177 -176 -175 -161 -160 +127 +131 +146 +135 +136 +137 +138 +132 +134 +144 +145 -147 +139 +140 +141 +142 +143 -133 -155 -154 -153 +151 +152 +156 +157 -126 -125 -124 -123 -122 -121 -120 -119 -118 -117 -116 -115 -114 -113 -171 -170 -169 -168 -167 +111 +112 +172 +173 +174 +162 +163 +109 +110 -164 -108 +204 +205 +206 +207 +208 +209 +210 +211 +212 +179 +180 +181 +182 +183 +213 +215 +216 +217 +218 +219 +220 +221 +222 +223 +224 +225 +229 -101 -100 +232 +233 +234 +235 +236 -237 +238 +239 +240 +241 +242 +98 +99 +102 +103 +104 +105 +106 +107 -203 -202 -246 -201 -200 -199 -192 -191 -190 -189 +245 -184 -178 @
>BUMA.0521.00020.2
+25 +26 +27 +28 -88 -244 -243 -15 -14 -13 -12 +38 +39 +40 +41 +92 +63 -9 -8 -7 -6 +55 +56 +57 -3 -2 +72 +73 -64 +74 +75 +78 +79 +80 +1 -54 -53 -52 -51 -50 -48 -47 +84 +85 +86 -46 +87 -45 -44 -43 -42 -36 -35 -34 -33 -32 -31 -30 -29 +18 +19 +20 +22 +17 -91 -90 -89 +23 +24 @
>BUMA.0521.00021.2
+25 +26 +27 +28 -88 -244 -243 -15 -14 -13 -12 +38 +39 +40 +41 +92 +63 -9 -8 -7 -6 +55 +56 +57 -3 -2 +72 +73 -64 +74 +75 +78 +79 +80 +1 -54 -53 -52 -51 -50 -48 -47 +84 +85 +86 -46 +87 -45 -44 -43 -42 -36 -35 -34 -33 -32 -31 -30 -29 +18 +19 +20 +22 +17 -91 -90 -89 +23 +24 @
>BUMA.0521.00027.2
+23 +24 +25 +26 +27 +28 -88 -244 -243 -15 -14 -13 -12 +38 +39 +40 +41 +92 +63 -9 -8 -7 -6 +55 +56 +57 -3 -2 +72 +73 -64 +74 +75 +78 +79 +80 +1 -54 -53 -52 -51 -50 -48 -47 +84 +85 +86 -46 +87 -45 -44 -43 -42 -36 -35 -34 -33 -32 -31 -30 -29 +18 +19 +20 +22 +17 -91 -90 -89 @
>BUMA.0521.00024.1
+112 +113 +114 +115 +116 -161 -160 +127 -145 -144 -143 -142 -141 -140 -139 -138 -137 -136 -135 -146 -155 -154 -153 -152 -151 +131 +132 +133 -124 -123 -122 -121 -120 -119 -118 -117 +134 +147 +156 +157 +219 +220 +221 +222 +223 +224 +225 +237 -236 -235 -234 -233 -232 +100 +101 -229 +238 +239 +240 +241 +242 +98 +99 +102 +103 +104 +105 +106 +107 -203 -202 -246 -201 -200 -199 -192 -191 -190 -189 +245 -184 -183 +175 +176 +177 +178 +179 +180 +181 +182 -174 -173 -172 -171 -170 -169 -168 -167 +111 @
>BUMA.0521.00015.2
+25 +26 +27 +28 -88 -244 -243 -15 -14 -13 -12 +38 +39 +40 +41 +92 +63 -9 -8 -7 -6 +55 +56 +57 -3 -2 +72 +73 -64 +74 +75 +78 +79 +80 +1 -54 -53 -52 -51 -50 -48 -47 +84 +85 +86 -46 +87 -45 -44 -43 -42 -36 -35 -34 -33 -32 -31 -30 -29 +18 +19 +20 +22 +17 -91 -90 -89 +23 +24 @
>BUMA.0521.00030.1
+146 +135 -145 -144 -134 -133 -132 -161 -160 +127 +131 +162 +163 +164 -110 -109 +173 +174 +175 +204 +205 +206 +207 +208 +209 +210 +211 +212 +213 +246 +201 +215 +216 +217 +218 +219 +220 +221 +222 +223 +224 +225 -237 -236 -235 -234 -233 -232 +100 +101 -229 +238 +239 +240 +241 +242 +98 +99 +102 +103 +104 +105 +106 +107 -203 -202 -200 -199 -192 -191 -190 -189 -184 -183 -182 -181 -180 -179 -178 -177 -176 +108 -172 -171 -170 -169 -168 -167 +111 +112 +113 +114 +115 +116 +117 +118 +119 +120 +121 +122 +123 +124 +125 +126 -157 -156 -155 -154 -153 -152 -151 -147 -143 -142 -141 -140 -139 -138 +136 +137 @
>BUMA.0521.00008.1
+241 +242 +98 +99 +100 +101 +102 +103 +104 +105 +106 +107 +108 +109 +110 +111 +112 +113 +114 +115 +116 +117 +118 +119 +120 +121 +122 +123 +124 +125 +126 +127 +131 +132 +133 +134 +135 +136 +137 +138 +139 +140 +141 +142 +143 +144 +145 +146 +147 +151 +152 +153 +154 +155 +156 +157 +160 +161 +162 +163 +164 +167 +168 +169 +170 +171 +172 +173 +174 +175 +176 +177 +178 +179 +180 +181 +182 +183 +184 +189 +190 +191 +192 +199 +200 +201 +202 +203 +204 +205 +206 +207 +208 +209 +210 +211 +212 +213 +215 +216 +217 +218 +219 +220 +221 +222 +223 +224 +225 +229 +232 +233 +234 +235 +236 +237 +238 +239 +240 @
>BUMA.0521.00016.2
+25 +26 +27 +28 -88 -244 -243 -15 -14 -13 -12 +38 +39 +40 +41 +92 +63 -9 -8 -7 -6 +55 +56 +57 -3 -2 +72 +73 -64 +74 +75 +78 +79 +80 +1 -54 -53 -52 -51 -50 -48 -47 +84 +85 +86 -46 +87 -45 -44 -43 -42 -36 -35 -34 -33 -32 -31 -30 -29 +18 +19 +20 +22 +17 -91 -90 -89 +23 +24 @
>BUMA.0521.00027.1
+131 +132 +133 -124 -123 -122 -121 -120 -119 -118 -117 +134 +147 +156 +157 -126 -125 +162 +163 +164 -110 -109 -108 +204 +205 +206 +207 +208 +209 +210 +211 +212 +213 +215 +216 +217 +218 +219 +220 +221 +222 +223 +224 +225 +237 -236 -235 -234 -233 -232 +100 +101 -229 +238 +239 +240 +241 +242 +98 +99 +102 +103 +104 +105 +106 +107 -203 -202 -246 -201 -200 -199 -192 -191 -190 -189 +245 -184 -183 +175 +177 +178 +179 +180 +181 +182 -174 -173 -172 -171 -170 -169 -168 -167 +111 +112 +113 +114 +115 +116 -161 -160 +127 -145 -144 -143 -142 -141 -140 -139 -138 -137 -136 -135 -146 -155 -154 -153 -152 -151 @
>BUMA.0521.00022.1
+112 +113 +114 +115 +116 -161 -160 +127 -145 -144 -143 -142 -141 -140 -139 -138 -137 -136 -135 -146 -155 -154 -153 -152 -151 +131 +132 +133 -124 -123 -122 -121 -120 -119 -118 -117 +134 +147 +156 +157 -126 -125 +162 +163 +164 -110 -109 -108 +204 +205 +206 +207 +208 +209 +210 +211 +212 +213 +215 +216 +217 +218 +219 +220 +221 +222 +223 +224 +225 +237 -236 -235 -234 -233 -232 +100 +101 -229 +238 +239 +240 +241 +242 +98 +99 +102 +103 +104 +105 +106 +107 -203 -202 -246 -201 -200 -199 -192 -191 -190 -189 +245 -184 -183 +175 +176 +177 +178 +179 +180 +181 +182 -174 -173 -172 -171 -170 -169 -168 -167 +111 @
>BUMA.0521.00031.2
+25 +26 +27 +28 -88 -244 -243 -22 -20 -19 -18 +29 +30 +31 +32 +33 +34 +35 +63 -9 -8 -7 -6 -1 -80 -79 +55 +56 +57 -74 +72 +73 -64 +78 +2 +3 +75 -54 -53 -52 -51 -50 -48 -47 +84 +85 +86 -46 +87 -45 -44 -43 -42 -36 -92 -41 -40 -39 -38 +12 +13 +14 +15 +17 -91 -90 -89 +23 +24 @
>BUMA.0521.00023.2
+25 +26 +27 +28 -88 -244 -243 -15 -14 -13 -12 +38 +39 +40 +41 +92 +63 -9 -8 -7 -6 +55 +56 +57 -3 -2 +72 +73 -64 +74 +75 +78 +79 +80 +1 -54 -53 -52 -51 -50 -48 -47 +84 +85 +86 -46 +87 -45 -44 -43 -42 -36 -35 -34 -33 -32 -31 -30 -29 +18 +19 +20 +22 +17 -91 -90 -89 +23 +24 @
>BUMA.0521.00005.2
+54 +55 +56 -57 -3 -2 +72 +73 -64 +74 +75 +78 +79 +80 +1 +6 +7 +8 +9 -63 -92 -41 -40 -39 -38 +12 +13 +14 +15 +17 -91 -90 -89 +23 +24 +25 +26 +27 +28 -88 -244 -243 -22 -20 -19 -18 +29 +30 +31 +32 +33 +34 +35 +36 +42 +43 +44 +45 -87 +46 -86 -85 -84 +47 +48 +50 +51 +52 +53 @
>BUMA.0521.00017.2
+25 +26 +27 +28 -88 -244 -243 -22 -20 -19 -18 +29 +30 +31 +32 +33 +34 +35 +36 +42 +43 +44 +45 -87 +46 -86 -85 -84 +47 +48 +50 +51 +52 +53 +54 +55 +56 -57 -3 -2 +72 +73 -64 +74 +75 +78 +79 +80 +1 +6 +7 +8 +9 -63 -92 -41 -40 -39 -38 +12 +13 +14 +15 +17 -91 -90 -89 +23 +24 @
>BUMA.0521.00007.2
-9 -8 -7 -6 -3 -2 -1 -80 -78 -75 -74 +63 +72 +73 -64 -57 -56 -55 -54 -53 -52 -51 -50 -48 -47 -46 -45 -44 -43 -42 -35 -34 -33 -32 -31 -30 -29 -91 -90 -89 +243 +88 -27 -26 -25 -24 -23 -22 -20 -19 -18 -17 -15 -14 -13 -12 +39 +40 +41 +36 @
>BUMA.0521.00020.1
+112 +113 +114 +115 +116 -161 -160 +127 -145 -144 -143 -142 -141 -140 -139 -138 -137 -136 -135 -146 -155 -154 -153 -152 -151 +131 +132 +133 -124 -123 -122 -121 -120 -119 -118 -117 +134 +147 +156 +157 -126 -125 +162 +163 +164 -110 -109 -108 +204 +205 +206 +207 +208 +209 +210 +211 +212 +215 +216 +217 +218 +219 +220 +221 +222 +223 +224 +225 +237 -236 -235 -234 -233 -232 +100 +101 -229 +238 +239 +240 +241 +242 +98 +99 +102 +103 +104 +105 +106 +107 -203 -202 -246 -201 -200 -199 -192 -191 -190 -189 +245 -184 -183 +175 +176 +177 +178 +179 +180 +181 +182 -174 -173 -172 -171 -170 -169 -168 -167 +111 @
>BUMA.0521.00021.1
+112 +113 +114 +115 +116 -161 -160 +127 -145 -144 -143 -142 -141 -140 -139 -138 -137 -136 -135 -146 -155 -154 -153 -152 -151 +131 +132 +133 -124 -123 -122 -121 -120 -119 -118 -117 +134 +147 +156 +157 -126 -125 +162 +163 +164 -110 -109 -108 +204 +205 +206 +207 +208 +209 +210 +211 +212 +213 +215 +216 +217 +218 +219 +220 +221 +222 +223 +224 +225 +237 -236 -235 -234 -233 -232 +100 +101 -229 +238 +239 +240 +241 +242 +98 +99 +102 +103 +104 +105 +106 +107 -203 -202 -246 -201 -200 -199 -192 -191 -190 +245 -184 -183 +175 +176 +177 +178 +179 +180 +181 +182 -174 -173 -172 -171 -170 -169 -168 -167 +111 @
>BUMA.0521.00017.1
+112 +172 +173 +174 +175 +176 +177 +178 +179 +180 +181 +182 +183 +213 +215 +216 +217 +218 +219 +220 +221 +222 +223 +224 +225 +229 -101 -100 +232 +233 +234 +235 +236 -237 +238 +239 +240 +241 +242 +98 +99 +102 +103 +104 +105 +106 +107 -203 -202 -246 -201 -200 -199 -192 -191 -190 -189 +245 -184 -212 -211 -210 -209 -208 -207 -206 -205 -204 +108 +164 -110 -109 -163 -162 +125 +126 +167 +168 +169 +170 +171 +113 +114 +115 +116 -161 -160 +127 +124 -152 -151 +153 +154 +155 +133 +134 +144 +145 +138 +139 +140 +141 +142 +143 +147 -137 -136 -135 -146 -132 -131 -123 -122 -121 -120 -119 -118 -117 +156 +157 +111 @
>BUMA.0521.00023.1
+112 +113 +114 +115 +116 -161 -160 +127 -145 -144 -143 -142 -141 -140 -139 -138 -137 -136 -135 -146 -155 -154 -153 -152 -151 +131 +132 +133 -124 -123 -122 -121 -120 -119 -118 -117 +134 +147 +156 +157 -126 -125 +162 +163 +164 -110 -109 -108 +204 +205 +206 +207 +208 +209 +210 +211 +212 +213 +215 +216 +217 +218 +219 +220 +221 +222 +223 +224 +225 +237 -236 -235 -234 -233 -232 +100 +101 -229 +238 +239 +240 +241 +242 +98 +99 +102 +103 +104 +105 +106 +107 -203 -202 -246 -201 -200 -199 -192 -191 -190 -189 +245 -184 -183 +175 +177 +178 +179 +180 +181 +182 -174 -173 -172 -171 -170 -169 -168 -167 +111 @
>BUMA.0521.00032.2
+85 +86 -46 +87 -45 -44 -43 -42 -36 -35 -34 -33 -32 -31 -30 -29 +18 +19 +20 +22 +243 +244 +88 -28 -27 -26 -25 -24 -23 +89 +90 +91 -17 -15 -14 -13 -12 +38 +39 +40 +41 +92 +63 -57 -3 -2 +72 +73 -64 +74 +75 +78 +79 +80 +1 +6 +7 +8 +9 -56 -55 -54 -53 -52 -51 -50 -48 -47 +84 @
>BUMA.0521.00001.1
+170 +171 -172 +173 +174 -182 -181 -180 -179 -178 -177 -176 -175 +183 +184 -245 +189 +190 +191 +192 +199 +200 +201 +222 +223 +224 +225 -237 -236 -235 -234 -233 -232 +100 +101 -229 +238 +239 +240 +241 +242 +98 +99 +102 +103 +104 +105 +106 +107 -203 -202 -219 -218 -217 -216 -215 -213 -212 -211 -210 -209 -208 -207 -206 -205 +204 +108 +164 -110 -109 -163 -162 -161 -160 +127 +131 -157 -156 +151 +152 +153 +154 +155 +146 +135 +136 +137 +138 +139 +140 +141 +142 +143 +147 +246 -221 -220 -145 -144 -134 -133 +117 +118 +119 +120 +121 +122 +123 +124 +125 +111 +112 +113 +114 +115 +116 -132 -126 +167 +168 +169 @
>BUMA.0521.00019.2
+25 +26 +27 +28 -88 -244 -243 -15 -14 -13 -12 +38 +39 +40 +41 +92 +63 -9 -8 -7 -6 +55 +56 +57 -3 -2 +72 +73 -64 +74 +75 +78 +79 +80 +1 -54 -53 -52 -51 -50 -48 -47 +84 +85 +86 -46 +87 -45 -44 -43 -42 -36 -35 -34 -33 -32 -31 -30 -29 +18 +19 +20 +22 +17 -91 -90 -89 +23 +24 @
>BUMA.0521.00024.2
+25 +26 +210 +211 +212 +213 +215 +216 +217 +218 -126 -125 +162 +163 +164 -110 -109 -108 +204 +205 +206 +207 +208 +209 +27 +28 -88 -244 -243 -15 -14 -13 -12 +38 +39 +40 +41 +92 +63 -9 -8 -7 -6 +55 +56 +57 -3 -2 +72 +73 -64 +74 +75 +78 +79 +80 +1 -48 -47 +84 +85 +86 -46 +87 -45 -44 -43 -42 -36 -35 -34 -33 -32 -31 -30 -29 +18 +19 +20 +22 +17 -91 -90 -89 +23 +24 @
>BUMA.0521.00019.1
+112 +113 +114 +115 +116 -161 -160 +127 -145 -144 -143 -142 -141 -140 -139 -138 -137 -136 -135 -146 -155 -154 -153 -152 -151 +131 +132 +133 -124 -123 -122 -121 -120 -119 -118 -117 +134 +147 +156 +157 -126 -125 +162 +163 +164 -110 -109 -108 +204 +205 +206 +207 +208 +209 +210 +211 +212 +213 +215 +216 +217 +218 +219 +220 +221 +222 +223 +224 +225 +237 -236 -235 -234 -233 -232 +100 +101 -229 +238 +239 +240 +241 +242 +98 +99 +102 +103 +104 +105 +106 +107 -203 -202 -246 -201 -200 -199 -192 -191 -190 -189 +245 -184 -183 +175 +176 +177 +178 +179 +180 +181 +182 -174 -173 -172 -171 -170 -169 -168 -167 +111 @
>BUMA.0521.00016.1
+112 +113 +114 +115 +116 -161 -160 +127 -145 -144 -143 -142 -141 -140 -139 -138 -137 -136 -135 -146 -155 -154 -153 -152 -151 +131 +132 +133 -124 -123 -122 -121 -120 -119 -118 -117 +134 +147 +156 +157 -126 -125 +162 +163 +164 -110 -109 -108 +204 +205 +206 +207 +208 +209 +210 +211 +212 +213 +215 +216 +217 +218 +219 +220 +221 +222 +223 +224 +225 +237 -236 -235 -234 -233 -232 +100 +101 -229 +238 +239 +240 +241 +242 +98 +99 +102 +103 +104 +105 +106 +107 -203 -202 -246 -201 -200 -199 -192 -191 -190 -189 +245 -184 -183 +175 +177 +178 +179 +180 +181 +182 -174 -173 -172 -171 -170 -169 -168 -167 +111 @
>BUMA.0521.00026.2
-43 -42 -36 -35 -34 -33 -32 -31 -30 -29 +18 +19 +20 +22 +17 -91 -90 -89 +23 +24 +25 +26 +27 +28 -13 -12 +38 +39 +40 +41 +92 +63 -9 -8 -7 -6 +57 -3 -2 +72 +73 -64 +74 -48 -47 +84 +85 +86 -46 +87 -45 -44 @
>BUMA.0521.00018.2
-24 -23 +89 +90 +91 -17 -15 -14 -13 -12 +38 +39 +40 +41 +92 +36 +42 +43 +44 +45 -87 +46 -86 -85 -84 +47 +48 +50 +51 +52 +53 +54 -75 -3 -2 -78 +64 -73 -72 +74 -57 -56 -55 +79 +80 +1 +6 +7 +8 +9 -63 -35 -34 -33 -32 -31 -30 -29 +18 +19 +20 +22 +243 +244 +88 -28 -27 -26 -25 @
>BUMA.0521.00012.2
-79 -78 -75 -74 +64 -73 -72 +80 +1 +6 +7 +8 +9 -48 -47 +84 +85 +86 -46 +87 -45 -44 -43 -42 -36 -33 -32 -31 -30 -29 +18 +19 +20 +22 +243 +244 +88 -28 -27 -26 -25 -24 -23 +89 +90 +91 -17 -15 -14 -13 -12 +38 +39 +40 +41 +92 +63 -57 -3 -2 @
>BUMA.0521.00025.1
+112 +113 +114 +115 +116 -132 -126 +167 +168 +169 +170 +171 -172 +173 +174 -182 -181 -180 -179 -178 -177 -176 -175 +183 +184 -245 +189 +190 +191 +192 +199 +200 +201 +222 +223 +224 +225 -237 -236 -235 -234 -233 -232 +100 +101 -229 +238 +239 +240 +241 +242 +98 +99 +102 +103 +104 +105 +106 +107 -203 -202 -219 -218 -217 -216 -215 -213 -212 -211 -210 -209 -208 -207 -206 -205 +204 +108 +164 -110 -109 -163 -162 -161 -160 +127 +131 -157 -156 +151 +152 +153 +154 +155 +146 +135 +136 +137 +138 +139 +140 +141 +142 +143 +147 +246 -221 -220 -145 -144 -134 -133 +117 +118 +119 +120 +121 +122 +123 +124 +125 +111 @
>BUMA.0521.00030.2
+72 +73 -64 +2 +3 +74 +75 +80 +1 -63 -92 -41 -40 -39 -38 +12 +13 +14 +15 +17 -91 -90 -89 +23 +24 +25 +26 +27 +28 -88 -244 -243 -22 -20 -19 -18 +29 +30 +31 +32 +33 +36 +42 +43 +44 +45 +57 +55 +56 @
>BUMA.0521.00031.1
+112 +113 +114 +115 +116 -132 -126 +167 +168 +169 +170 +171 -172 +173 +174 -182 -181 -180 -179 -178 -177 -176 -175 +183 +184 -245 +189 +190 +191 +192 +199 +200 +201 +222 +223 +224 +225 -237 -236 -235 -234 -233 -232 +100 +101 -229 +238 +239 +240 +241 +242 +98 +99 +102 +103 +104 +105 +106 +107 -203 -202 -219 -218 -217 -216 -215 -213 -212 -211 -210 -209 -208 -207 -206 -205 +204 +108 +164 -110 -109 -163 -162 -161 -160 +127 +131 -157 -156 +151 +152 +153 +154 +155 +146 +135 +136 +137 +138 +139 +140 +141 +142 +143 +147 +246 -221 -220 -145 -144 -134 -133 +117 +118 +119 +120 +121 +122 +123 +124 +125 +111 @
>BUMA.0521.00029.2
-15 -14 -13 -12 +38 +39 +40 +41 +92 +36 +42 +43 +44 +45 -87 +46 -86 -85 -84 +47 +48 +50 +51 +52 +53 +54 -75 -3 -2 -78 +64 -73 -72 +74 -57 -56 -55 +79 +80 +1 +6 +7 +8 +9 -63 -35 -34 -33 -32 -31 -30 -29 +18 +19 +20 +22 +243 +244 +88 -28 -27 -26 -25 -24 -23 +89 +90 +91 -17 @
>BUMA.0521.00006.1
+110 -164 -163 -162 -131 -127 +160 +161 +132 +133 +134 +144 +145 -135 -146 -137 -136 +138 +139 +140 +141 +142 +143 +147 +151 +152 +153 +154 +155 +156 +157 -126 -125 -124 -123 -122 -121 -120 -119 -118 -117 -116 -115 -114 -113 -112 -111 +174 +175 +204 +205 +206 +207 +208 +209 +210 +211 +212 +213 +246 +201 +215 +216 +217 +218 +219 +220 +221 +222 +223 -101 -100 +232 +233 +234 +235 +236 +237 -225 -224 -229 +238 +239 +240 +241 +242 +98 +99 +102 +103 +104 +105 +106 +107 -203 -202 -200 -199 -192 -191 -190 -189 -245 -184 -183 -182 -181 -180 -179 -178 -177 -176 +108 -172 -171 -170 -169 -168 -167 -173 +109 @
>BUMA.0521.00029.1
+245 -184 -183 +175 +176 +177 +178 +179 +180 +181 +182 -174 -173 +172 -171 -170 -169 -168 -167 +126 +132 -116 -115 -114 -113 -112 -111 -125 -124 -123 -122 -121 -120 -119 -118 -117 +133 +134 +144 +145 +220 +221 -246 -147 -143 -142 -141 -140 -139 -138 -137 -136 -135 -146 -155 -154 -153 -152 -151 +156 +157 -131 -127 +160 +161 +162 +163 +109 +110 -164 -108 -204 +205 +206 +207 +208 +209 +210 +211 +212 +213 +215 +216 +217 +218 +219 +202 +203 -107 -106 -105 -104 -103 -102 -99 -98 -242 -241 -240 -239 -238 +229 -101 -100 +232 +233 +234 +235 +236 +237 -225 -224 -223 -222 -201 -200 -199 -192 -191 -190 -189 @
>BUMA.0521.00018.1
+112 +113 +114 +115 +116 -132 -126 +167 +168 +169 +170 +171 -172 +173 +174 -182 -181 -180 -179 -178 -177 -176 -175 +183 +184 -245 +189 +190 +191 +192 +199 +200 +201 +222 +223 +224 +225 -237 -236 -235 -234 -233 -232 +100 +101 -229 +238 +239 +240 +241 +242 +98 +99 +102 +103 +104 +105 +106 +107 -203 -202 -219 -218 -217 -216 -215 -213 -212 -211 -210 -209 -208 -207 -206 -205 +204 +108 +164 -110 -109 -163 -162 -161 -160 +127 +131 -157 -156 +151 +152 +153 +154 +155 +146 +135 +136 +137 +138 +139 +140 +141 +142 +143 +147 +246 -221 -220 -145 -144 -134 -133 +117 +118 +119 +120 +121 +122 +123 +124 +125 +111 @
>BUMA.0521.00022.2
+25 +26 +27 +28 -88 -244 -243 -15 -14 -13 -12 +38 +39 +40 +41 +92 +63 -9 -8 -7 -6 +55 +56 +57 -3 -2 +72 +73 -64 +74 +75 +78 +79 +80 +1 -54 -53 -52 -51 -50 -48 -47 +84 +85 +86 -46 +87 -45 -44 -43 -42 -36 -35 -34 -33 -32 -31 -30 -29 +18 +19 +20 +22 +17 -91 -90 -89 +23 +24 @
>BUMA.0521.00032.1
+121 +122 +123 +131 +132 +146 +135 +136 +137 -147 -143 -142 -141 -140 -139 -138 -145 -144 -134 -133 -155 -154 -153 +151 +152 -124 -127 +160 +161 -116 -115 -114 -113 -171 -170 -169 -168 -167 -126 -125 +162 +163 +109 +110 -164 -108 +204 +205 +206 +207 +208 +209 +210 +211 +212 +184 -245 +189 +190 +191 +192 +199 +200 +201 +246 +202 +203 -107 -106 -105 -104 -103 -102 -99 -98 -242 -241 -240 -239 -238 +237 -236 -235 -234 -233 -232 +100 +101 -229 -225 -224 -223 -222 -221 -220 -219 -218 -217 -216 -215 -213 -183 -182 -181 -180 -179 -178 -177 -176 -175 -174 -173 -172 -112 -111 -157 -156 +117 +118 +119 +120 @
>BUMA.0521.00026.1
+237 -236 -235 -234 -233 -232 +100 +101 -229 +238 +239 +240 +241 +242 +98 +99 +102 +103 +104 +105 +106 +107 -203 -202 -246 -201 -200 -199 -192 -191 -190 -189 -184 -183 +175 +176 +177 +178 +179 +180 +181 +182 -174 -173 -172 -171 -170 -169 -168 -167 +111 +112 +113 +114 +115 +116 -161 -160 +127 -145 -144 -143 -142 -141 -140 -139 -138 -137 -136 +151 +152 +153 +154 +155 +146 +135 +131 +132 +133 -124 -123 -122 -121 -120 -119 -118 -117 +134 +147 +156 +157 -126 -125 +162 +163 +164 -110 -109 -108 +204 +205 +206 +207 +208 +209 +210 +211 +212 +213 +215 +216 +217 +218 +219 +220 +221 +222 +223 +224 +225 @
>BUMA.0521.00003.1
-216 -215 -213 -212 -211 -210 -209 -208 -207 -206 -205 -204 +108 +164 -110 -109 -163 -162 -161 -160 +127 +131 -157 -156 -155 -154 -153 -152 -151 +146 +135 +136 +137 -147 -143 -142 -141 -140 -139 -138 -145 -144 -134 -133 +117 +118 +119 +120 +121 +122 +123 -112 -111 +167 +168 -132 -126 -125 -124 +113 +114 +115 +116 +169 +170 +171 +172 +173 +174 -182 -181 -180 -179 -178 -177 -176 -175 +183 +184 -245 +189 +190 +191 +192 +199 +200 +201 -246 +220 +221 +222 +223 +224 +225 -98 -242 -241 -240 -239 -238 +229 -101 -100 +232 +233 +234 +235 +236 +237 +99 +102 +103 +104 +105 +106 +107 -203 -202 -219 -218 -217 @
>BUMA.0521.00028.1
-157 -156 -155 -154 -153 -152 -151 -147 -143 -142 -141 -140 -139 -138 +136 +137 +146 +135 -145 -144 -134 -133 -132 -161 -160 +127 +131 +162 +163 +164 -110 -109 +173 +174 +175 +204 +205 +206 +207 +208 +209 +210 +211 +212 +213 +246 +201 +215 +216 +217 +218 +219 +220 +221 +222 +223 +224 +225 -237 -236 -235 -234 -233 -232 +100 +101 -229 +238 +239 +240 +241 +242 +98 +99 +102 +103 +104 +105 +106 +107 -203 -202 -200 -199 -192 -191 -190 -189 -184 -183 -182 -181 -180 -179 -178 -177 -176 +108 -172 -171 -170 -169 -168 -167 +111 +112 +113 +114 +115 +116 +117 +118 +119 +120 +121 +122 +123 +124 +125 +126 @
>BUMA.0521.00011.1
-154 -153 +151 +152 +156 +157 -126 -125 -124 -123 -122 -121 -120 -119 -118 -117 -116 -115 -114 -113 -112 -111 +167 +168 +169 +170 +171 +172 +173 +174 +204 +205 +206 +207 +208 +209 +210 +211 +212 +184 -245 +189 +190 +191 +192 +199 +200 +201 +246 +202 +203 -107 -106 -105 -104 -103 -102 -99 -98 -242 -241 -240 -239 -238 -237 -236 -235 -234 -233 -232 +100 +101 -229 -225 -224 -223 -222 -221 -220 -219 -218 -217 -216 -215 -213 -183 -182 -181 -180 -179 -178 -177 -176 -175 +108 -110 -109 -163 -162 -161 -160 +127 +131 +132 +133 +134 +144 +145 -147 -143 -142 -141 -140 -139 -138 -137 -136 -135 -146 -155 @
>BUMA.0521.00025.2
-24 -23 +89 +90 +91 -17 -15 -14 -13 -12 +38 +39 +40 +41 +92 +36 +42 +43 +44 +45 -87 +46 -86 -85 -84 +47 +48 +50 +51 +52 +53 +54 -75 -3 -2 -78 +64 -73 -72 +74 -57 -56 -55 +79 +80 +1 +6 +7 +8 +9 -63 -35 -34 -33 -32 -31 -30 -29 +18 +19 +20 +22 +243 +244 +88 -28 -27 -26 -25 @
>BUMA.0521.00028.2
-89 +23 +24 +25 +26 +27 +28 -88 -244 -243 -22 -20 -19 -18 +29 +30 +31 +32 +33 +36 +42 +43 +44 +45 +57 +55 +56 +72 +73 -64 +2 +3 +74 +75 +80 +1 -63 -92 -41 -40 -39 -38 +12 +13 +14 +15 +17 -91 -90 @
