>STPN.0321.00034
+1 +2 +3 +4 +5 +6 +7 +8 +9 +10 +11 +12 +13 +14 +15 +16 +17 +18 +19 +20 +21 +22 +23 +24 +25 +26 +27 +28 +29 +30 +31 +32 +33 +34 +35 +36 +37 +38 +39 +40 +41 +42 +43 +44 +45 +46 +47 +48 +49 +50 +51 +52 +53 +54 +55 +56 +57 +58 +59 +60 +61 +62 +63 +64 +65 +66 +67 +68 +69 +70 +71 +72 +73 +74 +75 +76 +77 +78 +79 +80 +81 +82 +83 +84 +85 +86 +87 +88 +89 +90 +91 +92 +93 +94 +95 +96 +97 +98 +99 +100 +101 +102 +103 +104 +105 +106 +107 +108 +109 +110 +111 +112 +113 +114 +115 +116 +117 +118 +119 +120 +121 +122 +123 +124 +125 +126 +127 +128 +129 +130 +131 +132 +133 +134 +135 +136 +137 +138 +139 +140 +141 +142 +143 +144 +145 +146 +147 +148 +149 +150 +151 +152 +153 +154 +155 +156 +157 +158 +159 +160 +161 +162 +163 +164 +165 +166 +167 +168 +169 +170 +171 +172 +173 +174 +175 +176 +177 +178 +179 +180 +181 $
>STPN.0321.00033
+152 +153 +154 +182 +155 +156 +183 +184 +185 +157 +158 +159 +160 +161 +162 +163 +164 +165 +166 +167 +168 +169 +170 +171 +172 +173 +174 +175 +186 +178 +179 +180 +181 +1 +3 +4 +5 +6 +7 +8 +9 +10 +11 +12 +14 +15 +16 +17 +18 +19 +20 +21 +22 +23 +24 +25 +26 +27 +28 +29 +30 +31 +33 +34 +35 +36 +37 +38 +39 +40 +41 +187 +188 +189 +42 +43 +44 +190 +45 +46 +47 +48 +49 +50 +51 +52 +53 +54 +55 +56 +57 +58 +59 +60 -118 -117 -116 +115 -114 -113 -112 -111 -110 -109 -108 +191 -107 -106 -105 -104 -103 -102 -101 -100 -99 -98 -97 -96 -95 -94 -93 -92 -91 -90 -89 -88 -87 -86 -85 -83 -82 -81 -80 -79 -78 -77 -76 -75 -74 -73 -72 -71 -70 -69 -68 -67 -66 -65 -64 -63 -62 -61 +119 +120 +121 +122 +123 +124 +125 +126 +127 +128 +129 +130 +131 +132 +133 +134 +135 +136 +137 +138 +139 +140 +141 +142 +192 +143 +144 +146 +147 +148 +149 +150 +151 $
>STPN.0321.00027
+1 +193 +3 +4 +5 +6 +7 +8 +9 +10 +11 +12 +14 +15 +16 +17 +18 +19 +20 +21 +22 +23 +24 +25 +26 +27 +194 +29 +30 +31 +33 +34 +35 +36 +37 +38 +39 +40 +41 +42 +43 +44 +45 +46 +195 +47 +48 +49 +50 +51 +52 +53 +54 +55 +56 +57 +58 +196 +59 +60 +61 +62 +63 +64 +65 +66 +67 +68 +69 +70 +71 +72 +73 +74 +75 +76 +77 +78 +79 +80 +81 +82 +83 +85 +86 +87 +88 +89 +90 +91 +92 +93 +94 +95 +96 +97 +98 +99 +100 +101 +102 +103 +104 +105 +106 +197 +107 +198 +199 +108 +109 +110 +111 +112 +113 +114 +116 +117 +118 +119 +120 +121 +122 +123 +124 +125 +126 +127 +128 +129 +130 +131 +132 +133 +134 +135 +136 +137 +138 +139 +140 +200 +141 +142 +143 +144 +145 +146 +147 +148 +149 +150 +151 +152 +153 +154 +155 +156 +157 +158 +159 +160 +161 +162 +163 +164 +165 +166 +201 +167 +168 +169 +170 +171 +172 +173 +174 +175 +176 +177 +178 +179 +180 +181 $
>STPN.0321.00028
+1 +2 +3 +4 +5 +6 +7 +8 +9 +10 +11 +12 +14 +15 +16 +17 +18 +19 +20 +21 +22 +23 +24 +25 +26 +27 +28 +29 +30 +31 +202 +33 +34 +35 +36 +37 +38 +39 +40 +41 +189 +42 +43 +44 +45 +46 +47 +48 +49 +50 +51 +52 +53 +54 +55 +203 +56 +57 +58 +59 +60 +61 +62 +63 +64 +65 +66 +67 +68 +69 +70 +71 +72 +73 +74 +75 +76 +77 +78 +79 +80 +81 +82 +83 +204 +85 +86 +87 -97 -96 -95 -94 -93 +205 +206 +183 +184 +207 +208 -92 -91 -90 -89 -88 +98 +99 +100 +101 +102 +103 +104 +105 +106 +107 +209 +210 +108 +109 +110 +111 +112 +113 +114 +115 +116 +117 +118 +119 +120 +121 +122 +123 +124 +125 +126 +127 +128 +129 +130 +131 +132 +133 +134 +135 +136 +137 +138 +139 +140 +141 +211 +212 +213 +142 +192 +143 +144 +145 +146 +147 +148 +149 +150 +151 +152 +153 +154 +155 +156 +157 +158 +159 +160 +161 +162 +163 +164 +165 +166 +167 +168 +169 +170 +171 +172 +173 +174 +175 +176 +177 +178 +179 +180 +181 $
>STPN.0321.00045
+1 +3 +4 +5 +6 +7 +8 +9 +10 +11 +12 +14 +15 +214 +16 +17 +18 +19 +20 +21 +22 +23 +24 +25 +26 +27 +29 +30 +31 +33 +34 +35 +215 +36 +37 +38 +39 +40 +41 +42 +43 +44 +45 +46 +47 +48 +49 +50 +51 +52 +53 +54 +55 +216 +56 +57 +58 +59 +60 +61 +62 +63 +64 +65 +66 +67 +68 +69 +70 +71 +72 +73 +74 +75 +76 +77 +78 +79 +80 +81 +82 +83 -104 -103 -102 -101 -100 -99 -98 -97 -96 -95 -94 -93 -92 -91 -90 -89 -88 -87 -86 -85 +105 +106 +197 +107 -191 +108 +109 +110 +111 +112 +113 +114 +115 +116 +117 +118 +119 +120 +121 +122 +123 +124 +125 +126 +127 +128 +129 +130 +131 +217 +132 +133 +134 +135 +136 +137 +138 +139 +140 +141 +211 +212 +142 +192 +143 +144 +145 +146 +147 +148 +149 +150 +151 +152 +153 +154 +155 +156 +157 +158 +159 +160 +161 +162 +163 +164 +165 +166 +167 +168 +169 +170 +171 +172 +173 +174 +175 +176 +177 +178 +179 +180 +181 $
>STPN.0321.00048
+180 +181 +1 +3 +4 +5 +6 +7 +8 +9 +10 +11 +12 -13 +14 +15 +16 +17 +18 +19 +20 +21 +22 +23 +24 +25 +26 +27 +218 +219 +28 +29 +30 +31 +33 +34 +35 +36 +37 +38 +39 +40 +41 +189 +42 +43 +44 +45 +46 +47 +48 +49 +50 +51 +52 +53 +54 +55 +56 +57 +58 +59 +60 +61 +62 +63 +64 +65 +66 +67 +68 +69 +70 +71 +72 +73 +74 +75 -184 -183 +76 +77 +78 +79 +80 +81 +82 +83 +220 +85 +86 +87 +88 +89 +90 +91 +221 +92 +93 +94 +95 +96 +97 +98 +99 +100 +101 +102 +103 +104 +105 +106 +107 +108 +109 +110 +111 +112 +113 +114 +115 +116 +117 +118 +119 +120 +121 +122 +123 +124 +125 +126 +127 +128 +129 +130 +131 +132 +133 +134 +135 +136 +137 +138 +139 +140 +141 +142 +222 +144 +145 +146 +147 +148 +149 +150 +151 +152 +153 +154 +182 +155 +156 +157 +158 +159 +160 +161 +162 +163 +164 +165 +166 +167 +168 +169 +170 +171 +172 +173 +174 +175 +186 +178 +179 +209 +210 $
>STPN.0321.00046
+174 +175 +186 +178 +179 +180 +181 +1 +3 +4 +5 +6 +7 +8 +9 +10 +11 +12 +14 +15 +16 +17 +18 +19 +20 +21 +22 +23 +24 +25 +26 +27 +223 +224 +28 +29 +30 +31 +225 +226 +33 +34 +35 +215 +36 +37 +38 +39 +40 +41 +189 +42 +43 +44 +45 +46 +47 +48 +49 +50 +51 +52 +53 +54 +55 +56 +227 +57 +58 +59 +60 +61 +62 +63 +64 +65 +66 +67 +68 +69 +70 +71 +72 +73 +74 +75 +76 +77 +78 +79 +80 -95 -94 -93 -92 +81 +82 +83 +228 +229 +85 +86 +87 +88 +89 +90 +91 +96 +97 +98 +99 +100 +101 +102 +103 +104 +105 +106 +107 -191 +108 +109 +110 +111 +112 +113 +114 +116 +117 +118 +119 +120 +121 +122 +123 +124 +125 +126 +127 +230 +231 +232 +128 +129 +130 +131 +132 +133 +134 +135 +136 +137 +138 +139 +140 +141 +142 +222 +144 +145 +146 +147 +148 +149 +150 +151 +152 +153 +154 +155 +156 +157 +158 +159 +160 +161 +162 +163 +164 +165 +166 +167 +168 +169 +170 +171 +172 +173 $
>STPN.0321.00047
+1 +3 +4 +5 +6 +7 +8 +9 +10 +11 +14 +15 +16 +17 +18 +19 +20 +21 +22 +23 +24 +25 +26 +27 +29 +30 +31 +33 +34 +35 +36 +37 +38 +39 +40 +41 +42 +43 +44 +45 +46 +47 +48 +49 +50 +51 +52 +53 +54 +55 +216 +56 +57 +58 +59 +60 +61 +233 +62 +63 +64 +65 +66 +67 +68 +69 +70 +71 +72 +73 +74 +75 +76 +77 +78 +79 +80 +81 +82 +83 +229 +85 +86 +87 +88 +89 +90 +91 +92 -208 +93 +94 +95 +96 +97 +98 +99 +100 +101 +102 +103 +104 +105 +106 +107 -196 +108 +109 +110 +111 +112 +113 +114 +115 +116 +117 +118 +119 +120 +121 +122 +123 +124 +125 +126 +127 +128 +129 +130 +131 +132 +133 +134 +135 +136 +137 +138 +139 +140 +200 +141 +211 +212 +142 +143 +144 +145 +146 +147 +148 +149 +150 +151 +152 +153 +154 +155 +156 +157 +158 +159 +160 +161 +162 +163 +164 +165 +166 +167 +168 +169 +170 +171 +172 +173 +174 +175 +186 +178 +179 +180 +181 $
>STPN.0321.00087
+1 +3 +4 +5 +6 +7 +8 +9 +10 +11 +14 +15 +16 +17 +234 +18 +19 +20 +21 +22 +23 +24 +25 +26 +27 +28 +29 +30 +235 +31 +202 +33 +34 +35 +215 +36 +37 +38 +39 +40 +41 +189 +42 +43 +44 +45 +46 +47 +48 +49 +50 +51 +52 +53 +54 +55 +56 +57 +58 +59 +60 +61 +62 +63 +64 +65 +66 +67 +68 +69 +70 +71 -199 -198 +72 +73 +74 +75 +76 +77 +78 +79 +80 +81 +82 +83 +229 +85 +86 +87 +88 +89 +90 +91 +221 +92 +93 +94 +95 +96 +97 +98 +99 +100 +101 +102 +103 +104 +105 +106 +107 -196 +108 +109 +110 +111 +112 +113 +114 +115 +116 +117 +118 +119 +120 +121 +122 +123 +124 +125 +126 +127 +128 +129 +130 +131 +132 +133 +134 +135 +136 +137 +138 +139 +140 +141 +211 +212 +142 +222 +144 +145 +146 +147 +148 +149 +150 +151 +152 +153 +154 +155 +156 +157 +158 +159 +160 +161 +162 +163 +164 +165 +166 +167 +168 +169 +170 +171 +172 +173 +174 +175 +186 +178 +179 +180 +181 $
>STPN.0321.00085
+1 +2 +3 +4 +5 +6 +7 +8 +9 +10 +11 +12 +13 +14 +15 +16 +17 +18 +19 +20 +21 +22 +23 +24 +25 +26 +27 +28 +29 +30 +31 +32 +33 +34 +35 +36 +37 +38 +39 +40 +41 +42 +43 +44 +45 +46 +47 +48 +49 +50 +51 +52 +53 +54 +55 +56 +57 +58 +59 +60 +61 +62 +63 +64 +65 +66 +67 +68 +69 +70 +71 +72 +73 +74 +75 +76 +77 +78 +79 +80 +81 +82 +83 +84 +85 +86 +87 +88 +89 +90 +91 +92 +93 +94 +95 +96 +97 +98 +99 +100 +101 +102 +103 +104 +105 +106 +107 +108 +109 +110 +111 +112 +113 +114 +115 +116 +117 +118 +119 +120 +121 +122 +123 +124 +125 +126 +127 +128 +129 +130 +131 +132 +133 +134 +135 +136 +137 +138 +139 +140 +141 +142 +143 +144 +145 +146 +147 +148 +149 +150 +151 +152 +153 +154 +155 +156 +157 +158 +159 +160 +161 +162 +163 +164 +165 +166 +167 +168 +169 +170 +171 +172 +173 +174 +175 +176 +177 +178 +179 +180 +181 $
>STPN.0321.00086
+1 +3 +4 +5 +6 +7 +8 +9 +10 +11 +12 +14 +15 +214 +16 +17 +18 +19 +20 +21 +22 +23 +24 +25 +26 +27 +29 +30 +31 +236 +237 +33 +34 +35 +215 +36 +37 +38 +39 +40 +41 +42 +43 +44 +45 +46 +47 +48 +49 +50 +51 +52 +53 +54 +55 +216 +56 +57 +58 +59 +60 +61 +62 +63 +64 +65 +66 +67 +68 +69 +70 +71 -199 -198 +72 +73 +74 +75 +76 -185 +77 +78 +79 +80 +81 +82 +83 -104 -103 -102 -101 -100 -99 -98 -97 -96 -95 -94 -93 -92 -91 -90 -89 -88 -87 -86 -85 +105 +106 +197 +107 -191 +108 +109 +110 +111 +112 +113 +114 +115 +116 +117 +118 +119 +120 +121 +122 +123 +124 +125 +126 +127 +128 +129 +130 +131 +217 +132 +133 +134 +135 +136 +137 +138 +139 +140 +141 +211 +238 +239 +142 +192 +143 +144 +145 +146 +147 +148 +149 +150 +151 +152 +153 +154 +155 +156 +157 +158 +159 +160 +161 +162 +163 +164 +165 +166 +167 +168 +169 +170 +171 +172 +173 +174 +175 +186 +178 +179 +180 +181 $
>STPN.0321.00013
+1 +3 +4 +5 +6 +7 +8 +9 +10 +11 +12 +13 +14 +15 +16 +17 +18 +19 +20 +21 +22 +23 +24 +25 +26 +27 +28 +29 +30 +31 +240 +33 +34 +35 +215 +36 +37 +38 +39 +40 +41 +189 +42 +43 +44 +45 +46 +47 +48 +49 +50 +51 +52 +53 +54 +55 +56 +57 +58 +59 +60 +61 +62 +63 +64 +65 +66 +67 +68 +69 +70 +71 +72 +73 +74 +75 +76 +77 +78 +79 +80 -95 -94 -93 -92 -91 -90 -89 -88 -87 -86 -85 +241 -83 -82 -81 +96 +97 +98 +99 +100 +101 +102 +103 +104 +105 +106 +107 +209 +210 +108 +109 +110 +111 +112 +113 +114 +115 +116 +117 +118 +119 +120 +121 +122 +123 +124 +125 +126 +127 +128 +129 +130 +131 +132 +133 +134 +135 +136 +137 +138 +139 +140 +141 +142 +222 +144 +146 +147 +148 +149 +150 +151 +152 +153 +154 +155 +156 +242 +157 +158 +159 +160 +161 +162 +163 +164 +165 +166 +167 +168 +169 +170 +171 +172 +173 +174 +175 +186 +178 +179 +180 +181 $
>STPN.0321.00043
-129 -128 -127 -126 -125 -124 -123 -122 -121 -120 -119 -118 -117 -116 -114 -113 -112 -111 -110 -109 -108 -209 -107 -106 -105 -104 -103 -102 -101 -100 -99 -98 -97 -96 -95 -94 -93 +243 +244 +245 +246 +206 -184 -183 +207 -92 -221 -91 -90 -89 -88 -87 -86 -85 -83 -82 -81 -80 -79 -78 -77 -76 -75 -74 -73 -72 -71 -70 -69 -68 -67 -66 -65 -64 -63 -62 -61 -60 -59 -58 -57 -56 -216 -55 -54 -53 -52 -51 -50 -49 -48 -47 -46 -45 -44 -43 -42 -189 -188 -187 -41 -40 -39 -38 -37 -36 -35 -34 -33 -226 -225 -31 -30 -29 -28 -27 -26 -25 -24 -23 -22 -21 -20 -19 -18 -17 -16 -15 -14 -11 -10 -9 -8 -7 -6 -5 -4 -3 -1 -181 -180 -179 -178 -186 -175 -174 -173 -172 +247 -171 -170 -169 -168 -167 -166 -165 -164 -163 -162 -161 -160 -159 -158 -157 -156 -155 -182 -154 -153 -152 -151 -150 -149 -148 -147 -146 -145 -144 -143 -142 -141 -200 -140 -139 -138 -137 -136 -135 -134 -133 -132 -131 -130 $
>STPN.0321.00089
+1 +2 +3 +4 +5 +6 +7 +8 +9 +10 +11 +12 +13 +14 +15 +16 +17 +18 +19 +20 +21 +22 +23 +24 +25 +26 +27 +28 +29 +30 +31 +32 +33 +34 +35 +36 +37 +38 +39 +40 +41 +42 +43 +44 +45 +46 +47 +48 +49 +50 +51 +52 +53 +54 +55 +56 +57 +58 +59 +60 +61 +62 +63 +64 +65 +66 +67 +68 +69 +70 +71 +72 +73 +74 +75 +76 +77 +78 +79 +80 +81 +82 +83 +84 +85 +86 +87 +88 +89 +90 +91 +92 +93 +94 +95 +96 +97 +98 +99 +100 +101 +102 +103 +104 +105 +106 +107 +108 +109 +110 +111 +112 +113 +114 +115 +116 +117 +118 +119 +120 +121 +122 +123 +124 +125 +126 +127 +128 +129 +130 +131 +132 +133 +134 +135 +136 +137 +138 +139 +140 +141 +142 +143 +144 +145 +146 +147 +148 +149 +150 +151 +152 +153 +154 +155 +156 +157 +158 +159 +160 +161 +162 +163 +164 +165 +166 +167 +168 +169 +170 +171 +172 +173 +174 +175 +176 +177 +178 +179 +180 +181 $
>STPN.0321.00019
+1 +2 +3 +4 +5 +6 +7 +8 +9 +10 +11 +12 +13 +14 +15 +16 +17 +18 +19 +20 +21 +22 +23 +24 +25 +26 +27 +29 +30 +31 +248 +33 +34 +35 +36 +37 +38 +39 +40 +41 +187 +188 +189 +42 +43 +44 +45 +46 +47 +48 +49 +50 +51 +52 +53 +54 +55 +56 +57 +58 +59 +60 +61 +62 +63 +64 +65 +66 +67 +68 +69 +70 +71 +72 +73 +74 +75 +76 +77 +78 +79 +80 +81 +82 +83 +85 +86 +87 +88 +89 +90 +91 +92 +93 +94 +95 +96 +97 +98 +99 +100 +101 +102 +103 +104 +105 +106 +107 +108 +109 +110 +111 +112 +113 +114 +115 +116 +117 +118 +119 +120 +121 +122 +123 +124 +125 +126 +127 +230 +231 +128 +129 +130 +131 +132 +133 +134 +135 +136 +137 +138 +139 +140 +141 +211 +212 +142 +144 +145 +146 +147 +148 +149 +150 +151 +152 +153 +154 +182 +155 +156 +157 +158 +159 +160 +161 +162 +163 +164 +165 +166 +167 +168 +169 +170 +171 +172 +173 +174 +175 +176 +177 +178 +179 +180 +181 $
>STPN.0321.00038
+1 +3 +4 +5 +6 +7 +8 +9 +10 +11 +12 +14 +15 +16 +17 +18 +19 +20 +21 +22 +23 +24 +25 +26 +27 +28 +29 +30 +31 +32 +33 +34 +35 +36 +37 +38 +39 +40 +41 +187 +188 +189 +42 +43 +44 +45 +46 +47 +48 +49 +50 +51 +52 +53 +54 +55 +56 +57 +58 +59 +60 +61 +62 +63 +64 +65 +66 +67 +68 +69 +70 +71 +72 +73 +74 +75 +76 +77 +78 +79 +80 +81 +82 +83 +85 +86 +87 +88 +89 +90 +91 +92 -207 -206 +249 -185 -184 -183 +250 -244 -243 +93 +94 +95 +96 +97 +98 +99 +100 +101 +102 +103 +104 +105 +106 +107 +108 +109 +110 +111 +112 +113 +114 -115 +116 +117 +118 +119 +120 +121 +122 +123 +124 +125 +126 +127 +128 +129 +130 +131 +132 +133 +134 +135 +136 +137 +138 +139 +140 +141 +211 +212 +142 +192 +143 +144 +145 +146 +147 +148 +149 +150 +151 +152 +153 +154 +182 +155 +156 +157 +158 +159 +160 +161 +162 +163 +164 +165 +166 +167 +168 +169 +170 +171 +172 +173 +174 +175 +186 +178 +179 +180 +181 $
>STPN.0321.00088
+81 +82 +83 +84 +85 +86 +87 +88 +89 +90 +91 +92 +93 +94 +95 +96 +97 +98 +99 +100 +101 +102 +103 +104 +105 +106 +107 +108 +109 +110 +111 +112 +113 +114 +115 +116 +117 +118 +119 +120 +121 +122 +123 +124 +125 +126 +127 +128 +129 +130 +131 +132 +133 +134 +135 +136 +137 +138 +139 +140 +141 +142 +143 +144 +146 +147 +148 +149 +150 +151 +152 +153 +154 +182 +155 +156 +157 +158 +159 +160 +161 +162 +163 +164 +165 +166 +167 +168 +169 +170 +171 +172 +173 +174 +175 +186 +178 +179 +180 +181 +1 +2 +3 +4 +5 +6 +7 +8 +9 +10 +11 +12 +14 +15 +16 +17 +18 +19 +20 +21 +22 +23 +24 +25 +26 +27 +28 +29 +30 +31 +32 +33 +34 +35 +36 +37 +38 +39 +40 +41 +189 +42 +43 +44 +45 +46 +47 +48 +49 +50 +51 +52 +53 +54 +55 +56 +57 +58 +59 +60 +61 +62 +63 +64 +65 +66 +67 +68 +69 +70 +71 +72 +73 +74 +75 +76 +77 +78 +79 +80 $
>STPN.0321.00059
+179 +180 +181 +1 +3 +4 +5 +6 +7 +8 +9 +10 +11 +12 +14 +15 +16 +17 +18 +19 +20 +21 +22 +23 +24 +25 +26 +27 +219 +28 +29 +30 +31 +33 +34 +35 +36 +37 +38 +39 +40 +41 +42 +43 +44 +45 +46 +47 +48 +49 +50 +51 +52 +53 +54 +55 +216 +56 +57 +58 +59 +60 +61 +62 +63 +64 +65 +66 +67 +68 +69 +70 +71 +72 +73 +74 +75 +76 +77 +78 +79 +80 +81 +82 +83 +85 +86 +87 +88 +89 +90 +91 +92 +93 +94 +95 +96 +251 +97 +98 +99 +100 +101 +102 +103 +104 +105 +106 +107 +198 +199 +108 +109 +110 +111 +112 +113 +114 +116 +117 +118 +119 +120 +121 +122 +123 +124 +125 +126 +127 +128 +129 +130 +131 +132 +133 +134 +135 +136 +137 +138 +139 +140 +141 +142 +222 +144 +145 +146 +147 +148 +149 +150 +151 +152 +153 +154 +156 +157 +158 +159 +160 +161 +162 +163 +164 +165 +166 +167 +168 +169 +170 +171 -227 +172 +173 +174 +175 +176 +177 +178 +230 -182 $
>STPN.0321.00037
+44 +45 +46 +195 +47 +48 +49 +50 +51 +52 +53 +54 +55 +56 +57 +58 +196 +59 +60 +61 +62 +63 +64 +65 +66 +67 +68 +69 +70 +71 +72 +73 +74 +75 +76 +77 +78 +79 +80 +81 +82 +83 +85 +86 +87 +88 +89 +90 +91 +92 +93 +94 +95 +96 +97 +98 +99 +100 +101 +102 +103 +104 +105 +106 +197 +107 +198 +199 +108 +109 +110 +111 +112 +113 +114 +116 +117 +118 +119 +120 +121 +122 +123 +124 +125 +126 +127 +128 +129 +130 +131 +132 +133 +134 +135 +136 +137 +138 +139 +140 +200 +141 +142 +143 +144 +145 +146 +147 +148 +149 +150 +151 +152 +153 +154 +155 +156 +157 +158 +159 +160 +161 +162 +163 +164 +165 +166 +201 +167 +168 +169 +170 +171 +172 +173 +174 +175 +176 +177 +178 +179 +180 +181 +1 +193 +3 +4 +5 +6 +7 +8 +9 +10 +11 +12 +14 +15 +16 +17 +18 +19 +20 +21 +22 +23 +24 +25 +26 +27 +194 +29 +30 +31 +33 +34 +35 +36 +37 +38 +39 +40 +41 +42 +43 -43 $
>STPN.0321.00049
+1 +3 +4 +5 +6 +7 +8 +9 +10 +11 +12 +13 +14 +15 +16 +17 +18 +19 +20 +21 +22 +23 +24 +25 +26 +27 +28 +29 +30 +31 +240 +33 +34 +35 +215 +36 +37 +38 +39 +40 +41 +189 +42 +43 +44 +45 +46 +47 +48 +49 +50 +51 +52 +53 +54 +55 +56 +57 +58 +59 +60 +61 +62 +63 +64 +65 +66 +67 +68 +69 +70 +71 +72 +73 +74 +75 +76 +77 +78 +79 +80 +81 +82 +83 -241 +85 +86 +87 +88 +89 +90 +91 +92 +93 +94 +95 +96 +97 +98 +99 +100 +101 +102 +103 +104 +105 +106 +107 +209 +210 +108 +109 +110 +111 +112 +113 +114 +115 +116 +117 +118 +119 +120 +121 +122 +123 +124 +125 +126 +127 +128 +129 +130 +131 +132 +133 +134 +135 +136 +137 +138 +139 +140 +141 +142 +222 +144 +146 +147 +148 +149 +150 +151 +152 +153 +154 +155 +156 +242 +157 +158 +159 +160 +161 +162 +163 +164 +165 +166 +167 +168 +169 +170 +171 +172 +173 +174 +175 +186 +178 +179 +180 +181 $
>STPN.0321.00084
+1 +2 +3 +4 +5 +6 +7 +8 +9 +10 +11 +12 +14 +15 +16 +17 +18 +19 +20 +21 +22 +23 +24 +25 +26 +27 +28 +29 +30 +31 +202 +33 +34 +35 +36 +37 +38 +39 +40 +41 +189 +42 +43 +44 +45 +46 +47 +48 +49 +50 +51 +52 +53 +54 +55 +203 +56 +57 +58 +59 +60 +61 +62 +63 +64 +65 +66 +67 +68 +69 +70 +71 +72 +73 +74 +75 +76 +77 +78 +79 +80 -95 -94 -93 +208 -92 -91 -90 -89 -88 -87 -86 -85 -204 -83 -82 -81 +96 +97 +98 +99 +100 +101 +102 +103 +104 +105 +106 +107 +209 +210 +108 +109 +110 +111 +112 +113 +114 +115 +116 +117 +118 +119 +120 +121 +122 +123 +124 +125 +126 +127 +128 +129 +130 +131 +132 +133 +134 +135 +136 +137 +138 +139 +140 +141 +142 +222 +144 +145 +146 +147 +148 +149 +150 +151 +152 +153 +154 +155 +156 +157 +158 +159 +160 +161 +162 +163 +164 +165 +166 +167 +168 +169 +170 +171 +172 +173 +174 +175 +186 +178 +179 +180 +181 $
>STPN.0321.00030
+1 +3 +4 +5 +6 +7 +8 +9 +10 +11 +12 +14 +15 +214 +16 +17 +18 +19 +20 +21 +22 +23 +24 +25 +26 +27 +29 +30 +31 +236 +237 +33 +34 +35 +215 +36 +37 +38 +39 +40 +41 +42 +43 +44 +45 +46 +47 +48 +49 +50 +51 +52 +53 +54 +55 +216 +56 +57 +58 +59 +60 +61 +62 +63 +64 +65 +66 +67 +68 +69 +70 +71 -199 -198 +72 +73 +74 +75 +76 +77 +78 +79 +80 +81 +82 +83 -104 -103 -102 -101 -100 -99 -98 -97 -96 -95 -94 -93 -92 -91 -90 -89 -88 -87 -86 -85 +105 +106 +197 +107 -191 +108 +109 +110 +111 +112 +113 +114 +115 +116 +117 +118 +119 +120 +121 +122 +123 +124 +125 +126 +127 +128 +129 +130 +131 +217 +132 +133 +134 +135 +136 +137 +138 +139 +140 +141 +211 +238 +239 +142 +192 +143 +144 +145 +146 +147 +148 +149 +150 +151 +152 +153 +154 +155 +156 +157 +158 +159 +160 +161 +162 +163 +164 +165 +166 +167 +168 +169 +170 +171 +172 +173 +174 +175 +176 +177 +178 +179 +180 +181 $
>STPN.0321.00055
+180 +181 +1 +3 +4 +5 +6 +7 +8 +9 +10 +11 +12 +14 +15 +16 +17 +18 +19 +20 +21 +22 +23 +24 +25 +26 +27 +28 +29 +30 +31 +252 +33 +34 +35 +215 +36 +37 +38 +39 +40 +41 +42 +43 +44 +45 +46 +47 +48 +49 +50 +51 +52 +53 +54 +55 +56 +57 +58 +59 +60 +61 +62 +63 +64 +65 +66 +67 +68 +69 +70 +71 +72 +73 +74 +75 +76 +77 +78 +79 +80 +81 +82 +83 +85 +86 +87 +88 +89 +90 +91 +92 +93 +94 +95 +96 +97 +98 +99 +100 +101 +102 +103 +104 +105 +106 +107 +198 +199 +108 +109 +110 +111 +112 +113 +114 +116 +117 +118 +119 +120 +121 +122 +123 +124 +125 +126 +127 +230 +231 +232 +128 +129 +130 +131 +132 +133 +134 +135 +136 +137 +138 +139 +140 +141 +211 +212 +142 +192 +144 +145 +146 +147 +148 +149 +150 +151 +152 +153 +154 +182 +155 +156 +157 +158 +159 +160 +161 +162 +163 +164 +165 +166 +167 +168 +169 +170 +171 +172 +173 +174 +175 +186 +178 +179 $
>STPN.0321.00067
+1 +2 +3 +4 +5 +6 +7 +8 +9 +10 +11 +12 +13 +14 +15 +214 +16 +17 +18 +19 +20 +21 +22 +23 +24 +25 +26 +27 +223 +224 +28 +29 +30 +31 +33 +34 +35 +215 +36 +37 +38 +39 +40 +41 +42 +43 +44 +45 +46 +195 +47 +48 +49 +50 +51 +52 +53 -115 +54 +55 +216 +56 +57 +58 +59 +60 +61 +62 +63 +64 -118 -117 -116 -114 -113 -112 -111 -110 -109 -108 +65 +66 +67 +68 +69 +70 +71 +72 +73 +74 +75 +76 +77 +78 +79 +80 +81 +82 +83 +253 +85 +86 +87 +88 +89 +90 +91 +92 +93 +94 +95 +96 +97 +98 +99 +100 +101 +102 +103 +104 +105 +106 +107 +198 +199 +119 +120 +121 +122 +123 +124 +125 +126 +127 +128 +129 +130 +131 +132 +133 +134 +135 +136 +137 +138 +139 +140 +141 +211 +212 +142 +144 +145 +146 +147 +148 +149 +150 +151 +152 +153 +154 +182 +155 +156 +157 +158 +159 +160 +161 +162 +163 +164 +165 +166 +167 +168 +169 +170 +171 +172 +173 +174 +175 +176 +177 +178 +179 +180 +181 $
>STPN.0321.00044
+1 +3 +4 +5 +6 +7 +8 +9 +10 +11 +13 +14 +15 +16 +17 +18 +19 +20 +21 +22 +23 +24 +25 +26 +27 +29 +30 +31 +32 +33 +34 +35 +36 +37 +38 +39 +40 +41 +42 +43 +44 +45 +46 +47 +48 +49 +50 +51 +52 +53 +54 +55 +216 +56 +57 +58 +59 +60 +61 +62 +63 +64 +65 +66 +67 +68 +69 +70 +254 +255 +256 +257 +183 +184 +258 +259 +71 +72 +73 +74 +75 +76 +77 +78 +79 +80 +81 +82 +83 +260 +85 +86 +87 +88 +89 +90 +91 +92 +93 +94 +95 +96 +97 +98 +99 +100 +101 +102 +103 +104 +105 +106 +107 -191 +108 +109 +110 +111 +112 +113 +114 +116 +117 +118 +119 +120 +121 +122 +123 +124 +125 +126 +127 +128 +129 +130 +131 +132 +133 +134 +135 +136 +137 +138 +139 +140 +141 +142 +143 +144 +145 +146 +147 +148 +149 +150 +151 +152 +153 +154 +155 +156 +157 +158 +159 +160 +161 +162 +163 +164 +165 +166 +167 +168 +169 +170 +171 +172 +173 +174 +175 +176 +177 +178 +179 +180 +181 $
>STPN.0321.00054
+3 +4 +5 +6 +7 +8 +9 +10 +11 +14 +15 +214 +16 +17 +234 +18 +19 +20 +21 +22 +23 +24 +25 +26 +27 +28 +29 +30 +31 +33 +34 +35 +215 +36 +37 +38 +39 +40 +41 +189 +42 +43 +44 +45 +46 +47 +48 +49 +50 +51 +52 +53 +54 +55 +56 +57 +58 +59 +60 +61 +62 +63 +64 +65 +66 +67 +68 +69 +70 +71 +72 +73 +74 +75 +76 +77 +78 +79 +80 +81 +82 +83 +229 +85 +86 +87 +88 +89 +90 +91 +92 +93 +94 +95 +96 +97 +98 +99 +100 +101 +102 +103 +104 +105 +106 +107 -191 +108 +109 +110 +111 +112 +113 +114 +115 +116 +117 +118 +119 +120 +121 +122 +123 +124 +125 +126 +127 +128 +129 +130 +131 +217 +132 +133 +134 +135 +136 +137 +138 +139 +140 +141 +142 +143 +144 +146 +147 +148 +149 +150 +151 +152 +153 +154 +155 +156 +157 +158 +159 +160 +161 +162 +163 +164 +165 +166 +167 +168 +169 +170 +171 +172 +173 +174 +175 +176 +177 +178 +179 +180 +181 +1 $
>STPN.0321.00056
+180 +181 +1 +3 +4 +5 +6 +7 +8 +9 +10 +11 +14 +15 +16 +17 +18 +19 +20 +21 +22 +23 +24 +25 +26 +27 +28 +29 +30 +31 +225 +226 +33 +34 +35 +36 +37 +38 +39 +40 +41 +187 +188 +189 +42 +43 +44 +45 +46 +47 +48 +49 +50 +51 +52 +53 +54 +55 +216 +56 +57 +58 +59 +60 +61 +62 +63 +64 +65 +66 +67 +68 +69 +70 +71 +72 +73 +74 +75 +76 +77 +78 +79 +80 +81 +82 +83 +85 +86 +87 +88 +89 +90 +91 +221 +96 +97 +98 +99 +100 +101 +102 +103 +104 +105 +106 +107 -95 -94 -93 +243 +244 +245 +246 +206 -184 -183 +207 -92 +209 +108 +109 +110 +111 +112 +113 +114 +116 +117 +118 +119 +120 +121 +122 +123 +124 +125 +126 +127 +128 +129 +130 +131 +132 +133 +134 +135 +136 +137 +138 +139 +140 +200 +141 +142 +143 +144 +145 +146 +147 +148 +149 +150 +151 +152 +153 +154 +182 +155 +156 +157 +158 +159 +160 +161 +162 +163 +164 +165 +166 +167 +168 +169 +170 +171 -247 +172 +173 +174 +175 +186 +178 +179 $
>STPN.0321.00060
+3 +4 +5 +6 +7 +8 +9 +10 +11 +12 +14 +15 +16 +17 +234 +18 +19 +20 +21 +22 +23 +24 +25 +26 +27 +28 +29 +30 +31 +33 +34 +35 +215 +36 +37 +38 +39 +40 +41 +42 +43 +44 +45 +46 +47 +48 +49 +50 +51 +52 +53 +54 +55 +56 +57 +58 +59 +60 +61 +62 +63 +64 +65 +66 +67 +68 +69 +70 +71 +72 +73 +74 +75 +76 +77 +78 +79 +80 +81 +82 +83 +229 +85 +86 +87 +88 +89 +90 +91 +92 +93 +94 +95 +96 +97 +98 +99 +100 +101 +102 +103 +104 +105 +106 +107 +108 +109 +110 +111 +112 +113 +114 +115 +116 +117 +118 +119 +120 +121 +122 +123 +124 +125 +126 +127 +230 +128 +129 +130 +131 +132 +133 +134 +135 +136 +137 +138 +139 +140 +141 +211 +212 +142 +143 +144 +146 +147 +148 +149 +150 +151 +152 +153 +154 +155 +156 +157 +158 +159 +160 +161 +162 +163 +164 +165 +166 +167 +168 +169 +170 +171 +172 +173 +174 +175 +186 +178 +179 +180 +181 +1 -210 -209 $
>STPN.0321.00051
-181 -180 -179 -178 -186 -175 -174 -173 -172 -171 -170 -169 -168 -167 -166 -165 -164 -163 -162 -161 -160 -159 -158 -157 -156 -155 -154 -153 -152 -151 -150 -149 -148 -147 -146 -145 -144 -143 -142 -141 -200 -140 -139 -138 -137 -136 -135 -134 -133 -132 -131 -130 -129 -128 +261 -127 -126 -125 -124 -123 -122 -121 -120 -119 -118 -117 -116 -115 -114 -113 -112 -111 -110 -109 -108 -199 -198 -107 -106 -105 -104 -103 -102 -101 -100 -99 -98 -97 -96 -95 -94 -93 +208 -92 -91 -90 -89 -88 -87 -86 -85 -229 -83 -82 +262 +263 +206 +264 +207 +183 +184 -81 -80 -79 -78 -77 -76 -75 -74 -73 -72 -71 -70 -69 -68 -67 -66 -65 -64 -63 -62 -233 -61 -60 -59 -58 -57 -56 -216 -55 -54 -53 -52 -51 -50 -49 -48 -47 -46 -45 -44 -43 -42 -41 -40 -39 -38 -37 -36 -215 -35 -34 -33 +265 +266 -31 -30 -29 -27 -26 -25 -24 -23 -22 -21 -20 -19 -18 -17 -16 -15 -14 -13 -12 -11 -10 -9 -8 -7 -6 -5 -4 -3 -1 $
>STPN.0321.00065
+3 +4 +5 +6 +7 +8 +9 +10 +11 +12 +14 +15 +214 +16 +17 +185 +19 +20 +21 +22 +23 +24 +25 +26 +27 +29 +30 +31 +236 +237 +33 +34 +35 +215 +36 +37 +38 +39 +40 +41 +42 +43 +44 +45 +46 +47 +48 +49 +50 +51 +52 +53 +54 +55 +216 +56 +57 +58 +59 +60 +61 +62 +63 +64 +65 +66 +67 +68 +69 +70 +71 -199 -198 +72 +73 +74 +75 +76 +77 +78 +79 +80 +81 +82 +83 +85 +86 +87 +88 +89 +92 +93 +94 +95 +96 +97 +98 +99 +100 +101 +102 +103 +104 +105 +106 +197 +107 -191 +108 +109 +110 +111 +112 +113 +114 +115 +116 +117 +118 +90 +91 +119 +120 +121 +122 +123 +124 +125 +126 +127 +128 +129 +130 +131 +217 +132 +133 +134 +135 +136 +137 +138 +139 +140 +141 +211 +238 +239 +142 +192 +143 +144 +145 +146 +147 +148 +149 +150 +151 +152 +153 +154 +161 +155 +156 +157 +158 +159 +160 +162 +163 +164 +165 +230 +166 +167 +168 +169 +170 +171 +172 +173 +174 +175 +176 +177 +178 +179 +180 +181 +1 $
>STPN.0321.00031
+139 +140 +200 +141 +142 +143 +144 +145 +146 +147 +148 +149 +150 +151 +152 +153 +154 +155 +156 +157 +158 +159 +160 +161 +162 +163 +164 +165 +166 +201 +167 +168 +169 +170 +171 +172 +173 +174 +175 +176 +177 +178 +179 +180 +181 +1 +193 +3 +4 +5 +6 +7 +8 +9 +10 +11 +12 +14 +15 +16 +17 +18 +19 +20 +21 +22 +23 +24 +25 +26 +27 +194 +29 +30 +31 +33 +34 +35 +36 +37 +38 +39 +40 +41 +42 +43 +44 +45 +46 +195 +47 +48 +49 +50 +51 +52 +53 +54 +55 +56 +57 +58 +196 +59 +60 +61 +62 +63 +64 +65 +66 +67 +68 +69 +70 +71 +72 +73 +74 +75 +76 +77 +78 +79 +80 +81 +82 +83 +85 +86 +87 +88 +89 +90 +91 +92 +93 +94 +95 +96 +97 +98 +99 +100 +101 +102 +103 +104 +105 +106 +197 +107 +198 +199 +108 +109 +110 +111 +112 +113 +114 +116 +117 +118 +119 +120 +121 +122 +123 +124 +125 +126 +127 +128 +129 +130 +131 +132 +133 +134 +135 +136 +137 +138 $
>STPN.0321.00061
+3 +4 +5 +6 +7 +8 +9 +10 +11 +14 +15 +16 +17 +18 +19 +20 +21 +22 +23 +24 +25 +26 +27 +29 +30 +31 +33 +34 +35 +215 +36 +37 +38 +39 +40 +41 +42 +43 -46 -45 -44 +47 +48 +49 +50 +51 +52 +53 +54 +55 +216 +56 +57 +58 +59 +60 +61 +233 +62 +63 +64 +65 +66 +67 +68 +69 +70 +71 +72 +73 +74 +75 +76 +77 +78 +79 +80 +81 -184 -183 -207 -206 -262 +82 +83 +229 +85 +86 +87 +88 +89 +90 +91 +92 -208 +93 +94 +95 +96 +97 +98 +99 +100 +101 +102 +103 +104 +105 +106 +107 +198 +199 +108 +109 +110 +111 +112 +113 +114 +115 +116 +117 +118 +119 +120 +121 +122 +123 +124 +125 +126 +127 +128 +129 +130 +131 +132 +133 +134 +135 +136 +137 +138 +139 +140 +141 +142 +143 +144 +145 +146 +147 +148 +149 +150 +151 +152 +153 +155 +156 +157 +158 +159 +160 +161 +162 +163 +164 +165 +166 +154 +167 +168 +169 +170 +171 +172 +173 +174 +175 +186 +178 +179 +180 +181 +1 $
>STPN.0321.00064
+3 +4 +5 +6 +7 +8 +9 +10 +11 +13 +14 +15 +16 +17 +18 +19 +20 +21 +22 +23 +24 +25 +26 +27 +29 +30 +31 +248 +33 +34 +35 +36 +37 +38 +39 +40 +41 +42 +43 +44 +45 +46 +47 +48 +49 +50 +51 +52 +53 +54 +55 +216 +56 +57 +58 +59 +60 +61 +62 +63 +64 +65 +66 +67 +68 +69 +70 +254 +255 +256 +257 +183 +184 +258 +259 +71 +72 +73 +74 +75 +76 +77 +78 +79 +80 +81 +82 +83 +260 +85 +86 +87 +88 +89 +90 +91 +92 +93 +94 +95 +96 +97 +98 +99 +100 +101 +102 +103 +104 +105 +106 +107 -191 +108 +109 +110 +111 +112 +113 +114 +116 +117 +118 +119 +120 +121 +122 +123 +124 +125 +126 +127 +128 +129 +130 +131 +132 +133 +134 +135 +136 +137 +138 +139 +140 +141 +142 +143 +144 +145 +146 +147 +148 +149 +150 +151 +152 +153 +154 +161 +162 +163 +164 +165 +166 +155 +156 +157 +158 +159 +160 +167 +168 +169 +170 +171 +172 +173 +174 +175 +176 +177 +178 +179 +180 +181 +1 $
>STPN.0321.00042
+43 +44 +45 +46 +47 +48 +49 +50 +51 +52 +53 +54 +55 +267 +56 +57 +58 +59 +60 +61 +233 +62 +63 +64 +65 +66 +67 +68 +69 +70 +71 +72 +73 +74 +75 +76 +77 +78 +79 +80 +81 +85 +86 +87 +88 +89 +90 +91 +92 +93 +94 +95 +96 +97 +98 +99 +100 +101 +102 +103 +104 +105 +106 +107 +183 +184 -249 +108 +109 +110 +111 +112 +113 +114 +115 +116 +117 +118 +119 +120 +121 +122 +123 +124 +125 +126 +127 +230 +231 +128 +129 +130 +131 +132 +133 +134 +135 +136 +137 +138 +139 +140 +141 +142 +143 +144 +145 +146 +147 +148 +149 +150 +151 +152 +153 +154 +182 +156 +157 +158 +159 +160 +161 +162 +163 +164 +165 +166 +167 +168 +169 +170 +171 +172 +173 +174 +175 +186 +178 +179 +180 +181 +1 +3 +4 +5 +6 +7 +8 +9 +10 +11 +12 +13 +14 +15 +16 +17 +19 +20 +21 +22 +23 +24 +25 +26 +27 +29 +30 +31 +268 +33 +34 +35 +36 +37 +38 +39 +40 +41 +187 +188 +189 +42 $
>STPN.0321.00032
+1 +2 +3 +4 +5 +6 +7 +8 +9 +10 +11 +12 +13 +14 +15 +16 +17 +18 +19 +20 +21 +22 +23 +24 +25 +26 +27 +28 +29 +30 +31 +32 +33 +34 +35 +36 +37 +38 +39 +40 +41 +42 +43 +44 +45 +46 +47 +48 +49 +50 +51 +52 +53 +54 +55 +56 +57 +58 +59 +60 +61 +62 +63 +64 +65 +66 +67 +68 +69 +70 +71 +72 +73 +74 +75 +76 +77 +78 +79 +80 +81 +82 +83 +84 +85 +86 +87 +88 +89 +90 +91 +92 +93 +94 +95 +96 +97 +98 +99 +100 +101 +102 +103 +104 +105 +106 +107 +108 +109 +110 +111 +112 +113 +114 +115 +116 +117 +118 +119 +120 +121 +122 +123 +124 +125 +126 +127 +128 +129 +130 +131 +132 +133 +134 +135 +136 +137 +138 +139 +140 +141 +142 +143 +144 +145 +146 +147 +148 +149 +150 +151 +152 +153 +154 +155 +156 +157 +158 +159 +160 +161 +162 +163 +164 +165 +166 +167 +168 +169 +170 +171 +172 +173 +174 +175 +176 +177 +178 +179 +180 +181 $
>STPN.0321.00095
+1 +3 +4 +5 +6 +7 +8 +9 +10 +11 +12 +14 +15 +16 +17 +234 +18 +19 +20 +21 +22 +23 +24 +25 +26 +27 +28 +29 +30 +31 +269 +270 +33 +34 +35 +215 +36 +37 +38 +39 +40 +41 +189 +42 +43 +44 +45 +46 +47 +48 +49 +50 +51 +52 +53 +54 +55 +271 +56 +57 +58 +59 +60 +61 +62 +63 +64 +65 +66 +67 +68 +69 +70 +71 +72 +73 +74 +75 +76 +77 +78 +79 +80 +81 +82 +83 +85 +86 +87 +88 +89 +90 +91 +92 -207 +183 +184 -206 -205 +93 +94 +95 +96 +97 +98 +99 +100 +101 +102 +103 +104 +105 +106 +107 +198 +199 +108 +109 +110 +111 +112 +113 +114 +115 +116 +117 +118 +119 +120 +121 +122 +123 +124 +125 +126 +127 +128 +129 +130 +131 +132 +133 +134 +135 +136 +137 +138 +139 +140 +141 +142 +192 +143 +144 +146 +147 +148 +149 +150 +151 +152 +153 +154 +155 +156 +157 +158 +159 +160 +161 +162 +163 +164 +165 +166 +167 +168 +169 +170 +171 +172 +173 +174 +175 +176 +177 +178 +179 +180 +181 $
>STPN.0321.00026
+1 +193 +3 +4 +5 +6 +7 +8 +9 +10 +11 +12 +14 +15 +16 +17 +234 +18 +19 +20 +21 +272 +22 +23 +24 +25 +26 +27 +28 +29 +30 +31 +273 +33 +34 +35 +36 +37 +38 +39 +40 +41 +189 +42 +43 +44 +45 +46 +47 +48 +49 +50 +51 +52 +53 +54 +55 +56 +57 +58 +59 +60 +61 +62 +63 +64 +65 +66 +67 +68 +69 +70 +71 +72 +73 +74 +75 +76 +77 +78 +79 +80 +81 +82 +85 +86 +87 +88 +89 +90 +91 +92 +93 +94 +95 +96 +97 +98 +99 +100 +101 +102 +103 +104 +105 +106 +197 +107 +108 +109 +110 +111 +112 +113 +114 +116 +117 +118 +119 +120 +121 +122 +123 +124 +125 +126 +127 -261 +128 +129 +130 +131 +132 +133 +134 +135 +136 +137 +138 +139 +140 +141 +211 +212 +142 +143 +144 +145 +146 +147 +148 +149 +150 +151 +152 +153 +154 +182 +156 +157 +158 +159 +160 +161 +162 +163 +164 +165 +166 +167 +168 +169 +170 +171 +172 +173 +174 +175 +176 +177 +178 +179 +180 +181 $
>STPN.0321.00057
+1 +3 +183 +184 +4 +5 +6 +7 +8 +9 +10 +11 +12 +13 +14 +15 +16 +17 +18 +19 +20 +21 +22 +23 +24 +25 +26 +27 +274 +28 +29 +30 +31 +273 +33 +34 +35 +215 +36 +37 +38 +39 +40 +41 +189 +42 +43 +44 +45 +46 +47 +48 +49 +50 +51 +52 +53 +54 +55 +56 +57 +58 +59 +60 +61 +62 +63 +64 +65 +66 +67 +68 +69 +70 +71 +72 +73 +74 +75 +76 +77 +78 +79 +80 +81 +82 +83 +228 +229 +85 +86 +87 +88 +89 +90 +91 +92 +93 +94 +95 +96 +97 +98 +99 +100 +101 +102 +103 +104 +105 +106 +197 +107 +108 +109 +110 +111 +112 +113 +114 +116 +117 +118 +119 +120 +121 +122 +123 +124 +125 +126 +127 -231 -230 +128 +129 +130 +131 +217 +132 +133 +134 +135 +136 +137 +138 +139 +140 +141 +211 +212 +142 +144 +145 +146 +147 +148 +149 +150 +151 +152 +153 +154 +155 +156 +157 +158 +159 +160 +161 +162 +163 +164 +165 +166 +167 +168 +169 +170 +171 +172 +173 +174 +175 +186 +178 +179 +180 +181 $
>STPN.0321.00052
-127 -126 -125 -124 -123 -122 -121 -120 -119 -118 -117 -116 -115 -114 -113 -112 -111 -110 -109 -108 -199 -198 -107 -106 -105 -104 -103 -102 -101 -100 -99 -98 -262 +82 +83 +229 +85 +86 +87 +88 +89 +90 +91 +92 -208 +93 +94 +95 +96 +97 +263 +206 +264 +207 +183 +184 -81 -80 -79 -78 -77 -76 -75 -74 -73 -72 -71 -70 -69 -68 -67 -66 -65 -64 -63 -62 -233 -61 -60 -59 -58 -57 -56 -216 -55 -54 -53 -52 -51 -50 -49 -48 -47 -46 -45 -44 -43 -42 -41 -40 -39 -38 -37 -36 -215 -35 -34 -33 +265 +266 -31 -30 -29 -27 -26 -25 -24 -23 -22 -21 -20 -19 -18 -17 -16 -15 -14 -13 -12 -11 -10 -9 -8 -7 -6 -5 -4 -3 -1 -181 -180 -179 -178 -186 -175 -174 -173 -172 -171 -170 -169 -168 -167 -166 -165 -164 -163 -162 -161 -160 -159 -158 -157 -156 -155 -154 -153 -152 -151 -150 -149 -148 -147 -146 -145 -144 -143 -142 -141 -200 -140 -139 -138 -137 -136 -135 -134 -133 -132 -131 -130 -129 -128 $
>STPN.0321.00074
+1 +3 +4 +5 +6 +7 +8 +9 +10 +11 +12 +13 +14 +15 +16 +17 +18 +19 +20 +21 +22 +23 +24 +25 +26 +27 +28 +29 +30 +31 +240 +33 +34 +35 +215 +36 +37 +38 +39 +40 +41 +189 +42 +43 +44 +45 +46 +47 +48 +49 +50 +51 +52 +53 +54 +55 +56 +57 +58 +59 +60 +61 +62 +63 +64 +65 +66 +67 +68 +69 +70 +71 +72 +73 +74 +75 +76 +77 +78 +79 +80 +81 +82 +83 -241 +85 +86 +87 +88 +89 +90 +91 +92 +93 +94 +95 +96 +97 +98 +99 +100 +101 +102 +103 +104 +105 +106 +107 +209 +210 +108 +109 +110 +111 +112 +113 +114 +115 +116 +117 +118 +119 +120 +121 +122 +123 +124 +125 +126 +127 +128 +129 +130 +131 +132 +133 +134 +135 +136 +137 +138 +139 +140 +141 +142 +222 +144 +146 +147 +148 +149 +150 +151 +152 +153 +154 +155 +156 +242 +157 +158 +159 +160 +161 +162 +163 +164 +165 +166 +167 +168 +169 +170 +171 +172 +173 +174 +175 +186 +178 +179 +180 +181 $
>STPN.0321.00036
+71 +72 +73 +74 +75 +76 +77 +78 +79 +80 +81 +82 +83 +85 +86 +87 +88 +89 +90 +91 +92 +93 +94 +95 +96 +97 +98 +99 +100 +101 +102 +103 +104 +105 +106 +197 +107 -196 +108 +109 +110 +111 +112 +113 +114 +116 +117 +118 +119 +120 +121 +122 +123 +124 +125 +126 +127 +128 +129 +130 +131 +217 +132 +133 +134 +135 +136 +137 +138 +139 +140 +141 +142 +192 +143 +144 +145 +146 +147 +148 +149 +150 +151 +152 +153 +154 +275 +155 +156 +242 +157 +158 +159 +160 +161 +162 +163 +164 +165 +166 +167 +168 +169 +170 +171 +172 +173 +174 +175 +186 +178 +179 +180 +181 +1 +3 +4 +5 +6 +7 +8 +9 +10 +11 +12 +14 +15 +16 +17 +234 +18 +19 +20 +21 +22 +23 +24 +25 +26 +27 +274 +28 +29 +30 +31 +33 +34 +35 +215 +36 +37 +38 +39 +40 +41 +42 +43 +44 +45 +46 +47 +48 +49 +50 +51 +52 +53 +54 +55 +216 +56 +57 +58 +59 +60 +61 +62 +63 +64 +65 +66 +67 +68 +69 +70 +71 $
>STPN.0321.00072
+1 +3 +4 +5 +6 +7 +8 +9 +10 +11 +12 +13 +14 +15 +16 +17 +18 +19 +20 +21 +22 +23 +24 +25 +26 +27 +28 +29 +30 +31 +240 +33 +34 +35 +215 +36 +37 +38 +39 +40 +41 +189 +42 +43 +44 +45 +46 +47 +48 +49 +50 +51 +52 +53 +54 +55 +56 +57 +58 +59 +60 +61 +62 +63 +64 +65 +66 +67 +68 +69 +70 +71 +72 +73 +74 +75 +76 +77 +78 +79 +80 +81 +82 +83 -241 +85 +86 +87 +88 +89 +90 +91 +92 +93 +94 +95 +96 +97 +98 +99 +100 +101 +102 +103 +104 +105 +106 +107 +209 +210 +108 +109 +110 +111 +112 +113 +114 +115 +116 +117 +118 +119 +120 +121 +122 +123 +124 +125 +126 +127 +128 +129 +130 +131 +132 +133 +134 +135 +136 +137 +138 +139 +140 +141 +142 +222 +144 +146 +147 +148 +149 +150 +151 +152 +153 +154 +155 +156 +242 +157 +158 +159 +160 +161 +162 +163 +164 +165 +166 +167 +168 +169 +170 +171 +172 +173 +174 +175 +186 +178 +179 +180 +181 $
>STPN.0321.00001
-181 -180 -179 -178 -186 -175 -174 -173 -172 -171 -170 -169 -168 -167 -166 -165 -164 -163 -162 -161 -160 -159 -158 -157 -156 -155 -154 -153 -152 -151 -150 -149 -148 -147 -146 -145 -144 -143 -142 -141 -200 -140 -139 -138 -137 -136 -135 -134 -133 -132 -131 -130 -129 -128 -127 -126 -125 -124 -123 -122 -121 -120 -119 -118 -117 -116 -115 -114 -113 -112 -111 -110 -109 -108 -199 -198 -107 -106 -105 -104 -103 -102 -101 -100 -99 -98 -97 -96 -95 -94 -93 +208 -92 -91 -90 -89 -88 -87 -86 -85 -229 -83 -82 +262 +263 +206 +264 +207 +183 +184 -81 -80 -79 -78 -77 -76 -75 -74 -73 -72 -71 -70 -69 -68 -67 -66 -65 -64 -63 -62 -233 -61 -60 -59 -58 -57 -56 -216 -55 -54 -53 -52 -51 -50 -49 -48 -47 -46 -45 -44 -43 -42 -41 -40 -39 -38 -37 -36 -215 -35 -34 -33 +265 +266 -31 -30 -29 -27 -26 -25 -24 -23 -22 -21 -20 -19 -18 -17 -16 -15 -14 -13 -12 -11 -10 -9 -8 -7 -6 -5 -4 -3 -1 $
>STPN.0321.00073
+1 +276 +3 +4 +5 +6 +7 +8 +9 +10 +11 +12 +14 +15 +16 +17 +18 +19 +20 +21 +22 +23 +24 +25 +26 +27 +28 +29 +30 +31 +252 +33 +34 +35 +215 +36 +37 +38 +39 +40 +41 +187 +188 +189 +42 +43 +44 +45 +46 +47 +48 +49 +50 +51 +52 +53 +54 +55 +267 +56 +57 +58 -119 -118 -117 -116 -115 -114 -113 -112 -111 -110 -109 -108 -199 -198 -107 -106 -105 -104 -103 -102 -101 -100 -99 -98 -97 -96 -95 -94 -93 +244 -184 -183 +206 +207 -92 -91 -90 -89 -88 -87 -86 -85 -83 -82 -81 -80 -79 -78 -77 -76 -75 -74 -73 -72 -71 -70 -69 -68 -67 -66 -65 -64 -63 -62 -61 -60 -59 +120 +121 +122 +123 +124 +125 +126 +127 +128 +129 +130 +131 +132 +133 +134 +135 +136 +137 +138 +139 +140 +141 +142 +192 +143 +144 +146 +147 +148 +149 +150 +151 +152 +153 +154 +182 +155 +156 +157 +158 +159 +160 +161 +162 +163 +164 +165 +230 +166 +167 +168 +169 +170 +171 +172 +173 +174 +175 +176 +177 +178 +179 +180 +181 $
>STPN.0321.00058
+180 +181 +1 +3 +4 +5 +6 +7 +8 +9 +10 +11 +14 +15 +16 +17 +18 +19 +20 +21 +22 +23 +24 +25 +26 +27 +28 +29 +30 +31 +236 +237 +33 +34 +35 +36 +37 +38 +39 +40 +41 +187 +188 +189 +42 +43 +44 +45 +46 +47 +48 +49 +50 +51 +52 +53 +54 +55 +56 +57 +58 +59 +60 +61 +62 +63 +64 +65 +66 +67 +68 +69 +70 +71 +72 +73 +74 +75 +76 +77 +78 +79 +80 +81 +82 +83 +85 +86 +87 +88 +89 +90 +91 +92 +96 +97 +98 +99 +100 +101 +102 +103 +104 +105 +106 +107 -95 -94 -93 +243 +244 -250 +183 +184 +185 +206 +207 +108 +109 +110 +111 +112 +113 +114 -115 +116 +117 +118 +119 +120 +121 +122 +123 +124 +125 +126 +127 +128 +129 +130 +131 +132 +133 +134 +135 +136 +137 +138 +139 +140 +141 +211 +212 +142 +192 +143 +144 +145 +146 +147 +148 +149 +150 +151 +152 +153 +154 +155 +156 +157 +158 +159 +160 +161 +162 +163 +164 +165 +166 +167 +168 +169 +170 +171 +172 +173 +174 +175 +186 +178 +179 -12 -182 $
>STPN.0321.00097
+27 +28 +29 +30 +235 +31 +202 +33 +34 +35 +215 +36 +37 +38 +39 +40 +41 +189 +42 +43 +44 +45 +46 +47 +48 +49 +50 +51 +52 +53 +54 +55 +56 +57 +58 +59 +60 +61 +62 +63 +64 +65 +66 +67 +68 +69 +70 +71 +72 +73 +74 +75 +76 +77 +78 +79 +80 +81 +82 +83 +229 +85 +86 +87 +88 +89 +90 +91 +221 +92 +93 +94 +95 +96 +97 +98 +99 +100 +101 +102 +103 +104 +105 +106 +107 -196 +108 +109 +110 +111 +112 +113 +114 +115 +116 +117 +118 +119 +120 +121 +122 +123 +124 +125 +126 +127 +128 +129 +130 +131 +132 +133 +134 +135 +136 +137 +138 +139 +140 +200 +141 +142 +192 +222 +144 +145 +146 +147 +148 +149 +150 +151 +152 -26 -25 -24 -23 -22 -21 -20 -19 -18 -17 -16 -15 -14 -12 -11 -10 -9 -8 -7 -6 -5 -4 -3 -1 -181 -180 -179 -178 -186 -175 -174 -173 -172 -171 -170 -169 -168 -167 -166 -165 -164 -163 -162 -161 +153 +154 +155 +156 +157 +158 +159 +160 $
>STPN.0321.00077
+1 +276 +3 +4 +5 +6 +7 +8 +9 +10 +11 +12 +13 +14 +15 +16 +17 +18 +19 +20 +21 +22 +23 +24 +25 +26 +27 +194 +28 +29 +30 +31 +270 +33 +34 +35 +215 +36 +37 +38 +39 +40 +41 +189 +42 +43 +44 +45 +46 +47 +48 +49 +50 +51 +52 +53 +54 +55 +56 +57 +58 +59 +60 +61 +62 +63 +64 +65 +66 +67 +68 +69 +70 +71 +72 +73 +74 +75 +76 +77 +78 +79 +80 +81 +277 +82 +83 +85 +86 +87 +88 +89 +90 +91 +92 +93 +94 +95 +96 +97 +98 +99 +100 +101 +102 +103 +104 +105 +106 +107 +209 +108 +109 +110 +111 +112 +113 +114 +115 +116 +117 +118 +119 +120 +121 +122 +123 +124 +125 +126 +127 +128 +129 +130 +131 +132 +133 +134 +135 +136 +137 +138 +139 +140 +141 +211 +212 +142 +222 +144 +145 +146 +147 +148 +149 +150 +151 +152 +153 +154 +155 +156 +157 +158 +159 +160 +161 +162 +163 +164 +165 +166 +167 +168 +169 +170 +171 +172 +173 +174 +175 +176 +177 +178 +179 +180 +181 $
>STPN.0321.00083
+1 +193 +3 +4 +5 +6 +278 +7 +8 +9 +10 +11 +12 +14 +15 +16 +17 +18 +19 +20 +21 +22 +23 +24 +25 +26 +27 +29 +30 +31 +268 +33 +34 +35 +36 +37 +38 +39 +40 +41 +189 +42 +43 +44 +45 +46 +47 +48 +49 +50 +51 +52 +53 +54 +55 +56 +57 +58 +59 +60 +61 +62 +63 +64 +65 +66 +67 +68 +69 +70 +254 +255 +256 +259 +71 +72 +73 +74 +75 +76 +77 +78 +79 +80 -95 -94 -93 -92 -91 -90 -89 -88 -87 -86 -85 -204 -83 -82 -81 +96 +97 +98 +99 +100 +101 +102 +103 +104 +105 +106 +107 +198 +199 +108 +109 +110 +111 +112 +113 +114 +115 +116 +117 +118 +119 +120 +121 +122 +123 +124 +125 +126 +127 +128 +129 +130 +131 +132 +133 +134 +135 +136 +137 +138 +139 +140 +141 +142 +143 +144 +145 +146 +147 +148 +149 +150 +151 +152 +153 +154 +155 +156 +157 +158 +159 +160 +161 +162 +163 +164 +165 +166 +167 +168 +169 +170 +171 +172 +173 +174 +175 +186 +178 +179 +180 +181 $
>STPN.0321.00071
+1 +3 +4 +5 +6 +278 +7 +8 +9 +10 +11 +12 +14 +15 +16 +17 +234 +18 +19 +20 +21 +22 +23 +24 +25 +26 +27 +28 +29 +30 +31 +279 +270 +33 +34 +35 +215 +36 +37 +38 +39 +40 +41 +187 +188 +189 +42 +43 +44 +45 +46 +47 +48 +49 +50 +51 +52 +53 +54 +55 +267 +56 +57 +58 +59 +60 +61 +62 +63 +64 +65 +66 +67 +68 +69 +70 +71 +72 +73 +74 +75 +76 +77 +78 +79 +80 +81 +82 +83 -243 +85 +86 +87 +88 +89 +90 +91 +221 +92 +93 +94 +95 +96 +97 +98 +99 +100 +101 +102 +103 +104 +105 +106 +107 +198 +199 +108 +109 +110 +111 +112 +113 +114 +115 +116 +117 +118 +119 +120 +121 +122 +123 +124 +125 +126 +127 +128 +129 +130 +131 +132 +133 +134 +135 +136 +137 +138 +139 +140 +141 +211 +212 +142 +143 +144 +146 +147 +148 +149 +150 +151 +152 +153 +154 +155 +156 +242 +157 +158 +159 +160 +161 +162 +163 +164 +165 +166 +167 +168 +169 +170 +171 +172 +173 +174 +175 +186 +178 +179 +180 +181 $
>STPN.0321.00068
+179 +180 +181 +1 +3 +4 +5 +6 +7 +8 +9 +10 +11 +14 +15 +16 +17 +18 +19 +20 +21 +22 +23 +24 +25 +26 +27 +218 +28 +29 +30 +31 +33 +34 +35 +36 +37 +38 +39 +40 +41 +42 +43 +44 +45 +46 +47 +48 +49 +50 +51 +52 +53 +54 +55 +216 +56 +57 +58 +59 +60 +61 +62 +63 +64 +65 +66 +67 +68 +69 +70 +71 +72 +73 +74 +75 +76 +77 +78 +79 +80 +81 +82 +83 +229 +85 +86 +87 +88 +89 +90 +91 +92 +93 +94 +95 +96 +97 +98 +99 +100 +101 +102 +103 +104 +105 +106 +107 -191 +108 +109 +110 +111 +112 +113 +114 -115 +116 +117 +118 +119 +120 +121 +122 +123 +124 +125 +126 +127 +128 +129 +130 +131 +132 +133 +134 +135 +136 +137 +138 +139 +140 +141 +142 +143 +144 +145 +146 +147 +148 +149 +150 +151 +152 +153 +154 +155 +156 +157 +158 +159 +160 +161 +162 +163 +164 +165 +166 +167 +168 +169 +170 +171 +172 +173 +174 +175 +186 +178 $
>STPN.0321.00021
+1 +3 +4 +5 +6 +278 +7 +8 +9 +10 +11 +12 +14 +15 +16 +17 +234 +18 +19 +20 +21 +22 +23 +24 +25 +26 +27 +28 +29 +30 +31 +279 +270 +33 +34 +35 +215 +36 +37 +38 +39 +40 +41 +187 +188 +189 +42 +43 +44 +45 +46 +47 +48 +49 +50 +51 +52 +53 +54 +55 +267 +56 +57 +58 +59 +60 +61 +62 +63 +64 +65 +66 +67 +68 +69 +70 +71 +72 +73 +74 +75 +76 +77 +78 +79 +80 +81 +82 +83 -243 +85 +86 +87 +88 +89 +90 +91 +221 +92 +93 +94 +95 +96 +97 +98 +99 +100 +101 +102 +103 +104 +105 +106 +107 +198 +199 +108 +109 +110 +111 +112 +113 +114 +115 +116 +117 +118 +119 +120 +121 +122 +123 +124 +125 +126 +127 +128 +129 +130 +131 +132 +133 +134 +135 +136 +137 +138 +139 +140 +141 +211 +212 +142 +143 +144 +146 +147 +148 +149 +150 +151 +152 +153 +154 +275 +155 +156 +242 +157 +158 +159 +160 +161 +162 +163 +164 +165 +166 +167 +168 +169 +170 +171 +172 +173 +174 +175 +186 +178 +179 +180 +181 $
>STPN.0321.00053
+1 +3 +4 +5 +6 +7 +8 +9 +10 +11 +14 +15 +16 +17 +18 +19 +20 +21 +22 +23 +24 +25 +26 +27 +29 +30 +31 -266 -265 +33 +34 +35 +215 +36 +37 +38 +39 +40 +41 +42 +43 +44 +45 +46 +47 +48 +49 +50 +51 +52 +53 +54 +55 +216 +56 +57 +58 +59 +60 +61 +233 +62 +63 +64 +65 +66 +67 +68 +69 +70 +71 +72 +73 +74 +75 +76 +77 +78 +79 +80 +81 -184 -183 -207 -264 -206 -263 -262 +82 +83 +229 +85 +86 +87 +88 +89 +90 +91 +92 -208 +93 +94 +95 +96 +97 +98 +99 +100 +101 +102 +103 +104 +105 +106 +107 +198 +199 +108 +109 +110 +111 +112 +113 +114 +115 +116 +117 +118 +119 +120 +121 +122 +123 +124 +125 +126 +127 +128 +129 +130 +131 +132 +133 +134 +135 +136 +137 +138 +139 +140 +200 +141 +142 +143 +144 +145 +146 +147 +148 +149 +150 +151 +152 +153 +154 +155 +156 +157 +158 +159 +160 +161 +162 +163 +164 +165 +166 +167 +168 +169 +170 +171 +172 +173 +174 +175 +186 +178 +179 +180 +181 $
>STPN.0321.00022
+1 +3 +4 +5 +6 +7 +8 +9 +10 +11 +12 +13 +14 +15 +214 +16 +17 +18 +19 +20 +21 +272 +22 +23 +24 +25 +26 +27 +29 +30 +31 -265 +33 +34 +35 +36 +37 +38 +39 +40 +41 +189 +42 +43 +44 +45 +46 +47 +48 +49 +50 +51 +52 +53 +54 +55 +216 +56 +57 +58 +59 +60 +61 +62 +63 +64 +65 +66 +67 +68 +69 +70 +71 +72 +73 +74 +75 +76 +77 +78 +79 +80 +81 +82 +83 +220 +85 +86 +87 +88 +89 +90 +91 +92 +93 +94 +95 +96 +97 +98 +99 +100 +101 +102 +103 +104 +105 +106 +107 -191 +108 +109 +110 +111 +112 +113 +114 +115 +116 +117 +118 +119 +120 +121 +122 +123 +124 +125 +126 +127 +128 +129 +130 +131 +132 +133 +134 +135 +136 +137 +138 +139 +140 +141 +211 +212 +142 +222 +144 +145 +146 +147 +148 +149 +150 +151 +152 +153 +154 +155 +156 +157 +158 +159 +160 +161 +162 +163 +164 +165 +166 +167 +168 +169 +170 +171 +172 +173 +174 +175 +186 +178 +179 +180 +181 $
>STPN.0321.00050
-181 -180 -179 -178 -186 -175 -174 -173 -172 -171 -170 -169 -168 -167 -166 -165 -164 -163 -162 -161 -160 -159 -158 -157 -156 -155 -154 -153 -152 -151 -150 -149 -148 -147 -146 -145 -144 -143 -142 -141 -200 -140 -139 -138 -137 -136 -135 -134 -133 -132 -131 -130 -129 -128 -127 -126 -125 -124 -123 -122 -121 -120 -119 -118 -117 -116 -115 -114 -113 -112 -111 -110 -109 -108 -199 -198 -107 -106 -105 -104 -103 -102 -101 -100 -99 -98 -97 -96 -95 -94 -93 +208 -92 -91 -90 -89 -88 -87 -86 -85 -229 -83 -82 +262 +263 +206 +264 +207 +183 +184 -81 -80 -79 -78 -77 -76 -75 -74 -73 -72 -71 -70 -69 -68 -67 -66 -65 -64 -63 -62 -233 -61 -60 -59 -58 -57 -56 -216 -55 -54 -53 -52 -51 -50 -49 -48 -47 -46 -45 -44 -43 -42 -41 -40 -39 -38 -37 -36 -215 -35 -34 -33 +265 +266 -31 -30 -29 -27 -26 -25 -24 -23 -22 -21 -20 -19 -18 -17 -16 -15 -14 -11 -10 -9 -8 -7 -6 -5 -4 -3 -1 $
>STPN.0321.00062
+3 +4 +5 +6 +7 +8 +9 +10 +11 +14 +15 +16 +17 +18 +19 +20 +21 +22 +23 +24 +25 +26 +27 +29 +30 +31 +236 +226 +33 +34 +35 +215 +36 +37 +38 +39 +40 +41 +42 +43 -50 -49 -48 -47 -46 -45 -44 +51 +52 +53 +54 +55 +216 +56 +57 +58 +59 +60 +61 +233 +62 +63 +64 +65 +66 +67 +68 +69 +70 +71 +72 +73 +74 +75 +76 +77 +78 +79 +80 +81 +82 +83 +229 +85 +86 +87 +88 +89 +90 +91 +96 +97 +98 +99 +100 +101 +102 +103 +104 +105 +106 +107 -196 +108 +109 +110 +111 +112 +113 +114 +115 +116 +117 +118 -95 -94 -93 +205 +206 +183 +184 -249 +207 +208 -92 +119 +120 +121 +122 +123 +124 +125 +126 +127 +128 +129 +130 +131 +132 +133 +134 +135 +136 +137 +138 +139 +140 +200 +141 +211 +212 +142 +143 +144 +145 +146 +147 +148 +149 +150 +151 +152 +153 +154 +155 +156 +157 +158 +159 +160 +161 +162 +163 +164 +165 +166 +167 +168 +169 +170 +171 +172 +173 +174 +175 +186 +178 +179 +180 +181 +1 $
>STPN.0321.00008
+1 +3 +4 +5 +6 +7 +8 +9 +10 +11 +12 +14 +15 +16 +17 +18 +19 +20 +21 +22 +23 +24 +25 +26 +27 +29 +30 +31 +33 +34 +35 +36 +37 +38 +39 +40 +41 +187 +188 +189 +42 +43 +44 +190 +45 +46 +47 +48 +49 +50 +51 +52 +53 +54 +55 +56 +57 +58 +59 +60 -118 -117 -116 +115 -114 -113 -112 -111 -110 -109 -108 +191 -107 -106 -105 -104 -103 -102 -101 -100 -99 -98 -97 -96 -95 -94 -93 -92 -91 -90 -89 -88 -87 -86 -85 -83 -82 -81 -80 -79 -78 -77 -76 -75 -74 -73 -72 -71 -70 -69 -68 -67 -66 -65 -64 -63 -62 -61 +119 +120 +121 +122 +123 +124 +125 +126 +127 +128 +129 +130 +131 +132 +133 +134 +135 +136 +137 +138 +139 +140 +141 +142 +192 +143 +144 +146 +147 +148 +149 +150 +151 +152 +153 +154 +182 +155 +156 +183 +184 +185 +157 +158 +159 +160 +161 +162 +163 +164 +165 +166 +167 +168 +169 +170 +171 +172 +173 +174 +175 +186 +178 +179 +180 +181 $
>STPN.0321.00069
+1 +3 +4 +5 +6 +7 +8 +9 +10 +11 +12 +13 +14 +15 +16 +17 +234 +18 +19 +20 +21 +22 +23 +24 +25 +26 +27 +28 +29 +30 +31 +269 +270 +33 +34 +35 +215 +36 +37 +38 +39 +40 +41 +42 +43 +44 +45 +46 +47 +48 +49 +50 +51 +52 +53 +54 +55 +267 +56 +57 +58 +59 +60 +61 +62 +63 +64 +65 +68 +69 +70 +71 +72 +73 +74 +75 +76 +77 +78 +79 +80 +81 +82 +83 +229 +85 +86 +87 +88 +89 +90 +91 +102 +103 +104 +105 +106 +107 +198 +199 +108 +109 +110 +111 +112 +113 +114 +115 +116 +117 +118 +119 +120 +121 +122 +123 +124 +125 +126 +127 +128 +129 +130 +131 +132 +133 +134 +135 +136 +137 +138 +139 +140 +141 +142 +222 +144 +145 +146 +147 +148 +149 +150 +151 +152 -67 -66 -154 -153 +92 +93 +94 +95 +96 +97 +98 +99 +100 +101 +182 +156 +242 +157 +158 +159 +160 +161 +162 +163 +164 +165 +166 +167 +168 +169 +170 +171 +172 +173 +174 +175 +186 +178 +179 +180 +181 $
>STPN.0321.00017
+1 +3 +4 +5 +6 +7 +8 +9 +10 +11 +12 +13 +14 +15 +16 +17 +18 +19 +20 +21 +22 +23 +24 +25 +26 +27 +29 +30 +31 +236 +237 +33 +34 +35 +36 +37 +38 +39 +40 +41 +42 +43 +44 +45 +46 +47 +48 +49 +50 +51 +52 +53 +54 +55 +56 +57 +58 +59 +60 +61 +233 +62 +63 +64 +65 +66 +67 +68 +69 +70 +71 +72 +73 +74 +75 +76 +77 +78 +79 +80 +81 +82 +83 +85 +86 +87 +88 +89 +90 +91 +92 -243 +93 +94 +95 +96 +97 +98 +99 +100 +101 +102 +103 +104 +105 +106 +107 +209 +210 +108 +109 +110 +111 +112 +113 +114 +115 +116 +117 +118 +119 +120 +121 +122 +123 +124 +125 +126 +127 +128 +129 +130 +131 +132 +133 +134 +135 +136 +137 +138 +139 +140 +200 +141 +142 +143 +144 +145 +146 +147 +148 +149 +150 +151 +152 +153 +154 +155 +156 +157 +158 +159 +160 +161 +162 +163 +164 +165 +166 +167 +168 +169 +170 +171 +172 +173 +280 +174 +175 +186 +178 +179 +180 +181 $
>STPN.0321.00092
+81 +82 +83 +229 +85 +86 +87 +88 +89 +90 +91 +221 +92 +93 +94 +95 +96 +97 +98 +99 +100 +101 +102 +103 +104 +105 +106 +107 -196 +108 +109 +110 +111 +112 +113 +114 +115 +116 +117 +118 +119 +120 +121 +122 +123 +124 +125 +126 +127 +128 +129 +130 +131 +132 +133 +134 +135 +136 +137 +138 +139 +140 +141 +211 +212 +142 +222 +144 +145 +146 +147 +148 +149 +150 +151 +152 +153 +154 -1 -181 -180 -179 -178 -186 -175 -174 -173 -172 -171 -170 -169 -168 -167 -166 -165 -164 -163 -162 -161 -160 -159 -158 -157 -156 -155 +3 +4 +5 +6 +7 +8 +9 +10 +11 +14 +15 +16 +17 +234 +18 +19 +20 +21 +22 +23 +24 +25 +26 +27 +28 +29 +30 +235 +31 +202 +33 +34 +35 +36 +37 +38 +39 +40 +41 +189 +42 +43 +44 +45 +46 +47 +48 +49 +50 +51 +52 +53 +54 +55 +56 +57 +58 +59 +60 +61 +62 +63 +64 +65 +66 +67 +68 +69 +70 +71 -199 -198 +72 +73 +74 +75 +76 +77 +78 +79 +80 $
>STPN.0321.00094
+1 +276 +3 +4 +5 +6 +7 +8 +9 +10 +11 +12 +14 +15 +214 +16 +17 +18 +19 +20 +21 +22 +23 +24 +25 +26 +27 +29 +30 +31 +236 +237 +33 +34 +35 +215 +36 +37 +38 +39 +40 +41 +42 +43 +44 +45 +46 +47 +48 +49 +50 +51 +52 +53 +54 +55 +216 +56 +57 +58 +59 +60 +61 +62 +63 +64 +65 +66 +67 +68 +69 +70 +71 -199 -198 +72 +73 +74 +75 +76 +77 +78 +79 +80 +81 +82 +83 -104 -103 -102 -101 -100 -99 -98 -97 -96 -95 -94 -93 -92 -91 -90 -89 -88 -87 -86 -85 +105 +106 +197 +107 -191 +108 +109 +110 +111 +112 +113 +114 +115 +116 +117 +118 +119 +120 +121 +122 +123 +124 +125 +126 +127 +128 +129 +130 +131 +217 +132 +133 +134 +135 +136 +137 +138 +139 +140 +141 +211 +238 +239 +142 +192 +143 +144 +145 +146 +147 +148 +149 +150 +151 +152 +153 +154 +155 +156 +157 +158 +159 +160 +161 +162 +163 +164 +165 +166 +167 +168 +169 +170 +171 +172 +173 +174 +175 +176 +177 +178 +179 +180 +181 $
>STPN.0321.00012
+1 +3 +4 +5 +6 +7 +8 +9 +10 +11 +12 +14 +15 +16 +17 +18 +19 +20 +21 +22 +23 +24 +25 +26 +27 +223 +224 +28 +29 +30 +31 +252 +33 +34 +35 +36 +37 +38 +39 +40 +41 +189 +42 +43 +44 +45 +46 +47 +48 +49 +50 +51 +52 +53 +54 +55 +56 +57 +58 +59 +60 +61 +62 +63 +64 +65 +66 +67 +68 +69 +70 +71 +72 +73 +74 +75 +281 +76 +77 +78 +79 +80 +81 +82 +83 -241 +85 +86 +87 +88 +89 +90 +91 +92 +93 +94 +95 +96 +97 +98 +99 +100 +101 +102 +103 +104 +105 +106 +107 -196 +108 +109 +110 +111 +112 +113 +114 +115 +116 +117 +118 +119 +120 +121 +122 +123 +124 +125 +126 +127 +230 +231 +230 +231 +128 +129 +130 +131 +132 +133 +134 +135 +136 +137 +138 +139 +140 +141 +211 +212 +142 +143 +144 +146 +147 +148 +149 +150 +151 +152 +153 +154 +155 +156 +157 +158 +159 +160 +161 +162 +163 +164 +165 +166 +167 +168 +169 +170 +171 +172 +173 +174 +175 +186 +178 +179 +180 +181 $
>STPN.0321.00091
+1 +2 -174 -173 -172 -171 -170 -169 -168 -167 -166 -165 -164 -163 -162 -161 -160 -159 -158 -157 -156 -230 -154 -153 -152 -151 -150 -149 -148 -147 -146 -145 -144 -143 -142 -141 -140 -139 -138 -137 -136 -135 -134 -133 -132 -131 -130 -129 -128 -127 -126 -125 -124 -123 -122 -121 -120 -119 -118 -117 -116 -115 -114 -113 -112 -111 -110 -109 -108 -198 -107 -106 -105 -104 -103 -102 +282 -101 -100 -99 -98 +54 +55 +56 +57 +58 +59 +60 +61 +62 +63 +64 +65 +66 +67 +68 +69 +70 +71 +72 +73 +74 +75 +76 +77 +78 +79 +80 +81 +82 +83 +229 +85 +86 +87 +88 +89 +90 +91 +92 +93 +94 +95 +96 +97 -53 -52 -51 -50 -49 -48 -47 -46 -45 -44 -43 -42 -41 -40 -39 -38 -37 -36 -215 -35 -34 -33 -32 -31 -30 -29 -28 -27 -26 -25 -24 -23 -22 -21 -20 -19 -18 -17 -16 -15 -14 -12 -11 -10 -9 -8 -7 -6 -5 -4 -3 +175 +186 +178 +179 +180 +181 $
>STPN.0321.00093
+1 +261 +3 +4 +5 +6 +7 +8 +9 +10 +11 +12 +14 +15 +16 +17 +18 +19 +20 +21 +22 +23 +24 +25 +26 +27 +28 +29 +30 +31 +33 +34 +35 +36 +37 +38 +39 +40 +41 +187 +188 +189 +42 +43 +44 +190 +45 +46 +47 +48 +49 +50 +51 +52 +53 +54 +55 +56 +57 +58 +59 +60 -118 -117 -116 +115 -114 -113 -112 -111 -110 -109 -108 +191 -107 -106 -105 -104 -103 -102 -101 -100 -99 -98 -97 -96 +81 +82 +83 +85 +86 +87 +88 +89 +90 +91 +92 +93 +94 +95 -80 -79 -78 -77 -76 -75 -74 -73 -72 -71 -70 -69 -68 -67 -66 -65 -64 -63 -62 -61 +119 +120 +121 +122 +123 +124 +125 +126 +127 +128 +129 +130 +131 +132 +133 +134 +135 +136 +137 +138 +139 +140 +141 +142 +192 +143 +144 +146 +147 +148 +149 +150 +151 +152 +153 +154 +182 +155 +156 +183 +184 +185 +157 +158 +159 +160 +161 +162 +163 +164 +165 +166 +167 +168 +169 +170 +171 +172 +173 +174 +175 +186 +178 +179 +180 +181 $
>STPN.0321.00079
+1 +2 +3 +4 +5 +6 +7 +8 +9 +10 +11 +12 +14 +15 +16 +17 +18 +19 +20 +21 +22 +23 +24 +25 +26 +27 +29 +30 +31 +202 +33 +34 +35 +36 +37 +38 +39 +40 +41 +189 +42 +43 +44 +45 +46 +47 +48 +49 +50 +51 +52 +53 +54 +55 +203 +56 +57 +58 +59 +60 +61 +62 +63 +64 +65 +66 +67 +68 +69 +70 +71 +72 +73 +74 +75 +76 +77 +78 +79 +80 +81 +82 +83 +204 +85 +86 +87 +88 +89 +90 +91 +92 -208 -184 -183 -207 -206 -205 +93 +94 +95 +96 +97 +98 +99 +100 +101 +102 +103 +104 +105 +106 +107 +209 +210 +108 +109 +110 +111 +112 +113 +114 +115 +116 +117 +118 +119 +120 +121 +122 +123 +124 +125 +126 +127 +128 +129 +130 +131 +132 +133 +134 +135 +136 +137 +138 +139 +140 +200 +141 +142 +222 +144 +145 +146 +147 +148 +149 +150 +151 +152 +153 +154 +155 +156 +157 +158 +159 +160 +161 +162 +163 +164 +165 +166 +167 +168 +169 +170 +171 +172 +173 +174 +175 +186 +178 +179 +180 +181 $
>STPN.0321.00003
+1 +3 +4 +5 +6 +7 +8 +9 +10 +11 +14 +15 +16 +17 +18 +19 +20 +21 +22 +23 +24 +25 +26 +27 +29 +30 +31 -266 -265 +33 +34 +35 +215 +36 +37 +38 +39 +40 +41 +42 +43 +44 +45 +46 +47 +48 +49 +50 +51 +52 +53 +54 +55 +216 +56 +57 +58 +59 +60 +61 +233 +62 +63 +64 +65 +66 +67 +68 +69 +70 +71 +72 +73 +74 +75 +76 +77 +78 +79 +80 +81 -184 -183 -207 -264 -206 -263 -262 +82 +83 +229 +85 +86 +87 +88 +89 +90 +91 +92 -208 +93 +94 +95 +96 +97 +98 +99 +100 +101 +102 +103 +104 +105 +106 +107 +209 +210 +108 +109 +110 +111 +112 +113 +114 +115 +116 +117 +118 +119 +120 +121 +122 +123 +124 +125 +126 +127 +128 +129 +130 +131 +132 +133 +134 +135 +136 +137 +138 +139 +140 +200 +141 +142 +143 +144 +145 +146 +147 +148 +149 +150 +151 +152 +153 +154 +155 +156 +157 +158 +159 +160 +161 +162 +163 +164 +165 +166 +167 +168 +169 +170 +171 +172 +173 +174 +175 +186 +178 +179 +180 +181 $
>STPN.0321.00076
+1 +193 +261 +3 +4 +5 +6 +7 +8 +9 +10 +11 +12 +14 +15 +16 +17 +18 +19 +20 +21 +22 +23 +24 +25 +26 +27 +194 +29 +30 +31 +33 +34 +35 +215 +36 +37 +38 +39 +40 +41 +187 +188 +189 +42 +43 +44 +45 +46 +47 +48 +49 +50 +51 +52 +53 +54 +55 +56 +57 +58 +196 +59 +60 +61 +62 +63 +64 +65 +66 +67 +68 +69 +70 +71 +72 +73 +74 +75 +76 +77 +78 +79 +80 +81 +82 +83 +85 +86 +87 +88 +89 +90 +91 +92 -207 -206 -263 +93 +95 +283 +96 +97 +98 +99 +100 +101 +102 +103 +104 +105 -184 -183 +106 +107 +198 +199 +108 +109 +110 +111 +112 +113 +114 +116 +117 +118 +119 +120 +121 +122 +123 +124 +125 +126 +127 +128 +129 +130 +131 +132 +133 +134 +135 +136 +137 +138 +139 +140 +141 +211 +212 +142 +222 +144 +145 +146 +147 +148 +149 +150 +151 +152 +153 +154 +182 +155 +156 +157 +158 +159 +160 +161 +162 +163 +164 +165 +166 +167 +168 +169 +170 +171 +172 +173 +174 +175 +186 +178 +179 +180 +181 $
>STPN.0321.00078
+1 +3 +4 +5 +6 +7 +8 +9 +10 +11 +12 +13 +14 +15 +16 +17 +18 +19 +20 +21 +22 +23 +24 +25 +26 +27 +29 +30 +31 +236 +237 +33 +34 +35 +215 +36 +37 +38 +39 +40 +41 +42 +43 +44 +45 +46 +48 +49 +50 +51 +52 +53 +54 +55 +216 +56 +57 +58 +59 +60 +61 +233 +62 +63 +64 +65 +66 +67 +68 +69 +70 +71 +72 +73 +74 +75 +76 +77 +78 +79 +80 +81 +82 +83 +229 +85 +86 +87 +88 +89 +90 +91 +92 -208 +93 +94 +95 +96 +97 +98 +99 +100 +101 +102 +103 +104 +105 +106 +107 +198 +199 +108 +109 +110 +111 +112 +113 +114 +115 +116 +117 +118 +119 +120 +121 +122 +123 +124 +125 +126 +127 +128 +129 +130 +131 +132 +133 +134 +135 +136 +137 +138 +139 +140 +141 +211 +212 +142 +192 +143 +144 +145 +146 +147 +148 +149 +150 +151 +152 +153 +154 +230 +155 +156 +242 +157 +158 +159 +160 +161 +162 +163 +164 +165 +166 +167 +168 +169 +170 +171 +172 +173 +174 +175 +186 +178 +179 +180 +181 $
>STPN.0321.00075
+1 +3 +4 +5 +6 +7 +8 +9 +10 +11 +12 +14 +15 +16 +17 +18 +19 +20 +21 +22 +23 +24 +25 +26 +27 +28 +29 +30 +31 +33 +34 +35 +36 +37 +38 +39 +40 +41 +187 +188 +189 +42 +43 +44 +190 +45 +46 +47 +48 +49 +50 +51 +52 +53 +54 +55 +56 +57 +58 +59 +60 -118 -117 -116 +115 -114 -113 -112 -111 -110 -109 -108 +191 -107 -106 -105 -104 -103 -102 -101 -100 -99 -98 -97 -96 +81 +82 +83 +85 +86 +87 +88 +89 +90 +91 +92 +93 +94 +95 -80 -79 -78 -77 -76 -75 -74 -73 -72 -71 -70 -69 -68 -67 -66 -65 -64 -63 -62 -61 +119 +120 +121 +122 +123 +124 +125 +126 +127 +128 +129 +130 +131 +132 +133 +134 +135 +136 +137 +138 +139 +140 +141 +142 +192 +143 +144 +146 +147 +148 +149 +150 +151 +152 +153 +154 +182 +155 +156 +183 +184 +185 +157 +158 +159 +160 +161 +162 +163 +164 +165 +166 +167 +168 +169 +170 +171 +172 +173 +174 +175 +186 +178 +179 +180 +181 $
>STPN.0321.00040
+1 +3 +4 +5 +6 +7 +8 +9 +10 +11 +12 +14 +15 +16 +17 +18 +19 +20 +21 +22 +23 +24 +25 +26 +27 +29 +30 +31 +225 +226 +33 +34 +35 +215 +36 +37 +38 +39 +40 +41 +42 +43 +44 +45 +46 +47 +48 +49 +50 +51 +52 +53 +54 +55 +216 +56 +57 +58 +59 +60 +61 +233 +62 +63 +64 +65 +66 +67 +68 +69 +70 +71 +72 +73 +74 +75 +76 +77 +78 +79 +80 +81 +82 +83 +229 +85 +86 +87 +88 +89 +90 +91 +92 -208 +93 +94 +95 +96 +97 +98 +99 +100 +101 +102 +103 +104 +105 +106 +107 +198 +199 +284 -272 +206 +207 +183 +184 +108 +109 +110 +111 +112 +113 +114 +115 +116 +117 +118 +119 +120 +121 +122 +123 +124 +125 +126 +127 -261 +128 +129 +130 +131 +132 +133 +134 +135 +136 +137 +138 +139 +140 +141 +211 +212 +142 +192 +143 +144 +145 +146 +147 +148 +149 +150 +151 +152 +153 +154 +155 +156 +242 +157 +158 +159 +160 +161 +162 +163 +164 +165 +166 +167 +168 +169 +170 +171 +172 +173 +174 +175 +186 +178 +179 +180 +181 $
>STPN.0321.00066
+3 +4 +5 +6 +7 +8 +9 +10 +11 +12 +13 +14 +15 +214 +16 +17 +18 +19 +20 +21 +22 +23 +24 +25 +26 +27 +194 +28 +29 +30 +31 +252 +33 +34 +35 +215 +36 +37 +38 +39 +40 +41 +189 +42 +43 +44 +45 +46 +47 +48 +49 +50 +51 +52 +53 +54 +55 +271 +56 +57 +58 +59 +60 +61 +62 +63 +64 +65 +66 +67 +68 +69 +70 +71 +72 +73 +74 +75 +76 +77 +78 +79 +80 -95 -94 -93 -92 -91 -90 -89 -88 -87 -86 -85 -83 -82 -81 +96 +97 +98 +99 +100 +101 +102 +103 +104 +105 +106 +107 -196 +108 +109 +110 +111 +112 +113 +114 +115 +116 +117 +118 +119 +120 +121 +122 +123 +124 +125 +126 +127 +128 +129 +130 -185 +131 +132 +133 +134 +135 +136 +137 +138 +139 +140 +141 +211 +238 +239 +142 +192 +143 +144 +145 +146 +147 +148 +149 +150 +151 +152 +153 +154 +155 +156 +242 +157 +158 +159 +160 +161 +162 +163 +164 +165 +166 +167 +168 +169 +170 +171 +172 +173 +174 +175 +186 +178 +179 +180 +181 +1 $
>STPN.0321.00081
+1 +3 +4 +5 +6 +7 +8 +9 +10 +11 +12 +14 +15 +214 +16 +183 +184 -249 +18 +19 +20 +21 +22 +23 +24 +25 +26 +27 +28 +29 +30 +31 +236 +237 +33 +34 +35 +215 +36 +37 +38 +39 +40 +41 +42 +43 +44 +45 +46 +47 +48 +49 +50 +51 +52 +53 +54 +55 +216 +56 +57 +58 +59 +60 +61 +62 +63 +64 +65 +66 +67 +68 +69 +70 +71 -199 -198 +72 +73 +74 +75 +76 +77 +78 +79 +80 +81 +82 +83 -104 -103 -102 -101 -100 -99 -98 -97 -96 -95 -94 -93 -92 -91 -90 -89 -88 -87 -86 -85 +105 +106 +197 +107 -191 +284 +206 +207 +183 -249 +108 +109 +110 +111 +112 +113 +114 +115 +116 +117 +118 +119 +120 +121 +122 +123 +124 +125 +126 +127 +128 +129 +130 +131 +217 +132 +133 +134 +135 +136 +137 +138 +139 +140 +141 +211 +212 +142 +192 +143 +144 +145 +146 +147 +148 +149 +150 +151 +152 +153 +154 +155 +156 +157 +158 +159 +160 +161 +162 +163 +164 +165 +166 +167 +168 +169 +170 +171 +172 +173 +174 +175 +176 +177 +178 +179 +180 +181 $
>STPN.0321.00080
+1 +3 +4 +5 +6 +278 +7 +8 +9 +10 +11 +12 +14 +15 +16 +17 +18 +19 +20 +21 +22 +23 +24 +25 +26 +27 +29 +30 +31 +33 +34 +35 +215 +36 +37 +38 +39 +40 +41 +189 +42 +43 +44 +45 +46 +47 +48 +49 +50 +51 +52 +53 +54 +55 +56 +57 +58 +59 +60 +61 +62 +63 +64 +65 +66 +67 +68 +69 +70 +71 +72 +73 +74 +75 +76 +77 +78 +79 +80 +81 +82 +83 +204 +85 +86 +87 +88 +89 +90 +91 +92 +93 +94 +95 +96 +97 +98 +99 +100 +101 +102 +103 +104 +105 +106 +107 +198 +199 -184 -183 +244 +206 +207 +108 +109 +110 +111 +112 +113 +114 +116 +117 +118 +119 +120 +121 +122 +123 +124 +125 +126 +127 +128 +129 +130 +131 +132 +133 +134 +135 +136 +137 +138 +139 +140 +200 +141 +142 +222 +144 +145 +146 +147 +148 +149 +150 +151 +152 +153 +154 +155 +156 +157 +158 +159 +160 +161 +162 +163 +164 +165 +166 +167 +168 +169 +170 +171 +172 +173 +174 +175 +176 +177 +178 +179 +180 +181 $
>STPN.0321.00016
+1 +3 +4 +5 +6 +7 +8 +9 +10 +11 +12 +14 +15 +16 +17 +18 +19 +20 +21 +22 +23 +24 +25 +26 +27 +29 +30 +31 +33 +34 +35 +36 +37 +38 +39 +40 +41 +187 +188 +189 +42 +43 +44 +190 +45 +46 +47 +48 +49 +50 +51 +52 +53 +54 +55 +56 +57 +58 +59 +60 -118 -117 -116 +115 -114 -113 -112 -111 -110 -109 -108 +191 -107 -106 -105 -104 -103 -102 -101 -100 -99 -98 -97 -96 -95 -94 -93 -92 -91 -90 -89 -88 -87 -86 -85 -83 -82 -81 -80 -79 -78 -77 -76 -75 -74 -73 -72 -71 -70 -69 -68 -67 -66 -65 -64 -63 -62 -61 +119 +120 +121 +122 +123 +124 +125 +126 +127 +128 +129 +130 +131 +132 +133 +134 +135 +136 +137 +138 +139 +140 +141 +142 +192 +143 +144 +146 +147 +148 +149 +150 +151 +152 +153 +154 +182 +155 +156 +183 +184 +185 +157 +158 +159 +160 +161 +162 +163 +164 +165 +166 +167 +168 +169 +170 +171 +172 +173 +174 +175 +186 +178 +179 +180 +181 $
>STPN.0321.00082
+161 +162 +163 +164 +165 +166 +167 +168 +169 +170 +171 +172 +173 +174 +175 +186 +178 +179 +180 +181 +1 +3 +4 +5 +6 +7 +8 +9 +10 +11 +12 +14 +15 +16 +17 +18 +19 +20 +21 +22 +23 +24 +25 +26 +27 +29 +30 +31 +33 +34 +35 +36 +37 +38 +39 +40 +41 +187 +188 +189 +42 +43 +44 +190 +45 +46 +47 +48 +49 +50 +51 +52 +53 +54 +55 +56 +57 +58 +59 +60 -118 -117 -116 +115 -114 -113 -112 -111 -110 -109 -108 +191 -107 -106 -105 -104 -103 -102 -101 -100 -99 -98 -97 -96 -95 -94 -93 -92 -91 -90 -89 -88 -87 -86 -85 -83 -82 -81 -80 -79 -78 -77 -76 -75 -74 -73 -72 -71 -70 -69 -68 -67 -66 -65 -64 -63 -62 -61 +119 +120 +121 +122 +123 +124 +125 +126 +127 +128 +129 +130 +131 +132 +133 +134 +135 +136 +137 +138 +139 +140 +141 +142 +192 +143 +144 +146 +147 +148 +149 +150 +151 +152 +153 +154 +182 +155 +156 +183 +184 +185 +157 +158 +159 +160 $
>STPN.0321.00018
+138 +139 +140 +141 +211 +212 +142 +192 +143 +144 +146 +147 +148 +149 +150 +151 +152 +153 +154 +182 +155 +156 +157 +158 +159 +160 +161 +162 +163 +164 +165 +166 +167 +168 +169 +170 +171 +172 +173 +174 +175 +186 +178 +179 +180 +181 +1 +3 +4 +5 +6 +7 +8 +9 +10 +11 +12 +13 +14 +15 +214 +16 +17 +18 +19 +20 +21 +22 +23 +24 +25 +26 +27 +28 +29 +30 +31 +268 +33 +34 +35 +36 +37 +38 +39 +40 +41 +42 +43 +44 +45 +46 +47 +48 +49 +50 +51 +52 +53 +54 +55 +216 +56 +57 +58 +59 +60 +61 +62 +63 +64 +65 +66 +67 +68 +69 +70 +71 +72 +73 +74 +75 +76 +77 +78 +79 +80 +81 +82 +83 +84 +85 +86 +87 +88 +89 +90 +91 +92 +93 +94 +95 +96 +97 +98 +99 +100 +101 +102 +103 +104 +105 +106 +197 +107 -196 +108 +109 +110 +111 +112 +113 +114 -115 +116 +117 +118 +119 +120 +121 +122 +123 +124 +125 +126 +127 +128 +129 +130 +131 +217 +132 +133 +134 +135 +136 +137 $
>STPN.0321.00090
+1 +2 +3 +4 +5 +6 +7 +8 +9 +10 +11 +13 +14 +15 +16 +17 +18 +19 +20 +21 +22 +23 +24 +25 +26 +27 +28 +29 +30 +31 +32 +33 +34 +35 +36 +37 +38 +39 +40 +41 +42 +43 +44 +45 +46 +47 +48 +49 +50 +51 +52 +53 +54 +55 +56 +57 +58 +59 +60 +61 +62 +63 +64 +65 +66 +67 +68 +69 +70 +71 +72 +73 +74 +75 +76 +77 +78 +79 +80 +81 +82 +83 +84 +85 +86 +87 +88 +89 +90 +91 +92 +93 +94 +95 +96 +97 +98 +99 +100 +101 +102 +103 +104 +105 +106 +107 +108 +109 +110 +111 +112 +113 +114 +115 +116 +117 +118 +119 +120 +121 +122 +123 +124 +125 +126 +127 +128 +129 +130 +131 +132 +133 +134 +135 +136 +137 +138 +139 +140 +141 +142 +143 +144 +145 +146 +147 +148 +149 +150 +151 +152 +153 +154 +155 +156 +157 +158 +159 +160 +161 +162 +163 +164 +165 +166 +167 +168 +169 +170 +171 +172 +173 +174 +175 +176 +177 +178 +179 +180 +181 $
>STPN.0321.00005
+1 +3 +4 +5 +6 +7 +8 +9 +10 +11 +14 +15 +16 +17 +18 +19 +20 +21 +22 +23 +24 +25 +26 +27 +29 +30 +31 -266 -265 +33 +34 +35 +215 +36 +37 +38 +39 +40 +41 +42 +43 +44 +45 +46 +47 +48 +49 +50 +51 +52 +53 +54 +55 +216 +56 +57 +58 +59 +60 +61 +233 +62 +63 +64 +65 +66 +67 +68 +69 +70 +71 +72 +73 +74 +75 +76 +77 +78 +79 +80 +81 -184 -183 -207 -264 -206 -263 +229 +85 +86 +87 +88 +89 +90 +91 +92 -208 +93 +94 +95 +96 +97 +98 +99 +100 +101 +102 +103 +104 +105 +106 +107 +198 +199 +108 +109 +110 +111 +112 +113 +114 +115 +116 +117 +118 +119 +120 +121 +122 +123 +124 +125 +126 +127 +128 +129 +130 +131 +132 +133 +134 +135 +136 +137 +138 +139 +140 +200 +141 +142 +143 +144 +145 +146 +147 +148 +149 +150 +151 +152 +153 +154 +155 +156 +157 +158 +159 +160 +161 +162 +163 +164 +165 +166 +167 +168 +169 +170 +171 +172 +173 +174 +175 +186 +178 +179 +180 +181 $
>STPN.0321.00035
+1 +3 +4 +5 +6 +7 +8 +9 +10 +11 +12 +13 +14 +15 +16 +17 +18 +19 +20 +21 +22 +23 +24 +25 +26 +27 +28 +29 +30 +31 +240 +33 +34 +35 +215 +36 +37 +38 +39 +40 +41 +189 +42 +43 +44 +45 +46 +47 +48 +49 +50 +51 +52 +53 +54 +55 +56 +57 +58 +59 +60 +61 +62 +63 +64 +65 +66 +67 +68 +69 +70 +71 +72 +73 +74 +75 +76 +77 +78 +79 +80 -95 -94 -93 -92 -91 -90 -89 -88 -87 -86 -85 +241 -83 -82 -81 +96 +97 +98 +99 +100 +101 +102 +103 +104 +105 +106 +107 +209 +210 +108 +109 +110 +111 +112 +113 +114 +115 +116 +117 +118 +119 +120 +121 +122 +123 +124 +125 +126 +127 +128 +129 +130 +131 +132 +133 +134 +135 +136 +137 +138 +139 +140 +141 +142 +222 +144 +146 +147 +148 +149 +150 +151 +152 +153 +154 +155 +156 +242 +157 +158 +159 +160 +161 +162 +163 +164 +165 +166 +167 +168 +169 +170 +171 +172 +173 +174 +175 +186 +178 +179 +180 +181 $
>STPN.0321.00015
+1 +3 +4 +5 +6 +7 +8 +9 +10 +11 +12 +13 +14 +15 +16 +17 +18 +19 +20 +21 +22 +23 +24 +25 +26 +27 +28 +29 +30 +31 +240 +33 +34 +35 +215 +36 +37 +38 +39 +40 +41 +189 +42 +43 +44 +45 +46 +47 +48 +49 +50 +51 +52 +53 +54 +55 +56 +57 +58 +59 +60 +61 +62 +63 +64 +65 +66 +67 +68 +69 +70 +71 +72 +73 +74 +75 +76 +77 +78 +79 +80 +81 +82 +83 -241 +85 +86 +87 +88 +89 +90 +91 +92 +93 +94 +95 +96 +97 +98 +99 +100 +101 +102 +103 +104 +105 +106 +107 +209 +210 +108 +109 +110 +111 +112 +113 +114 +115 +116 +117 +118 +119 +120 +121 +122 +123 +124 +125 +126 +127 +128 +129 +130 +131 +132 +133 +134 +135 +136 +137 +138 +139 +140 +141 +142 +222 +144 +146 +147 +148 +149 +150 +151 +152 +153 +154 +155 +156 +242 +157 +158 +159 +160 +161 +162 +163 +164 +165 +166 +167 +168 +169 +170 +171 +172 +173 +174 +175 +186 +178 +179 +180 +181 $
>STPN.0321.00014
+1 +3 +4 +5 +6 +7 +8 +9 +10 +11 +13 +14 +15 +16 +17 +234 +18 +19 +20 +21 +22 +23 +24 +25 +26 +27 +28 +29 +30 +31 +269 +270 +33 +34 +35 +215 +36 +37 +38 +39 +40 +41 +189 +42 +43 +44 +45 +46 +47 +48 +49 +50 +51 +52 +53 +54 +55 +271 +56 +57 +58 +59 +60 +61 +62 +63 +64 +65 +66 +67 +68 +69 +70 +71 +72 +73 +74 +75 +76 +77 +78 +79 +80 +81 +82 +83 +85 +86 +87 +88 +89 +90 +91 +92 -207 +183 +184 -206 -205 +93 +94 +95 +96 +97 +98 +99 +100 +101 +102 +103 +104 +105 +106 +107 +198 +199 +108 +109 +110 +111 +112 +113 +114 +115 +116 +117 +118 +119 +120 +121 +122 +123 +124 +125 +126 +127 +128 +129 +130 +131 +132 +133 +134 +135 +136 +137 +138 +139 +140 +141 +142 +192 +143 +144 +145 +146 +147 +148 +149 +150 +151 +152 +153 +154 +155 +156 +157 +158 +159 +160 +161 +162 +163 +164 +165 +166 +167 +168 +169 +170 +171 +172 +173 +174 +175 +176 +177 +178 +179 +180 +181 $
>STPN.0321.00029
-129 -128 -127 -126 -125 -124 -123 -122 -121 -120 -119 -118 -117 -116 -115 -114 -113 -112 -111 -110 -109 -108 -210 -209 -107 -106 -105 -104 -103 -102 -101 -100 -99 -98 -97 -96 -95 -94 -93 +205 +206 +207 +183 +184 +208 -92 -91 -90 -89 -88 -87 -86 -85 -204 -83 -82 -81 -80 -79 -78 -77 -76 -75 -74 -73 -72 -71 -70 -69 -68 -67 -66 -65 -64 -63 -62 -61 -60 -59 -58 -57 -56 -203 -55 -54 -53 -52 -51 -50 -49 -48 -47 -46 -45 -44 -43 -42 -189 -41 -40 -39 -38 -37 -36 -35 -34 -33 -202 -31 -30 -29 -27 -26 -25 -24 -23 -22 -21 -20 -19 -18 -17 -16 -15 -14 -12 -11 -10 -9 -8 -7 -6 -5 -4 -3 -2 -1 -181 -180 -179 -178 -186 -175 -174 -173 -172 -171 -170 -169 -168 -167 -166 -165 -164 -163 -162 -161 -160 -159 -158 -157 -156 -155 -154 -153 -152 -151 -150 -149 -148 -147 -146 -145 -144 -222 -142 -141 -200 -140 -139 -138 -137 -136 -135 -134 -133 -132 -131 -130 $
>STPN.0321.00024
+1 +3 +4 +5 +6 +7 +8 +9 +10 +11 +12 +13 +14 +15 +16 +17 +234 +18 +19 +20 +21 +22 +23 +24 +25 +26 +27 +28 +29 +30 +31 +269 +270 +33 +34 +35 +215 +36 +37 +38 +39 +40 +41 +42 +43 +44 +45 +46 +47 +48 +49 +50 +51 +52 +53 +54 +55 +267 +56 +57 +58 +59 +60 +61 +62 +63 +64 +65 +66 +67 +68 +69 +70 +71 +72 +73 +74 +75 +76 +77 +78 +79 +80 -95 -94 -93 +205 -83 -82 -81 +96 +251 +97 -87 -86 -85 +206 -184 -183 +207 -92 -91 -90 -89 -88 +98 +99 +100 +101 +102 +103 +104 +105 +106 +107 +209 +210 +108 +109 +110 +111 +112 +113 +114 +115 +116 +117 +118 +119 +120 +121 +122 +123 +124 +125 +126 +127 +128 +129 +130 +131 +132 +133 +134 +135 +136 +137 +138 +139 +140 +141 +142 +143 +144 +145 +146 +147 +148 +149 +150 +151 +152 +153 +154 +155 +156 +157 +158 +159 +160 +161 +162 +163 +164 +165 +166 +167 +168 +169 +170 +171 +172 +173 +174 +175 +176 +177 +178 +179 +180 +181 $
>STPN.0321.00023
+1 +3 +4 +5 +6 +7 +8 +9 +10 +11 +12 +14 +15 +16 +17 +18 +19 +20 +21 +22 +23 +24 +25 +26 +27 +28 +29 +30 +31 +32 +33 +34 +35 +36 +37 +38 +39 +40 +41 +189 +42 +43 +44 +45 +46 +47 +48 +49 +50 +51 +52 +53 +54 +55 +56 +57 +58 +59 +60 +61 +62 +63 +64 +65 +66 +67 +68 +69 +70 +71 +72 +73 +74 +75 +76 +77 +78 +79 +80 +81 +82 +83 +84 +85 +86 +87 +88 +89 +90 +91 +92 -207 +249 -184 -183 -206 -205 +93 +94 +95 +96 +97 +98 +99 +100 +101 +102 +103 +104 +105 +106 +107 +108 +109 +110 +111 +112 +113 +114 +115 +116 +117 +118 +119 +120 +121 +122 +123 +124 +125 +126 +127 +128 +129 +130 +131 +132 +133 +134 +135 +136 +137 +138 +139 +140 +141 +142 +143 +144 +146 +147 +148 +149 +150 +151 +152 +153 +154 +182 +155 +156 +157 +158 +159 +160 +161 +162 +163 +164 +165 +166 +167 +168 +169 +170 +171 +172 +173 +174 +175 +186 +178 +179 +180 +181 $
>STPN.0321.00025
+1 +261 +3 +4 +5 +6 +7 +8 +9 +10 +11 +12 +14 +15 +16 +17 +234 +18 +19 +20 +21 +22 +23 +24 +25 +26 +27 +194 +29 +30 +31 +33 +34 +35 +215 +36 +37 +38 +39 +40 +41 +187 +188 +42 +43 +44 +45 +46 +47 +48 +49 +50 +51 +52 +53 +54 +55 +56 +57 +58 +196 +59 +60 +61 +62 +63 +64 +65 +66 +67 +68 +69 +70 +71 +72 +73 +74 +75 +76 +77 +78 +79 +80 +81 +82 +83 +85 +86 +87 +88 +89 +90 +91 +92 -207 -206 -246 -243 +93 +94 +95 +96 +97 +98 +99 +100 +101 +102 +103 +104 +105 +106 +107 +108 +109 +110 +111 +112 +113 +114 +116 +117 +118 +119 +120 +121 +122 +123 +124 +125 +126 +127 +128 +129 +130 +131 +132 +133 +134 +135 +136 +137 +138 +139 +140 +141 +211 +238 +239 +142 +143 +144 +145 +146 +147 +148 +149 +150 +151 +152 +153 +154 +155 +156 +157 +158 +159 +160 +161 +162 +163 +164 +165 +166 +167 +168 +169 +170 +171 +172 +173 +174 +175 +186 +178 +179 +180 +181 $
>STPN.0321.00010
+1 +3 +4 +5 +6 +278 +7 +8 +9 +10 +11 +12 +14 +15 +16 +17 +234 +18 +19 +20 +21 +22 +23 +24 +25 +26 +27 +28 +29 +30 +31 +279 +270 +33 +34 +35 +215 +36 +37 +38 +39 +40 +41 +187 +188 +189 +42 +43 +44 +45 +46 +47 +48 +49 +50 +51 +52 +53 +54 +55 +267 +56 +57 +58 +59 +60 +61 +62 +63 +64 +65 +66 +67 +68 +69 +70 +71 +72 +73 +74 +75 +76 +77 +78 +79 +80 +81 +82 +83 -243 +85 +86 +87 +88 +89 +90 +91 +92 +93 +94 +95 +96 +97 +98 +99 +100 +101 +102 +103 +104 +105 +106 -280 +107 +198 +199 +108 +109 +110 +111 +112 +113 +114 +115 +116 +117 +118 +119 +120 +121 +122 +123 +124 +125 +126 +127 +128 +129 +130 +131 +132 +133 +134 +135 +136 +137 +138 +139 +140 +141 +211 +212 +142 +280 +222 +144 +145 +146 +147 +148 +149 +150 +151 +152 +153 +154 +155 +156 +242 +157 +158 +159 +160 +161 +162 +163 +164 +165 +166 +167 +168 +169 +170 +171 +172 +173 +174 +175 +186 +178 +179 +180 +181 $
>STPN.0321.00020
-43 -42 -188 -187 -41 -40 -39 -38 -37 -36 -215 -35 -34 -33 -252 -31 -30 -29 -194 -27 -26 -25 -24 -23 -22 -21 -20 -19 -18 -234 -17 -16 -15 -14 -12 -11 -10 -9 -8 -7 -6 -5 -4 -3 -1 -181 -180 -179 -178 -186 -175 -174 -173 -172 -171 -170 -169 -168 -167 -166 -165 -164 -163 -162 -161 -160 -159 -158 -157 -156 -155 -154 -153 -152 -151 -150 -149 -148 -147 -146 -145 -144 -143 -142 -239 -238 -211 -141 -140 -139 -138 -137 -136 -135 -134 -133 -132 -131 -130 -129 -128 -127 -126 -125 -124 -123 -122 -121 -120 -119 -118 -117 -116 -114 -113 -112 -111 -110 -109 -108 -107 -106 -105 -104 -103 -102 -101 -100 -99 -98 -97 -96 -95 -94 -93 +243 +246 +206 +207 -92 -91 -90 -89 -88 -87 -86 -85 -83 -82 -81 -80 -79 -78 -77 -76 -75 -74 -73 -72 -71 -70 -69 -68 -67 -66 -65 -64 -63 -62 -61 -60 -59 -196 -58 -57 -56 -55 -54 -53 -52 -51 -50 -49 -48 -47 -46 -45 -44 $
>STPN.0321.00070
+1 +3 +4 +5 +6 +278 +7 +8 +9 +10 +11 +12 +14 +15 +16 +17 +234 +18 +19 +20 +21 +22 +23 +24 +25 +26 +27 +28 +29 +30 +31 +279 +270 +33 +34 +35 +215 +36 +37 +38 +39 +40 +41 +187 +188 +189 +42 +43 +44 +45 +46 +47 +48 +49 +50 +51 +52 +53 +54 +55 +267 +56 +57 +58 +59 +60 +61 +62 +63 +64 +65 +66 +67 +68 +69 +70 +71 +72 +73 +74 +75 +76 +77 +78 +79 +80 +81 +82 +83 -243 +85 +86 +87 +88 +89 +90 +91 +221 +92 +93 +94 +95 +96 +97 +98 +99 +100 +101 +102 +103 +104 +105 +106 +107 +198 +199 +108 +109 +110 +111 +112 +113 +114 +115 +116 +117 +118 +119 +120 +121 +122 +123 +124 +125 +126 +127 +128 +129 +130 +131 +132 +133 +134 +135 +136 +137 +138 +139 +140 +141 +211 +212 +142 +143 +144 +146 +147 +148 +149 +150 +151 +152 +153 +154 +155 +156 +242 +157 +158 +159 +160 +161 +162 +163 +164 +165 +166 +167 +168 +169 +170 +171 +172 +173 +174 +175 +186 +178 +179 +180 +181 $
>STPN.0321.00006
-43 -42 -189 -41 -40 -39 -38 -37 -36 -35 -34 -33 -202 -31 -30 -29 -28 -27 -26 -25 -24 -23 -22 -21 -20 -19 -18 -17 -16 -15 -14 -12 -11 -10 -9 -8 -7 -6 -5 -4 -3 -2 -1 -181 -180 -179 -178 -177 -176 -175 -174 -173 -172 -171 -170 -169 -168 -167 -166 -165 -164 -163 -162 -161 -160 -159 -158 -157 -156 -155 -154 -153 -152 -151 -150 -149 -148 -147 -146 -145 -144 -143 -192 -142 -213 -212 -211 -141 -140 -139 -138 -137 -136 -135 -134 -133 -132 -131 -130 -129 -128 -127 -126 -125 -124 -123 -122 -121 -120 -119 -118 -117 -116 -115 -114 -113 -112 -111 -110 -109 -108 -210 -209 -107 -106 -105 -104 -103 -102 -101 -100 -99 -98 +88 +89 +90 +91 +92 -208 +93 +285 +94 +95 +96 +97 -87 -86 -85 -204 -83 -82 -81 -80 -79 -78 -77 -76 -75 -74 -73 -72 -71 -70 -69 -68 -67 -66 -65 -64 -63 -62 -61 -60 -59 -58 -57 -56 -203 -55 -54 -53 -52 -51 -50 -49 -48 -47 -46 -45 -44 $
>STPN.0321.00041
+1 +3 +4 +5 +6 +7 +8 +9 +10 +11 +12 +14 +16 +17 +19 +20 +21 +22 +23 +24 +25 +26 +27 +28 +29 +30 +31 +33 +34 +35 +36 +37 +38 +39 +40 +41 +42 +43 +44 -140 -139 -138 -137 -136 -135 -134 -133 +58 +59 +60 -118 -117 -116 +115 -114 -113 -112 -111 -110 -109 -108 +191 -107 -106 -105 -104 -103 -102 -101 -100 -99 -98 -97 -96 +81 +82 +83 +85 +86 +87 +88 +89 +90 +91 +92 +93 +94 +95 -80 -79 -78 -77 -76 -75 -74 -73 -72 -71 -70 -69 -68 -67 -66 -65 -64 -63 -62 -61 +119 +120 +121 +122 +123 +124 +125 +126 +127 +128 +129 +130 +131 +132 -57 -56 -55 -54 -53 -52 -51 -50 -49 -48 -47 -46 -45 -190 +141 +142 +192 +143 +144 +146 +147 +148 +149 +150 +151 +152 +153 +154 +182 +155 +156 +183 +184 -249 +157 +158 +159 +160 +161 +162 +163 +164 +165 +166 +167 +168 +169 +170 +171 +172 +173 +174 +175 +176 +177 +178 +179 +180 +181 $
>STPN.0321.00004
+1 +3 +4 +5 +6 +278 +7 +8 +9 +10 +11 +13 +14 +16 +17 +18 +19 +20 +21 +22 +215 +23 +24 +25 +26 +27 +29 +30 +31 +34 +35 +36 +37 +38 +39 +40 +41 +42 +43 +44 +45 +46 +47 +48 +49 +50 +51 +52 +277 +286 +286 +286 +286 +53 +55 +56 +57 +58 +59 +60 +61 +62 +63 +64 -118 -117 -116 +287 -114 -113 -112 -111 -110 -109 -108 +183 +184 -207 +229 -107 -197 -106 -105 -104 -103 -102 -101 -100 -99 -98 -97 -96 -283 -95 -94 -93 -92 -91 -90 -89 -88 -87 -86 -85 -253 -83 -81 -80 -79 -78 -77 -76 -281 -75 -74 -73 -72 -71 -70 -69 -68 -67 -66 -65 +119 +120 +121 +122 +123 +124 +125 +126 +127 +230 +231 +128 +129 +130 +131 +132 +133 +134 +135 +136 +137 +138 +139 +140 +141 +142 +144 +146 +147 +148 +149 +150 +151 +152 +153 +154 +155 +156 +157 +158 +159 +160 +161 +162 +163 +164 +165 +166 +167 +168 +169 +170 +171 +172 +173 +174 +178 +179 +180 +181 $
>STPN.0321.00063
+193 +3 +4 +5 +6 +7 +8 +9 +10 +11 +12 +13 +14 +15 +16 +17 +18 +19 +20 +21 +22 +23 +24 +25 +26 +27 +223 +219 +28 +29 +30 +31 +252 +33 +34 +35 +215 +36 +37 +38 +39 +40 +41 +187 +188 +42 +43 +44 +45 +46 +47 +48 +49 +50 +51 +52 +53 +54 +55 +56 +57 +58 +59 +60 +61 +62 +63 +64 +65 +66 +67 +68 +69 +70 +71 +72 +73 +74 +75 +76 +77 +78 +79 +80 +81 +82 +83 +85 +86 +87 +88 +89 +90 +91 +245 -244 -243 +93 +94 +95 +96 +97 +98 +99 +100 +101 +102 +103 +104 +105 +106 +107 +198 +199 +108 -184 -183 +206 +207 -92 +109 +110 +111 +112 +113 +114 -287 +116 +117 +118 +119 +120 +121 +122 +123 +124 +125 +126 +127 +128 +129 +130 +131 +132 +133 +134 +135 +136 +137 +138 +139 +140 +141 +142 +222 +144 +145 +146 +147 +148 +149 +150 +151 +152 +153 +154 +182 +156 +157 +158 +159 +160 +161 +162 +163 +164 +165 +166 +167 +168 +169 +170 +171 +172 +173 +174 +175 +176 +177 +178 +179 +180 +181 +1 $
>STPN.0321.00007
+1 +3 +4 +5 +6 +7 +8 +9 +10 +11 +12 +13 +14 +15 +16 +17 +18 +19 +20 +21 +22 +23 +24 +25 +26 +27 +29 +30 +31 -266 -265 +33 +34 +35 +215 +36 +37 +38 +39 +40 +41 +42 +43 +44 +45 +46 +47 +48 +49 +50 +51 +52 +53 +54 +55 +216 +56 +57 +58 +59 +60 +61 +233 +62 +63 +64 +65 +66 +67 +68 +69 +70 +71 +72 +73 +74 +75 +76 +77 +78 +79 +80 +81 -184 -183 -207 -264 -206 -263 -262 +82 +83 +229 +85 +86 +87 +88 +89 +90 +91 +92 -208 +93 +94 +95 +96 +97 +98 +99 +100 +101 +102 +103 +104 +105 +106 +107 +198 +199 +108 +109 +110 +111 +112 +113 +114 +115 +116 +117 +118 +119 +120 +121 +122 +123 +124 +125 +126 +127 +128 +129 +130 +131 +132 +133 +134 +135 +136 +137 +138 +139 +140 +200 +141 +142 +143 +144 +145 +146 +147 +148 +149 +150 +151 +152 +153 +154 +155 +156 +157 +158 +159 +160 +161 +162 +163 +164 +165 +166 +167 +168 +169 +170 +171 +172 +173 +174 +175 +186 +178 +179 +180 +181 $
>STPN.0321.00039
+1 +3 +4 +5 +6 +7 +8 +9 +10 +11 +12 +13 +14 +15 +16 +17 +19 +20 +21 +22 +23 +24 +25 +26 +27 +29 +30 +31 +236 +226 +33 +34 +35 +36 +37 +38 +39 +40 +41 +42 +43 +44 +45 +46 +47 +48 +49 +50 +51 +52 +53 +54 +55 +267 +56 +57 +58 +59 +60 +61 +233 +62 +63 +64 +65 +66 +67 +68 +69 +70 +71 +72 +73 +74 +75 +76 +77 +78 +79 +80 +81 +85 +86 +87 +88 +89 +90 +91 +92 +93 +94 +95 +96 +97 +98 +99 +100 +101 +102 +103 +104 +105 +106 +107 +183 +184 -249 +108 +109 +110 +111 +112 +113 +114 +115 +116 +117 +118 +119 +120 +121 +122 +123 +124 +125 +126 +127 +230 +231 +128 +129 +130 +131 +132 +133 +134 +135 +136 +137 +138 +139 +140 +141 +142 +143 +144 +145 +146 +147 +148 +149 +150 +151 +152 +153 +154 +182 +156 +157 +158 +159 +160 +161 +162 +163 +164 +165 +166 +167 +168 +169 +170 +171 +172 +173 +174 +175 +186 +178 +179 +180 +181 $
>STPN.0321.00011
+1 +2 +3 +4 +5 +6 +7 +8 +9 +10 +11 +12 +14 +15 +16 +17 +18 +19 +20 +21 +22 +23 +24 +25 +26 +27 +28 +29 +30 +31 +202 +33 +34 +35 +36 +37 +38 +39 +40 +41 +189 +42 +43 +44 +45 +46 +47 +48 +49 +50 +51 +52 +53 +54 +55 +203 +56 +57 +58 +59 +60 +61 +62 +63 +64 +65 +66 +67 +68 +69 +70 +71 +72 +73 +74 +75 +76 +77 +78 +79 +80 +81 -207 -184 -183 -206 +82 +83 +204 +85 +86 +87 +88 +89 +90 +91 +92 -208 +93 +285 +94 +95 +96 +97 +98 +99 +100 +101 +102 +103 +104 +105 +106 +107 +209 +210 +108 +109 +110 +111 +112 +113 +114 +116 +117 +118 +119 +120 +121 +122 +123 +124 +125 +126 +127 +128 +129 +130 +131 +132 +133 +134 +135 +136 +137 +138 +139 +140 +141 +142 +222 +144 +145 +146 +147 +148 +149 +150 +151 +152 +153 +154 +155 +156 +157 +158 +159 +160 +161 +162 +163 +164 +165 +166 +167 +168 +169 +170 +171 +172 +173 +174 +175 +176 +177 +178 +179 +180 +181 $
>STPN.0321.00002
+1 +2 +261 +3 +4 +5 +6 +7 +8 +9 +10 +11 +12 +14 +15 +16 +17 +18 +19 +20 +21 +22 +23 +24 +25 +26 +27 +28 +29 +30 +31 +33 +34 +35 +36 +37 +38 +39 +40 +41 +42 +43 +44 +45 +46 +47 +48 +49 +50 +51 +52 +53 +54 +55 +56 +57 +58 +196 +59 +60 +61 +62 +63 +64 +65 +66 +67 +68 +69 +70 +71 +72 +73 +74 +75 +76 +77 +78 +79 +80 +81 +82 +83 +85 +86 +87 +88 +89 +90 +91 +92 +93 +94 +95 +96 +97 +98 +99 +100 +101 +102 +103 +104 +105 +106 +107 +198 +199 +108 +109 +110 +111 +112 +113 +114 +116 +117 +118 +119 +120 +121 +122 +123 +124 +125 +126 +127 +230 +128 +129 +130 +131 +132 +133 +134 +135 +136 +137 +138 +139 +140 +141 +211 +212 +142 +222 +144 +145 +146 +147 +148 +149 +150 +151 +152 +153 +154 +182 +155 +156 +157 +158 +159 +160 +161 +162 +163 +164 +165 +166 +167 +168 +169 +170 +171 +172 +173 +174 +175 +176 +177 +178 +179 +180 +181 $
>STPN.0321.00009
+1 +3 +4 +5 +6 +7 +8 +9 +10 +11 +12 +13 +14 +15 +16 +17 +18 +19 +20 +21 +22 +23 +24 +25 +26 +27 +28 +29 +30 +31 +32 +33 +34 +35 +215 +36 +37 +38 +39 +40 +41 +42 +43 +44 +45 +46 +47 +48 +49 +50 +51 +52 +53 +54 +55 +56 +57 +58 +59 +60 +61 +62 +63 +64 +65 +66 +67 +68 +69 +70 +71 +72 +73 +74 +75 +76 +77 +78 +79 +81 +82 +83 +229 +85 +86 +87 +88 +89 +90 +91 +92 +93 +94 +95 -80 +96 +97 +98 +99 +100 +101 -282 +102 +103 +104 +105 +106 +107 -191 +108 +109 +110 +111 +112 +113 +114 +115 +116 +117 +118 +119 +120 +121 +122 +123 +124 +125 +126 +127 +128 +129 +130 +131 +132 +133 +134 +135 +136 +137 +138 +139 +140 +141 +142 +143 +144 +146 +147 +148 +149 +150 +151 +152 +153 +154 +155 +156 +157 +158 +159 +160 +161 +162 +163 +164 +165 +166 +167 +168 +169 +170 +171 +172 +173 +174 +175 +186 +178 +179 +180 +181 +182 $
