18	1
7	1
67	1
20	2
4	5
21	5
6	8
5	12
22	149
9	8
2	19
3	15
8	12
10	9
17	2
11	2
12	1
13	1
15	1
16	2
--------------------------------------------------------------------------------
LEPN.0521.00013	82.5671
LEPN.0521.00020	81.6186
LEPN.0521.00012	82.577
LEPN.0521.00021	82.7555
LEPN.0521.00015	79.0906
LEPN.0521.00016	78.4163
LEPN.0521.00003	80.8361
LEPN.0521.00011	81.097
LEPN.0521.00014	82.5078
LEPN.0521.00005	79.9828
LEPN.0521.00004	81.1091
LEPN.0521.00008	82.4846
LEPN.0521.00022	81.7035
LEPN.0521.00017	82.3136
LEPN.0521.00018	81.6304
LEPN.0521.00010	82.291
LEPN.0521.00001	78.1164
LEPN.0521.00019	82.645
LEPN.0521.00007	82.291
LEPN.0521.00006	82.2522
LEPN.0521.00002	82.9542
LEPN.0521.00009	82.291
