>LEPN.0521.00005
+1 +2 +3 +4 +5 +6 +7 +8 +9 +10 +11 +12 +13 +14 +15 +16 +17 +18 +19 +20 +21 +22 +23 +24 +25 +26 +27 +28 +29 +30 +31 +32 +33 +23 +34 +35 +36 +37 +38 +39 +40 +41 +42 +43 +44 +45 +46 +47 +48 +49 +50 +51 +52 +53 +54 +55 +56 +57 +58 +59 +60 +61 +62 +63 +64 +65 +66 +67 +68 +69 +70 +71 +72 +73 +74 +75 +76 +77 +78 +79 +80 +81 +82 +83 +84 +85 +86 +87 +88 +89 +90 +91 +92 +93 +94 +95 +96 +97 +98 +99 +100 +101 +102 +103 +104 +105 +106 +107 +108 +109 +110 +111 +112 +113 +114 +115 +116 +117 +118 +119 +120 +121 +122 +123 +124 +125 +126 +127 +128 +129 +130 +131 +132 +133 +134 +135 +136 +137 +138 +139 +140 +141 +142 +143 +144 +145 +146 +147 +148 +149 +150 +151 +152 -23 +153 +154 +155 +156 +157 +158 +159 +160 +161 +162 +163 +164 +165 +166 +167 +168 +169 +170 $
>LEPN.0521.00004
+1 +2 +3 +4 +5 +6 +7 +8 +171 +172 +173 +10 +11 +12 +13 +14 -15 +16 +17 +18 +19 +20 +21 +22 +23 +24 +25 +26 +27 +28 +29 +30 +31 +32 +33 +23 +34 +35 +36 +37 +38 +39 +40 +41 +42 +43 +44 +45 +174 +49 +50 +51 +52 +53 +54 +55 +56 +175 +176 +177 +57 +178 +179 +62 +63 +64 +65 +66 +67 +68 +69 +70 +71 +73 +180 +74 +75 +76 +77 +78 +79 +80 +181 +81 +82 +83 +84 +85 +86 +87 +182 +88 +89 +90 +91 +92 +93 +94 +95 +96 +97 +98 +99 +100 +101 +102 +103 +104 +105 +106 +183 +107 +108 +109 +110 +111 +112 +113 +114 +115 +116 +117 +184 -58 +185 +186 +187 +188 +189 +190 +118 +119 +120 +121 +122 +123 +124 +125 +126 +127 +128 +129 +130 +184 +191 +186 +192 +193 +194 +195 +132 +133 +134 +135 +136 +137 +138 +139 +196 +197 +140 +141 +142 +143 +144 +145 +146 +147 +148 +149 +150 +151 +152 -23 +153 +154 +155 +156 +157 +198 +159 +160 +161 +162 +163 +199 +164 +165 +166 +167 +168 +200 +169 +170 $
>LEPN.0521.00011
+1 +2 +3 +4 +201 +5 +6 +7 +8 +171 +172 +202 +203 +10 +11 +12 +13 +14 +15 +16 +17 +18 +19 +20 +21 +22 +23 +24 +25 +26 +27 +28 +29 +30 +31 +32 +33 +23 +34 +35 +36 +37 +38 +39 +204 +205 +40 +41 +42 +43 +44 +45 +174 +49 +50 +51 +52 +53 +54 +55 +56 +206 +62 +63 +64 +65 +66 +67 +68 +69 +207 +70 +71 +72 +73 +74 +75 +76 +77 +78 +79 +80 +81 +82 +83 +84 +85 +86 +87 +88 +89 +90 +91 +92 +93 +94 +95 +96 +97 +98 +99 +100 +101 +102 +103 +104 +105 +106 +107 +208 +209 +109 +110 +111 +112 +210 +113 +114 +115 +116 +117 +118 +119 +120 +121 +122 +123 +124 +125 +126 +127 +128 +129 +130 +211 +60 +212 +213 +61 +214 +215 +216 +131 +132 +133 +134 +135 +136 +137 +217 +139 +197 +140 +141 +142 +143 +144 +145 +146 +147 +148 +149 +218 -57 +60 +61 +219 +150 +151 +152 -23 +153 +154 +155 +156 +157 +159 +160 +161 +162 +163 +220 +164 +165 +166 +167 +168 +169 +170 $
>LEPN.0521.00003
+1 +2 +3 +4 +5 +6 +7 +8 +171 +172 +171 +172 +173 +10 +11 +12 +13 +14 -15 +16 +17 +18 +19 +20 +21 +22 +23 +24 +25 +26 +27 +28 +29 +30 +31 +32 +33 +23 +34 +35 +36 +37 +38 +39 +40 +41 +42 +43 +44 +45 +174 +49 +50 +51 +52 +53 +54 +55 +56 +175 +176 +177 +57 +178 +179 +62 +63 +64 +65 +66 +67 +68 +69 +70 +71 +73 +180 +74 +75 +76 +77 +78 +79 +80 +181 +81 +82 +83 +84 +85 +86 +87 +182 +88 +89 +90 +91 +92 +93 +94 +95 +96 +97 +98 +99 +100 +101 +102 +103 +104 +105 +106 +183 +107 +108 +109 +110 +111 +112 +113 +114 +115 +116 +117 +184 -58 +185 +186 +187 +188 +189 +190 +118 +119 +120 +121 +122 +123 +124 +125 +126 +127 +128 +129 +130 +184 +191 +186 +192 +193 +194 +195 +132 +133 +134 +135 +136 +137 +138 +139 +196 +197 +140 +141 +142 +143 +144 +145 +146 +147 +148 +149 +150 +151 +152 -23 +153 +154 +155 +156 +157 +198 +159 +160 +161 +162 +163 +199 +164 +165 +166 +167 +168 +200 +169 +170 $
>LEPN.0521.00014
+1 +2 +3 +4 +201 +5 +6 +7 +8 +171 +172 +202 +203 +10 +11 +12 +13 +14 +15 +16 +17 +18 +19 +20 +21 +22 +23 +24 +25 +26 +27 +28 +29 +30 +31 +32 +33 +23 +34 +35 +36 +37 +38 +39 +204 +205 +40 +41 +42 +43 +44 +45 +174 +49 +50 +51 +52 +53 +54 +55 +56 +206 +62 +63 +64 +65 +66 +67 +68 +69 +207 +70 +71 +72 +73 +74 +75 +76 +77 +78 +79 +80 +81 +82 +83 +84 +85 +86 +87 +88 +89 +90 +91 +92 +93 +94 +95 +96 +97 +98 +99 +100 +101 +102 +103 +104 +105 +106 +107 +209 +109 +110 +111 +112 +210 +113 +114 +115 +116 +117 +221 +222 +223 +224 +225 +118 +119 +120 +121 +122 +123 +124 +125 +126 +127 +128 +129 +130 +216 +131 +132 +133 +134 +135 +136 +137 +217 +139 +197 +140 +141 +142 +143 +144 +145 +146 +147 +148 +149 +218 -57 +60 +61 +219 +150 +151 +152 -23 +153 +154 +155 +156 +157 +159 +160 +161 +162 +163 +220 +164 +165 +166 +167 +168 +169 +170 $
>LEPN.0521.00022
+1 +2 +3 +4 +5 +6 +7 -8 +203 +10 +11 +12 +13 +14 +15 +16 +17 +18 +19 +20 +21 +22 +23 +24 +25 +26 +27 +28 +29 +30 +31 +32 +33 +23 +34 +35 +36 +37 +38 +39 +40 +41 +42 +43 +44 +45 +174 +49 +50 +51 +52 +53 +54 +55 +56 +57 +226 -214 -61 -213 -212 -60 +227 -208 +228 +229 +179 +62 +63 +64 +65 +66 +67 +68 +69 +70 +71 +73 +74 +75 +76 +77 +78 +79 +80 +81 +82 +83 +84 +85 +86 +87 +182 +88 +89 +90 +91 +92 +93 +94 +95 +96 +97 +98 +99 +100 +101 +102 +103 +104 +105 +106 +107 +108 +109 +110 +111 +112 +113 +230 +114 +115 +116 +117 +211 +231 +232 +233 +215 +234 +235 +190 +118 +119 +120 +121 +122 +123 +124 +125 +126 +127 +128 +129 +130 +184 +236 +186 +192 +193 +237 +195 +132 +133 +134 +135 +136 +137 +138 +139 +196 +197 +140 +141 +142 +143 +144 +145 +146 +147 +148 +149 +238 +150 +151 +152 -23 +153 +154 +155 +156 +157 +158 +198 +159 +160 +161 +162 +163 +239 +164 +165 +240 +167 +168 +169 +170 $
>LEPN.0521.00017
+1 +2 +3 +4 +201 +5 +6 +7 +8 +171 +172 +202 +203 +10 +11 +12 +13 +14 +15 +16 +17 +18 +19 +20 +21 +22 +23 +24 +25 +26 +27 +28 +29 +30 +31 +32 +33 +23 +34 +35 +36 +37 +38 +39 +204 +205 +40 +41 +42 +43 +44 +45 +46 +47 +49 +50 +51 +52 +53 +54 +55 +56 +206 +62 +63 +64 +65 +66 +67 +68 +69 +207 +70 +71 +72 +73 +74 +75 +76 +77 +78 +79 +80 +81 +82 +83 +84 +85 +86 +87 +88 +89 +90 +91 +92 +93 +94 +95 +96 +97 +98 +99 +100 +101 +102 +103 +104 +105 +106 +107 +209 +109 +110 +111 +112 +210 +113 +114 +115 +116 +117 +221 +222 +223 +224 +225 +118 +119 +120 +121 +122 +123 +124 +125 +126 +127 +128 +129 +130 +216 +131 +132 +133 +134 +135 +136 +137 +217 +139 +197 +140 +141 +142 +143 +144 +145 +146 +147 +148 +149 +218 -57 +60 +61 +219 +150 +151 +152 -23 +153 +154 +155 +156 +157 +159 +160 +161 +162 +163 +220 +164 +165 +166 +167 +168 +169 +170 $
>LEPN.0521.00008
+1 +2 +3 +4 +5 +6 +7 +8 +203 +9 +10 +11 +12 +13 +14 +15 +16 +17 +18 +19 +20 +21 +22 +23 +24 +25 +26 +27 +28 +29 +30 +31 +32 +33 +23 +34 +35 +36 +37 +38 +39 +40 +41 +42 +43 +44 +45 +174 +49 +50 +51 +52 +53 +54 +55 +56 +57 +226 -214 -61 -213 -212 -60 +241 +62 +63 +242 +64 +65 +66 +67 +68 +69 +70 +71 +72 +73 +75 +76 +77 +78 +79 +80 +81 +82 +83 +84 +243 +85 +86 +87 +88 +89 +90 +91 +92 +93 +94 +95 +96 +97 +98 +99 +100 +101 +102 +103 +104 +105 +106 +107 +109 +110 +111 +112 +113 +230 +114 +116 +117 +118 +119 +120 +244 +121 +122 +123 +124 +125 +126 +127 +128 +129 +130 +245 +132 +133 +134 +135 +136 +137 +246 +139 +197 +140 +141 +142 +143 +144 +145 +146 +147 +148 +149 +247 +248 +150 +151 +152 -23 +153 +154 +155 +156 +157 +158 +159 +160 +161 +162 +163 +164 +165 +166 +167 +168 +169 +170 $
>LEPN.0521.00018
+1 +2 +3 +4 +5 +6 +7 -8 +203 +10 +11 +12 +13 +14 +15 +16 +17 +18 +19 +20 +21 +22 +23 +24 +25 +26 +27 +28 +29 +30 +31 +32 +33 +23 +34 +35 +36 +37 +38 +39 +40 +41 +42 +43 +44 +45 +174 +49 +50 +51 +52 +53 +54 +55 +56 +57 +226 -214 -61 -213 -212 -60 +227 -208 +228 +229 +179 +62 +63 +64 +65 +66 +67 +68 +69 +70 +71 +73 +74 +75 +76 +77 +78 +79 +80 +81 +82 +83 +84 +85 +86 +87 +182 +88 +89 +90 +91 +92 +93 +94 +95 +96 +97 +98 +99 +100 +101 +102 +103 +104 +105 +106 +107 +108 +109 +110 +111 +112 +113 +230 +114 +115 +116 +117 +211 +231 +232 +233 +215 +234 +235 +190 +118 +119 +120 +121 +122 +123 +124 +125 +126 +127 +128 +129 +130 +184 +186 +192 +193 +237 +195 +132 +133 +134 +135 +136 +137 +138 +139 +196 +197 +140 +141 +142 +143 +144 +145 +146 +147 +148 +149 +238 +150 +151 +152 -23 +153 +154 +155 +156 +157 +158 +198 +159 +160 +161 +162 +163 +239 +164 +165 +240 +167 +168 +169 +170 $
>LEPN.0521.00010
+1 +2 +3 +4 +5 +6 +7 +8 +203 +9 +10 +11 +12 +13 +14 +15 +16 +17 +18 +19 +20 +21 +22 +23 +24 +25 +26 +27 +28 +29 +30 +31 +32 +33 +23 +34 +35 +36 +37 +38 +39 +40 +41 +42 +43 +44 +45 +249 +46 +47 +49 +50 +51 +52 +53 +54 +55 +56 +57 +226 -214 -61 -213 -212 -60 +241 +62 +63 +242 +64 +65 +66 +67 +68 +69 +70 +71 +72 +73 +75 +76 +77 +78 +79 +80 +81 +82 +83 +84 +243 +85 +86 +87 +88 +89 +90 +91 +92 +93 +94 +95 +96 +97 +98 +99 +100 +101 +102 +103 +104 +105 +106 +107 +109 +110 +111 +112 +113 +230 +114 +116 +117 +118 +119 +120 +244 +121 +122 +123 +124 +125 +126 +127 +128 +129 +130 +245 +132 +133 +134 +135 +136 +137 +246 +139 +197 +140 +141 +142 +143 +144 +145 +146 +147 +148 +149 +247 +248 +250 +251 +252 +253 +254 +150 +151 +152 -23 +153 +154 +155 +156 +157 +158 +159 +160 +161 +162 +163 +164 +165 +166 +167 +168 +169 +170 $
>LEPN.0521.00001
+1 +2 +3 +4 +5 +6 +7 +8 -172 -171 +202 +171 +10 +11 +12 +13 +14 +15 +16 +17 +18 +19 +20 +21 +22 +23 +24 +25 +26 +27 +28 +29 +30 +31 +32 +33 +23 +34 +35 +36 +37 +38 +39 +40 +41 +42 +43 +44 +45 +49 +50 +51 +52 +53 +54 +55 +56 +57 +226 -214 -61 -60 +179 +62 +63 +64 +65 +66 +67 +68 +69 +70 +71 +73 +180 +74 +75 +76 +77 +78 +79 +80 +181 +81 +82 +83 +84 +85 +86 +87 +182 +88 +89 +90 +91 +92 +93 +94 +95 +96 +97 +98 +99 +100 +101 +102 +103 +104 +105 +106 +183 +107 +108 +109 +110 +111 +112 +113 +230 +114 +115 +116 +117 +184 -58 +185 +186 +187 +190 +118 +119 +120 +121 +122 +123 +124 +125 +126 +127 +128 +129 +130 +184 +236 +186 +192 +193 +194 +195 +132 +133 +134 +135 +136 +137 +138 +139 +196 +197 +140 +141 +142 +143 +144 +145 +146 +147 +148 +149 +238 +247 +150 +151 +152 -23 +153 +154 +155 +156 +157 +158 +198 +159 +160 +161 +162 +163 +164 +165 +166 +167 +168 +169 +170 $
>LEPN.0521.00019
+1 +2 +3 +4 +5 +6 +7 +8 +10 +11 +12 +13 +14 +15 +16 +17 +18 +19 +20 +21 +22 +23 +24 +25 +26 +27 +28 +29 +30 +31 +32 +33 +23 +34 +35 +36 +37 +38 +39 +40 +41 +42 +43 +44 +45 +249 +46 +47 +49 +50 +51 +52 +53 +54 +55 +56 +57 +58 +59 +179 +62 +63 +64 +65 +66 +67 +68 +69 +70 +71 +73 +74 +75 +76 +77 +78 +79 +80 +81 +82 +83 +84 +85 +86 +87 +182 +88 +89 +90 +91 +92 +93 +94 +95 +96 +97 +98 +99 +100 +101 +102 +103 +104 +105 +106 +107 +108 +109 +110 +111 +112 +113 +230 +114 +115 +116 +117 +184 +186 +190 +118 +119 +120 +121 +122 +123 +124 +125 +126 +127 +128 +129 +130 +195 +132 +133 +134 +135 +136 +137 +138 +139 +196 +197 +140 +141 +142 +143 +144 +145 +146 +147 +148 +149 +238 +150 +151 +152 -23 +153 +154 +155 +156 +157 +158 +198 +159 +160 +161 +162 +163 +239 +164 +165 +240 +167 +168 +169 +170 $
>LEPN.0521.00007
+1 +2 +3 +4 +5 +6 +7 +8 +203 +9 +10 +11 +12 +13 +14 +15 +16 +17 +18 +19 +20 +21 +22 +23 +24 +25 +26 +27 +28 +29 +30 +31 +32 +33 +23 +34 +35 +36 +37 +38 +39 +40 +41 +42 +43 +44 +45 +249 +46 +47 +49 +50 +51 +52 +53 +54 +55 +56 +57 +226 -214 -61 -213 -212 -60 +241 +62 +63 +242 +64 +65 +66 +67 +68 +69 +70 +71 +72 +73 +75 +76 +77 +78 +79 +80 +81 +82 +83 +84 +243 +85 +86 +87 +88 +89 +90 +91 +92 +93 +94 +95 +96 +97 +98 +99 +100 +101 +102 +103 +104 +105 +106 +107 +109 +110 +111 +112 +113 +230 +114 +116 +117 +118 +119 +120 +244 +121 +122 +123 +124 +125 +126 +127 +128 +129 +130 +245 +132 +133 +134 +135 +136 +137 +246 +139 +197 +140 +141 +142 +143 +144 +145 +146 +147 +148 +149 +247 +248 +250 +251 +252 +253 +254 +150 +151 +152 -23 +153 +154 +155 +156 +157 +158 +159 +160 +161 +162 +163 +164 +165 +166 +167 +168 +169 +170 $
>LEPN.0521.00006
+1 +2 +3 +4 +5 +6 +7 +8 +203 +9 +10 +11 +12 +13 +14 +15 +16 +17 +18 +19 +20 +21 +22 +23 +24 +25 +26 +27 +28 +29 +30 +31 +32 +33 +23 +34 +35 +36 +37 +38 +39 +40 +41 +42 +43 +44 +45 +174 +49 +50 +51 +52 +53 +54 +55 +56 +57 +226 -214 -61 -213 -212 -60 +241 +62 +63 +242 +64 +65 +66 +67 +68 +69 +70 +71 +72 +73 +75 +76 +77 +78 +79 +80 +81 +82 +83 +84 +243 +85 +86 +87 +88 +89 +90 +91 +92 +93 +94 +95 +96 +97 +98 +99 +100 +101 +102 +103 +104 +105 +106 +107 +109 +110 +111 +112 +113 +230 +114 +116 +117 +118 +119 +120 +244 +121 +122 +123 +124 +125 +126 +127 +128 +129 +130 +245 +132 +133 +134 +135 +136 +137 +246 +139 +197 +140 +141 +142 +143 +144 +145 +146 +147 +148 +149 +247 +248 +150 +151 +152 -23 -23 +153 +154 +155 +156 +157 +158 +159 +160 +161 +162 +163 +164 +165 +166 +167 +168 +169 +170 $
>LEPN.0521.00002
+1 +2 +3 +4 +201 +5 +6 +7 +8 +171 +172 +202 +203 +10 +11 +12 +13 +14 +15 +16 +17 +18 +19 +20 +21 +22 +23 +24 +25 +26 +27 +28 +29 +30 +31 +32 +33 +23 +34 +35 +36 +37 +38 +39 +204 +205 +40 +41 +42 +43 +44 +45 +255 +174 +49 +50 +51 +52 +53 +54 +55 +56 +206 +62 +63 +64 +65 +66 +67 +68 +69 +207 +70 +71 +72 +73 +74 +75 +76 +77 +78 +79 +80 +81 +82 +83 +84 +85 +86 +87 +88 +89 +90 +91 +92 +93 +94 +95 +96 +97 +98 +99 +100 +101 +102 +103 +104 +105 +106 +107 +209 +109 +110 +111 +112 +210 +113 +114 +115 +116 +117 +221 +222 +223 +224 +225 +118 +119 +120 +121 +122 +123 +124 +125 +126 +127 +128 +129 +130 +216 +131 +132 +133 +134 +135 +136 +137 +217 +139 +197 +140 +141 +142 +143 +144 +145 +146 +147 +148 +149 +218 -57 +60 +61 +219 +150 +151 +152 -23 +153 +154 +155 +156 +157 +159 +160 +161 +162 +163 +220 +164 +165 +166 +167 +168 +169 +170 $
>LEPN.0521.00009
+1 +2 +3 +4 +5 +6 +7 +8 +203 +9 +10 +11 +12 +13 +14 +15 +16 +17 +18 +19 +20 +21 +22 +23 +24 +25 +26 +27 +28 +29 +30 +31 +32 +33 +23 +34 +35 +36 +37 +38 +39 +40 +41 +42 +43 +44 +45 +249 +46 +47 +49 +50 +51 +52 +53 +54 +55 +56 +57 +226 -214 -61 -213 -212 -60 +241 +62 +63 +242 +64 +65 +66 +67 +68 +69 +70 +71 +72 +73 +75 +76 +77 +78 +79 +80 +81 +82 +83 +84 +243 +85 +86 +87 +88 +89 +90 +91 +92 +93 +94 +95 +96 +97 +98 +99 +100 +101 +102 +103 +104 +105 +106 +107 +109 +110 +111 +112 +113 +230 +114 +116 +117 +118 +119 +120 +244 +121 +122 +123 +124 +125 +126 +127 +128 +129 +130 +245 +132 +133 +134 +135 +136 +137 +246 +139 +197 +140 +141 +142 +143 +144 +145 +146 +147 +148 +149 +247 +248 +250 +251 +252 +253 +254 +150 +151 +152 -23 +153 +154 +155 +156 +157 +158 +159 +160 +161 +162 +163 +164 +165 +166 +167 +168 +169 +170 $
>LEPN.0521.00016
+1 +2 +3 +4 +201 +5 +6 +7 +8 +171 +172 -203 -202 +10 +11 +12 +13 +14 +15 +16 +17 +18 +19 +256 -149 -148 -147 -146 -145 -144 -143 -142 -141 -140 -197 -139 -217 -137 -136 -135 -134 -133 -132 -131 -216 +256 -221 -130 -129 -128 -127 -126 -125 -124 -123 -122 -121 -120 -119 -118 -211 -225 -224 -223 -222 -221 -117 -111 -110 -109 -209 -107 -106 -105 -104 -103 -102 -101 -100 -99 -98 -97 -96 -95 -94 -93 -92 -91 -90 -89 -88 -87 -86 -85 -84 -83 -82 -81 -80 -79 -78 -77 -76 -75 -74 -73 -72 -71 -70 -69 -68 -67 -66 -65 -64 -63 -62 -206 -229 -56 -55 -54 -53 -52 -51 -50 -49 -45 -44 -43 -42 -41 -40 -205 -204 -39 -38 -37 -36 -35 -34 -23 -33 -32 -31 -30 -29 -28 -27 -26 -25 -24 -23 -22 -21 -20 +218 -57 +60 +61 +219 +150 +151 +152 -23 +153 +154 +155 +156 +157 +159 +160 +161 +162 +163 +220 +164 +165 +240 +167 +168 +169 +170 $
>LEPN.0521.00015
+1 +2 +3 +4 +201 +5 +6 +7 +8 -171 +202 +203 +10 +11 +12 +13 +14 +15 +16 +17 +18 +19 +20 +21 +22 +23 +24 +25 +26 +27 +28 +29 +30 +31 +32 +33 +23 +34 +35 +36 +37 +38 +39 +204 +205 +40 +41 +42 +43 +44 +45 +46 +47 +48 +49 +50 +51 +52 +53 +54 +55 +56 +62 +63 +64 +65 +66 +67 +68 +69 +70 +71 +72 +73 +74 +75 +76 +77 +78 +79 +80 +81 +82 +83 +84 +85 +86 +87 +88 +89 +90 +91 +92 +93 +94 +95 +96 +97 +98 +99 +100 +101 +102 +103 +104 +105 +106 +107 +209 +109 +110 +111 +112 +210 +113 +114 +115 +116 +117 +211 +231 +232 +215 +235 +108 +118 +119 +120 +121 +122 +123 +124 +125 +126 +127 +128 +129 +130 +216 +131 -135 -134 -133 -132 +136 +137 +217 +139 +197 +140 +141 +142 +143 +144 +145 +146 +147 +148 +149 +218 -57 +60 +61 +219 +150 +151 +152 -23 +153 +154 +155 +156 +157 +159 +160 +161 +162 +163 +164 +165 +166 +167 +168 +169 +170 $
>LEPN.0521.00021
+1 +2 +3 +4 +201 +5 +6 +7 +8 +171 +172 +202 +203 +10 +11 +12 +13 +14 +15 +16 +17 +18 +19 +20 +21 +22 +23 +24 +25 +26 +27 +28 +29 +30 +31 +32 +33 +23 +34 +35 +36 +37 +38 +39 +204 +205 +40 +41 +42 +43 +44 +45 +174 +49 +50 +51 +52 +53 +54 +55 +56 +206 +62 +63 +64 +65 +66 +67 +68 +69 +207 +70 +71 +72 +73 +74 +75 +76 +77 +78 +79 +80 +81 +82 +83 +84 +85 +86 +87 +88 +89 +90 +91 +92 +93 +94 +95 +96 +97 +98 +99 +100 +101 +102 +103 +104 +105 +106 +107 +209 +109 +110 +111 +112 +210 +113 +114 +115 +116 +117 +221 +222 +223 +224 +225 +118 +119 +120 +121 +122 +123 +124 +125 +126 +127 +128 +129 +130 +216 +131 +132 +133 +134 +135 +136 +137 +217 +139 +197 +140 +141 +142 +143 +144 +145 +146 +147 +148 +149 +218 -57 +60 +61 +219 +150 +151 +152 -23 +153 +154 +155 +156 +157 +159 +160 +161 +162 +163 +220 +164 +165 +166 +167 +168 +169 +170 $
>LEPN.0521.00012
+1 +2 +3 +4 +201 +5 +6 +7 +8 +171 +172 +202 +203 +10 +11 +12 +13 +14 +15 +16 +17 +18 +19 +20 +21 +22 +23 +24 +25 +26 +27 +28 +29 +30 +31 +32 +33 +23 +34 +35 +36 +37 +38 +39 +204 +205 +40 +41 +42 +43 +44 +45 +249 +46 +47 +49 +50 +51 +52 +53 +54 +55 +56 +206 +62 +63 +64 +65 +66 +67 +68 +69 +207 +70 +71 +72 +73 +74 +75 +76 +77 +78 +79 +80 +81 +82 +83 +84 +85 +86 +87 +88 +89 +90 +91 +92 +93 +94 +95 +96 +97 +98 +99 +100 +101 +102 +103 +104 +105 +106 +107 +209 +109 +110 +111 +112 +210 +113 +114 +115 +116 +117 +221 +222 +223 +224 +225 +118 +119 +120 +121 +122 +123 +124 +125 +126 +127 +128 +129 +130 +216 +131 +132 +133 +134 +135 +136 +137 +217 +139 +197 +140 +141 +142 +143 +144 +145 +146 +147 +148 +149 +218 -57 +60 +61 +219 +150 +151 +152 -23 +153 +154 +155 +156 +157 +198 +159 +160 +161 +162 +163 +220 +164 +165 +166 +167 +168 +169 +170 $
>LEPN.0521.00020
+1 +2 +3 +4 +201 +5 +6 +7 +8 +171 +172 +202 +203 +10 +11 +12 +13 +14 +15 +16 +17 +18 +19 +20 +21 +22 +23 +24 +25 +26 +27 +28 +29 +30 +31 +32 +33 +23 +34 +35 +36 +37 +38 +39 -222 -221 -235 -234 -215 -232 -231 -211 -117 -116 -115 -114 -113 -210 -112 -111 -110 -109 -209 -107 -106 -105 -104 -103 -102 -101 -100 -99 -98 -97 -96 -95 -94 -93 -92 -91 -90 -89 -88 -87 -86 -85 -84 -83 -82 -81 -80 -79 -78 -77 -76 -75 -74 -73 -72 -71 -70 -207 -69 -68 -67 -66 -65 -64 -63 -62 -206 -56 -55 -54 -53 -52 -51 -50 -49 -174 -45 -44 -43 -42 -41 -40 -205 -204 +223 +224 +225 +118 +119 +120 +121 +122 +123 +124 +125 +126 +127 +128 +129 +130 +216 +131 +132 +133 +134 +135 +136 +137 +217 +139 +197 +140 +141 +142 +143 +144 +145 +146 +147 +148 +149 +218 -57 +60 +61 +219 +150 +151 +152 -23 +153 +154 +155 +156 +157 +198 +159 +160 +161 +162 +163 +220 +164 +165 +166 +167 +168 +169 +170 $
>LEPN.0521.00013
+1 +2 +3 +4 +201 +5 +6 +7 +8 +171 +172 +202 +203 +10 +11 +12 +13 +14 +15 +16 +17 +18 +19 +20 +21 +22 +23 +24 +25 +26 +27 +28 +29 +30 +31 +32 +33 +23 +34 +35 +36 +37 +38 +39 +204 +205 +40 +41 +42 +43 +44 +45 +255 +174 +49 +50 +51 +52 +53 +54 +55 +56 +206 +62 +63 +64 +65 +66 +67 +68 +69 +207 +70 +71 +72 +73 +74 +75 +76 +77 +78 +79 +80 +81 +82 +83 +84 +85 +86 +87 +88 +89 +90 +91 +92 +93 +94 +95 +96 +97 +98 +99 +100 +101 +102 +103 +104 +105 +106 +107 +209 +109 +110 +111 +112 +210 +113 +114 +115 +116 +117 +221 +222 +223 +224 +225 +118 +119 +120 +121 +122 +123 +124 +125 +126 +127 +128 +129 +130 +216 +131 +132 +133 +134 +135 +136 +137 +217 +139 +197 +140 +141 +142 +143 +144 +145 +146 +147 +148 +149 +218 -57 +60 +61 +219 +150 +151 +152 -23 +153 +154 +155 +156 +157 +159 +160 +161 +162 +163 +220 +164 +165 +166 +167 +168 +169 +170 $
