>STPN.0321.00034
+1 +3 +4 +5 +6 +7 +8 +9 +10 +11 +12 +14 +15 +16 +17 +18 +19 +20 +21 +22 +23 +24 +25 +26 +27 +29 +30 +31 +33 +34 +35 +36 +37 +38 +39 +40 +41 +42 +44 +45 +46 +47 +48 +49 +50 +51 +52 +53 +54 +55 +56 +57 +58 +59 +60 +61 +62 +63 +64 +65 +66 +67 +68 +69 +70 +72 +73 +74 +75 +76 +77 +78 +79 +80 +81 +82 +83 +85 +86 +87 +88 +89 +90 +91 +92 +93 +94 +95 +96 +97 +98 +99 +100 +101 +102 +103 +104 +105 +106 +107 +108 +109 +110 +111 +112 +113 +114 +116 +117 +118 +119 +120 +121 +122 +123 +124 +125 +126 +127 +128 +129 +130 +131 +132 +133 +134 +135 +136 +137 +138 +139 +140 +141 +142 +144 +146 +147 +148 +149 +150 +151 +152 +153 +154 +155 +156 +157 +158 +159 +160 +161 +162 +163 +164 +165 +166 +167 +168 +169 +170 +171 +172 +173 +174 +175 +178 +179 +180 +181 @
>STPN.0321.00033
+152 +153 +154 +155 +156 +157 +158 +159 +160 +161 +162 +163 +164 +165 +166 +167 +168 +169 +170 +171 +172 +173 +174 +175 +178 +179 +180 +181 +1 +3 +4 +5 +6 +7 +8 +9 +10 +11 +12 +14 +15 +16 +17 +18 +19 +20 +21 +22 +23 +24 +25 +26 +27 +29 +30 +31 +33 +34 +35 +36 +37 +38 +39 +40 +41 +42 +44 +45 +46 +47 +48 +49 +50 +51 +52 +53 +54 +55 +56 +57 +58 +59 +60 -118 -117 -116 -114 -113 -112 -111 -110 -109 -108 -107 -106 -105 -104 -103 -102 -101 -100 -99 -98 -97 -96 -95 -94 -93 -92 -91 -90 -89 -88 -87 -86 -85 -83 -82 -81 -80 -79 -78 -77 -76 -75 -74 -73 -72 -70 -69 -68 -67 -66 -65 -64 -63 -62 -61 +119 +120 +121 +122 +123 +124 +125 +126 +127 +128 +129 +130 +131 +132 +133 +134 +135 +136 +137 +138 +139 +140 +141 +142 +144 +146 +147 +148 +149 +150 +151 @
>STPN.0321.00027
+1 +3 +4 +5 +6 +7 +8 +9 +10 +11 +12 +14 +15 +16 +17 +18 +19 +20 +21 +22 +23 +24 +25 +26 +27 +29 +30 +31 +33 +34 +35 +36 +37 +38 +39 +40 +41 +42 +44 +45 +46 +47 +48 +49 +50 +51 +52 +53 +54 +55 +56 +57 +58 +59 +60 +61 +62 +63 +64 +65 +66 +67 +68 +69 +70 +72 +73 +74 +75 +76 +77 +78 +79 +80 +81 +82 +83 +85 +86 +87 +88 +89 +90 +91 +92 +93 +94 +95 +96 +97 +98 +99 +100 +101 +102 +103 +104 +105 +106 +107 +108 +109 +110 +111 +112 +113 +114 +116 +117 +118 +119 +120 +121 +122 +123 +124 +125 +126 +127 +128 +129 +130 +131 +132 +133 +134 +135 +136 +137 +138 +139 +140 +141 +142 +144 +146 +147 +148 +149 +150 +151 +152 +153 +154 +155 +156 +157 +158 +159 +160 +161 +162 +163 +164 +165 +166 +167 +168 +169 +170 +171 +172 +173 +174 +175 +178 +179 +180 +181 @
>STPN.0321.00028
+1 +3 +4 +5 +6 +7 +8 +9 +10 +11 +12 +14 +15 +16 +17 +18 +19 +20 +21 +22 +23 +24 +25 +26 +27 +29 +30 +31 +33 +34 +35 +36 +37 +38 +39 +40 +41 +42 +44 +45 +46 +47 +48 +49 +50 +51 +52 +53 +54 +55 +56 +57 +58 +59 +60 +61 +62 +63 +64 +65 +66 +67 +68 +69 +70 +72 +73 +74 +75 +76 +77 +78 +79 +80 +81 +82 +83 +85 +86 +87 -97 -96 -95 -94 -93 -92 -91 -90 -89 -88 +98 +99 +100 +101 +102 +103 +104 +105 +106 +107 +108 +109 +110 +111 +112 +113 +114 +116 +117 +118 +119 +120 +121 +122 +123 +124 +125 +126 +127 +128 +129 +130 +131 +132 +133 +134 +135 +136 +137 +138 +139 +140 +141 +142 +144 +146 +147 +148 +149 +150 +151 +152 +153 +154 +155 +156 +157 +158 +159 +160 +161 +162 +163 +164 +165 +166 +167 +168 +169 +170 +171 +172 +173 +174 +175 +178 +179 +180 +181 @
>STPN.0321.00045
+1 +3 +4 +5 +6 +7 +8 +9 +10 +11 +12 +14 +15 +16 +17 +18 +19 +20 +21 +22 +23 +24 +25 +26 +27 +29 +30 +31 +33 +34 +35 +36 +37 +38 +39 +40 +41 +42 +44 +45 +46 +47 +48 +49 +50 +51 +52 +53 +54 +55 +56 +57 +58 +59 +60 +61 +62 +63 +64 +65 +66 +67 +68 +69 +70 +72 +73 +74 +75 +76 +77 +78 +79 +80 +81 +82 +83 -104 -103 -102 -101 -100 -99 -98 -97 -96 -95 -94 -93 -92 -91 -90 -89 -88 -87 -86 -85 +105 +106 +107 +108 +109 +110 +111 +112 +113 +114 +116 +117 +118 +119 +120 +121 +122 +123 +124 +125 +126 +127 +128 +129 +130 +131 +132 +133 +134 +135 +136 +137 +138 +139 +140 +141 +142 +144 +146 +147 +148 +149 +150 +151 +152 +153 +154 +155 +156 +157 +158 +159 +160 +161 +162 +163 +164 +165 +166 +167 +168 +169 +170 +171 +172 +173 +174 +175 +178 +179 +180 +181 @
>STPN.0321.00048
+180 +181 +1 +3 +4 +5 +6 +7 +8 +9 +10 +11 +12 +14 +15 +16 +17 +18 +19 +20 +21 +22 +23 +24 +25 +26 +27 +29 +30 +31 +33 +34 +35 +36 +37 +38 +39 +40 +41 +42 +44 +45 +46 +47 +48 +49 +50 +51 +52 +53 +54 +55 +56 +57 +58 +59 +60 +61 +62 +63 +64 +65 +66 +67 +68 +69 +70 +72 +73 +74 +75 +76 +77 +78 +79 +80 +81 +82 +83 +85 +86 +87 +88 +89 +90 +91 +92 +93 +94 +95 +96 +97 +98 +99 +100 +101 +102 +103 +104 +105 +106 +107 +108 +109 +110 +111 +112 +113 +114 +116 +117 +118 +119 +120 +121 +122 +123 +124 +125 +126 +127 +128 +129 +130 +131 +132 +133 +134 +135 +136 +137 +138 +139 +140 +141 +142 +144 +146 +147 +148 +149 +150 +151 +152 +153 +154 +155 +156 +157 +158 +159 +160 +161 +162 +163 +164 +165 +166 +167 +168 +169 +170 +171 +172 +173 +174 +175 +178 +179 @
>STPN.0321.00046
+174 +175 +178 +179 +180 +181 +1 +3 +4 +5 +6 +7 +8 +9 +10 +11 +12 +14 +15 +16 +17 +18 +19 +20 +21 +22 +23 +24 +25 +26 +27 +29 +30 +31 +33 +34 +35 +36 +37 +38 +39 +40 +41 +42 +44 +45 +46 +47 +48 +49 +50 +51 +52 +53 +54 +55 +56 +57 +58 +59 +60 +61 +62 +63 +64 +65 +66 +67 +68 +69 +70 +72 +73 +74 +75 +76 +77 +78 +79 +80 -95 -94 -93 -92 +81 +82 +83 +85 +86 +87 +88 +89 +90 +91 +96 +97 +98 +99 +100 +101 +102 +103 +104 +105 +106 +107 +108 +109 +110 +111 +112 +113 +114 +116 +117 +118 +119 +120 +121 +122 +123 +124 +125 +126 +127 +128 +129 +130 +131 +132 +133 +134 +135 +136 +137 +138 +139 +140 +141 +142 +144 +146 +147 +148 +149 +150 +151 +152 +153 +154 +155 +156 +157 +158 +159 +160 +161 +162 +163 +164 +165 +166 +167 +168 +169 +170 +171 +172 +173 @
>STPN.0321.00047
+1 +3 +4 +5 +6 +7 +8 +9 +10 +11 +14 +15 +16 +17 +18 +19 +20 +21 +22 +23 +24 +25 +26 +27 +29 +30 +31 +33 +34 +35 +36 +37 +38 +39 +40 +41 +42 +44 +45 +46 +47 +48 +49 +50 +51 +52 +53 +54 +55 +56 +57 +58 +59 +60 +61 +62 +63 +64 +65 +66 +67 +68 +69 +70 +72 +73 +74 +75 +76 +77 +78 +79 +80 +81 +82 +83 +85 +86 +87 +88 +89 +90 +91 +92 +93 +94 +95 +96 +97 +98 +99 +100 +101 +102 +103 +104 +105 +106 +107 +108 +109 +110 +111 +112 +113 +114 +116 +117 +118 +119 +120 +121 +122 +123 +124 +125 +126 +127 +128 +129 +130 +131 +132 +133 +134 +135 +136 +137 +138 +139 +140 +141 +142 +144 +146 +147 +148 +149 +150 +151 +152 +153 +154 +155 +156 +157 +158 +159 +160 +161 +162 +163 +164 +165 +166 +167 +168 +169 +170 +171 +172 +173 +174 +175 +178 +179 +180 +181 @
>STPN.0321.00087
+1 +3 +4 +5 +6 +7 +8 +9 +10 +11 +14 +15 +16 +17 +18 +19 +20 +21 +22 +23 +24 +25 +26 +27 +29 +30 +31 +33 +34 +35 +36 +37 +38 +39 +40 +41 +42 +44 +45 +46 +47 +48 +49 +50 +51 +52 +53 +54 +55 +56 +57 +58 +59 +60 +61 +62 +63 +64 +65 +66 +67 +68 +69 +70 +72 +73 +74 +75 +76 +77 +78 +79 +80 +81 +82 +83 +85 +86 +87 +88 +89 +90 +91 +92 +93 +94 +95 +96 +97 +98 +99 +100 +101 +102 +103 +104 +105 +106 +107 +108 +109 +110 +111 +112 +113 +114 +116 +117 +118 +119 +120 +121 +122 +123 +124 +125 +126 +127 +128 +129 +130 +131 +132 +133 +134 +135 +136 +137 +138 +139 +140 +141 +142 +144 +146 +147 +148 +149 +150 +151 +152 +153 +154 +155 +156 +157 +158 +159 +160 +161 +162 +163 +164 +165 +166 +167 +168 +169 +170 +171 +172 +173 +174 +175 +178 +179 +180 +181 @
>STPN.0321.00085
+1 +3 +4 +5 +6 +7 +8 +9 +10 +11 +12 +14 +15 +16 +17 +18 +19 +20 +21 +22 +23 +24 +25 +26 +27 +29 +30 +31 +33 +34 +35 +36 +37 +38 +39 +40 +41 +42 +44 +45 +46 +47 +48 +49 +50 +51 +52 +53 +54 +55 +56 +57 +58 +59 +60 +61 +62 +63 +64 +65 +66 +67 +68 +69 +70 +72 +73 +74 +75 +76 +77 +78 +79 +80 +81 +82 +83 +85 +86 +87 +88 +89 +90 +91 +92 +93 +94 +95 +96 +97 +98 +99 +100 +101 +102 +103 +104 +105 +106 +107 +108 +109 +110 +111 +112 +113 +114 +116 +117 +118 +119 +120 +121 +122 +123 +124 +125 +126 +127 +128 +129 +130 +131 +132 +133 +134 +135 +136 +137 +138 +139 +140 +141 +142 +144 +146 +147 +148 +149 +150 +151 +152 +153 +154 +155 +156 +157 +158 +159 +160 +161 +162 +163 +164 +165 +166 +167 +168 +169 +170 +171 +172 +173 +174 +175 +178 +179 +180 +181 @
>STPN.0321.00086
+1 +3 +4 +5 +6 +7 +8 +9 +10 +11 +12 +14 +15 +16 +17 +18 +19 +20 +21 +22 +23 +24 +25 +26 +27 +29 +30 +31 +33 +34 +35 +36 +37 +38 +39 +40 +41 +42 +44 +45 +46 +47 +48 +49 +50 +51 +52 +53 +54 +55 +56 +57 +58 +59 +60 +61 +62 +63 +64 +65 +66 +67 +68 +69 +70 +72 +73 +74 +75 +76 +77 +78 +79 +80 +81 +82 +83 -104 -103 -102 -101 -100 -99 -98 -97 -96 -95 -94 -93 -92 -91 -90 -89 -88 -87 -86 -85 +105 +106 +107 +108 +109 +110 +111 +112 +113 +114 +116 +117 +118 +119 +120 +121 +122 +123 +124 +125 +126 +127 +128 +129 +130 +131 +132 +133 +134 +135 +136 +137 +138 +139 +140 +141 +142 +144 +146 +147 +148 +149 +150 +151 +152 +153 +154 +155 +156 +157 +158 +159 +160 +161 +162 +163 +164 +165 +166 +167 +168 +169 +170 +171 +172 +173 +174 +175 +178 +179 +180 +181 @
>STPN.0321.00013
+1 +3 +4 +5 +6 +7 +8 +9 +10 +11 +12 +14 +15 +16 +17 +18 +19 +20 +21 +22 +23 +24 +25 +26 +27 +29 +30 +31 +33 +34 +35 +36 +37 +38 +39 +40 +41 +42 +44 +45 +46 +47 +48 +49 +50 +51 +52 +53 +54 +55 +56 +57 +58 +59 +60 +61 +62 +63 +64 +65 +66 +67 +68 +69 +70 +72 +73 +74 +75 +76 +77 +78 +79 +80 -95 -94 -93 -92 -91 -90 -89 -88 -87 -86 -85 -83 -82 -81 +96 +97 +98 +99 +100 +101 +102 +103 +104 +105 +106 +107 +108 +109 +110 +111 +112 +113 +114 +116 +117 +118 +119 +120 +121 +122 +123 +124 +125 +126 +127 +128 +129 +130 +131 +132 +133 +134 +135 +136 +137 +138 +139 +140 +141 +142 +144 +146 +147 +148 +149 +150 +151 +152 +153 +154 +155 +156 +157 +158 +159 +160 +161 +162 +163 +164 +165 +166 +167 +168 +169 +170 +171 +172 +173 +174 +175 +178 +179 +180 +181 @
>STPN.0321.00043
-129 -128 -127 -126 -125 -124 -123 -122 -121 -120 -119 -118 -117 -116 -114 -113 -112 -111 -110 -109 -108 -107 -106 -105 -104 -103 -102 -101 -100 -99 -98 -97 -96 -95 -94 -93 -92 -91 -90 -89 -88 -87 -86 -85 -83 -82 -81 -80 -79 -78 -77 -76 -75 -74 -73 -72 -70 -69 -68 -67 -66 -65 -64 -63 -62 -61 -60 -59 -58 -57 -56 -55 -54 -53 -52 -51 -50 -49 -48 -47 -46 -45 -44 -42 -41 -40 -39 -38 -37 -36 -35 -34 -33 -31 -30 -29 -27 -26 -25 -24 -23 -22 -21 -20 -19 -18 -17 -16 -15 -14 -11 -10 -9 -8 -7 -6 -5 -4 -3 -1 -181 -180 -179 -178 -175 -174 -173 -172 -171 -170 -169 -168 -167 -166 -165 -164 -163 -162 -161 -160 -159 -158 -157 -156 -155 -154 -153 -152 -151 -150 -149 -148 -147 -146 -144 -142 -141 -140 -139 -138 -137 -136 -135 -134 -133 -132 -131 -130 @
>STPN.0321.00089
+1 +3 +4 +5 +6 +7 +8 +9 +10 +11 +12 +14 +15 +16 +17 +18 +19 +20 +21 +22 +23 +24 +25 +26 +27 +29 +30 +31 +33 +34 +35 +36 +37 +38 +39 +40 +41 +42 +44 +45 +46 +47 +48 +49 +50 +51 +52 +53 +54 +55 +56 +57 +58 +59 +60 +61 +62 +63 +64 +65 +66 +67 +68 +69 +70 +72 +73 +74 +75 +76 +77 +78 +79 +80 +81 +82 +83 +85 +86 +87 +88 +89 +90 +91 +92 +93 +94 +95 +96 +97 +98 +99 +100 +101 +102 +103 +104 +105 +106 +107 +108 +109 +110 +111 +112 +113 +114 +116 +117 +118 +119 +120 +121 +122 +123 +124 +125 +126 +127 +128 +129 +130 +131 +132 +133 +134 +135 +136 +137 +138 +139 +140 +141 +142 +144 +146 +147 +148 +149 +150 +151 +152 +153 +154 +155 +156 +157 +158 +159 +160 +161 +162 +163 +164 +165 +166 +167 +168 +169 +170 +171 +172 +173 +174 +175 +178 +179 +180 +181 @
>STPN.0321.00019
+1 +3 +4 +5 +6 +7 +8 +9 +10 +11 +12 +14 +15 +16 +17 +18 +19 +20 +21 +22 +23 +24 +25 +26 +27 +29 +30 +31 +33 +34 +35 +36 +37 +38 +39 +40 +41 +42 +44 +45 +46 +47 +48 +49 +50 +51 +52 +53 +54 +55 +56 +57 +58 +59 +60 +61 +62 +63 +64 +65 +66 +67 +68 +69 +70 +72 +73 +74 +75 +76 +77 +78 +79 +80 +81 +82 +83 +85 +86 +87 +88 +89 +90 +91 +92 +93 +94 +95 +96 +97 +98 +99 +100 +101 +102 +103 +104 +105 +106 +107 +108 +109 +110 +111 +112 +113 +114 +116 +117 +118 +119 +120 +121 +122 +123 +124 +125 +126 +127 +128 +129 +130 +131 +132 +133 +134 +135 +136 +137 +138 +139 +140 +141 +142 +144 +146 +147 +148 +149 +150 +151 +152 +153 +154 +155 +156 +157 +158 +159 +160 +161 +162 +163 +164 +165 +166 +167 +168 +169 +170 +171 +172 +173 +174 +175 +178 +179 +180 +181 @
>STPN.0321.00038
+1 +3 +4 +5 +6 +7 +8 +9 +10 +11 +12 +14 +15 +16 +17 +18 +19 +20 +21 +22 +23 +24 +25 +26 +27 +29 +30 +31 +33 +34 +35 +36 +37 +38 +39 +40 +41 +42 +44 +45 +46 +47 +48 +49 +50 +51 +52 +53 +54 +55 +56 +57 +58 +59 +60 +61 +62 +63 +64 +65 +66 +67 +68 +69 +70 +72 +73 +74 +75 +76 +77 +78 +79 +80 +81 +82 +83 +85 +86 +87 +88 +89 +90 +91 +92 +93 +94 +95 +96 +97 +98 +99 +100 +101 +102 +103 +104 +105 +106 +107 +108 +109 +110 +111 +112 +113 +114 +116 +117 +118 +119 +120 +121 +122 +123 +124 +125 +126 +127 +128 +129 +130 +131 +132 +133 +134 +135 +136 +137 +138 +139 +140 +141 +142 +144 +146 +147 +148 +149 +150 +151 +152 +153 +154 +155 +156 +157 +158 +159 +160 +161 +162 +163 +164 +165 +166 +167 +168 +169 +170 +171 +172 +173 +174 +175 +178 +179 +180 +181 @
>STPN.0321.00088
+81 +82 +83 +85 +86 +87 +88 +89 +90 +91 +92 +93 +94 +95 +96 +97 +98 +99 +100 +101 +102 +103 +104 +105 +106 +107 +108 +109 +110 +111 +112 +113 +114 +116 +117 +118 +119 +120 +121 +122 +123 +124 +125 +126 +127 +128 +129 +130 +131 +132 +133 +134 +135 +136 +137 +138 +139 +140 +141 +142 +144 +146 +147 +148 +149 +150 +151 +152 +153 +154 +155 +156 +157 +158 +159 +160 +161 +162 +163 +164 +165 +166 +167 +168 +169 +170 +171 +172 +173 +174 +175 +178 +179 +180 +181 +1 +3 +4 +5 +6 +7 +8 +9 +10 +11 +12 +14 +15 +16 +17 +18 +19 +20 +21 +22 +23 +24 +25 +26 +27 +29 +30 +31 +33 +34 +35 +36 +37 +38 +39 +40 +41 +42 +44 +45 +46 +47 +48 +49 +50 +51 +52 +53 +54 +55 +56 +57 +58 +59 +60 +61 +62 +63 +64 +65 +66 +67 +68 +69 +70 +72 +73 +74 +75 +76 +77 +78 +79 +80 @
>STPN.0321.00059
+179 +180 +181 +1 +3 +4 +5 +6 +7 +8 +9 +10 +11 +12 +14 +15 +16 +17 +18 +19 +20 +21 +22 +23 +24 +25 +26 +27 +29 +30 +31 +33 +34 +35 +36 +37 +38 +39 +40 +41 +42 +44 +45 +46 +47 +48 +49 +50 +51 +52 +53 +54 +55 +56 +57 +58 +59 +60 +61 +62 +63 +64 +65 +66 +67 +68 +69 +70 +72 +73 +74 +75 +76 +77 +78 +79 +80 +81 +82 +83 +85 +86 +87 +88 +89 +90 +91 +92 +93 +94 +95 +96 +97 +98 +99 +100 +101 +102 +103 +104 +105 +106 +107 +108 +109 +110 +111 +112 +113 +114 +116 +117 +118 +119 +120 +121 +122 +123 +124 +125 +126 +127 +128 +129 +130 +131 +132 +133 +134 +135 +136 +137 +138 +139 +140 +141 +142 +144 +146 +147 +148 +149 +150 +151 +152 +153 +154 +156 +157 +158 +159 +160 +161 +162 +163 +164 +165 +166 +167 +168 +169 +170 +171 +172 +173 +174 +175 +178 @
>STPN.0321.00037
+44 +45 +46 +47 +48 +49 +50 +51 +52 +53 +54 +55 +56 +57 +58 +59 +60 +61 +62 +63 +64 +65 +66 +67 +68 +69 +70 +72 +73 +74 +75 +76 +77 +78 +79 +80 +81 +82 +83 +85 +86 +87 +88 +89 +90 +91 +92 +93 +94 +95 +96 +97 +98 +99 +100 +101 +102 +103 +104 +105 +106 +107 +108 +109 +110 +111 +112 +113 +114 +116 +117 +118 +119 +120 +121 +122 +123 +124 +125 +126 +127 +128 +129 +130 +131 +132 +133 +134 +135 +136 +137 +138 +139 +140 +141 +142 +144 +146 +147 +148 +149 +150 +151 +152 +153 +154 +155 +156 +157 +158 +159 +160 +161 +162 +163 +164 +165 +166 +167 +168 +169 +170 +171 +172 +173 +174 +175 +178 +179 +180 +181 +1 +3 +4 +5 +6 +7 +8 +9 +10 +11 +12 +14 +15 +16 +17 +18 +19 +20 +21 +22 +23 +24 +25 +26 +27 +29 +30 +31 +33 +34 +35 +36 +37 +38 +39 +40 +41 +42 @
>STPN.0321.00049
+1 +3 +4 +5 +6 +7 +8 +9 +10 +11 +12 +14 +15 +16 +17 +18 +19 +20 +21 +22 +23 +24 +25 +26 +27 +29 +30 +31 +33 +34 +35 +36 +37 +38 +39 +40 +41 +42 +44 +45 +46 +47 +48 +49 +50 +51 +52 +53 +54 +55 +56 +57 +58 +59 +60 +61 +62 +63 +64 +65 +66 +67 +68 +69 +70 +72 +73 +74 +75 +76 +77 +78 +79 +80 +81 +82 +83 +85 +86 +87 +88 +89 +90 +91 +92 +93 +94 +95 +96 +97 +98 +99 +100 +101 +102 +103 +104 +105 +106 +107 +108 +109 +110 +111 +112 +113 +114 +116 +117 +118 +119 +120 +121 +122 +123 +124 +125 +126 +127 +128 +129 +130 +131 +132 +133 +134 +135 +136 +137 +138 +139 +140 +141 +142 +144 +146 +147 +148 +149 +150 +151 +152 +153 +154 +155 +156 +157 +158 +159 +160 +161 +162 +163 +164 +165 +166 +167 +168 +169 +170 +171 +172 +173 +174 +175 +178 +179 +180 +181 @
>STPN.0321.00084
+1 +3 +4 +5 +6 +7 +8 +9 +10 +11 +12 +14 +15 +16 +17 +18 +19 +20 +21 +22 +23 +24 +25 +26 +27 +29 +30 +31 +33 +34 +35 +36 +37 +38 +39 +40 +41 +42 +44 +45 +46 +47 +48 +49 +50 +51 +52 +53 +54 +55 +56 +57 +58 +59 +60 +61 +62 +63 +64 +65 +66 +67 +68 +69 +70 +72 +73 +74 +75 +76 +77 +78 +79 +80 -95 -94 -93 -92 -91 -90 -89 -88 -87 -86 -85 -83 -82 -81 +96 +97 +98 +99 +100 +101 +102 +103 +104 +105 +106 +107 +108 +109 +110 +111 +112 +113 +114 +116 +117 +118 +119 +120 +121 +122 +123 +124 +125 +126 +127 +128 +129 +130 +131 +132 +133 +134 +135 +136 +137 +138 +139 +140 +141 +142 +144 +146 +147 +148 +149 +150 +151 +152 +153 +154 +155 +156 +157 +158 +159 +160 +161 +162 +163 +164 +165 +166 +167 +168 +169 +170 +171 +172 +173 +174 +175 +178 +179 +180 +181 @
>STPN.0321.00030
+1 +3 +4 +5 +6 +7 +8 +9 +10 +11 +12 +14 +15 +16 +17 +18 +19 +20 +21 +22 +23 +24 +25 +26 +27 +29 +30 +31 +33 +34 +35 +36 +37 +38 +39 +40 +41 +42 +44 +45 +46 +47 +48 +49 +50 +51 +52 +53 +54 +55 +56 +57 +58 +59 +60 +61 +62 +63 +64 +65 +66 +67 +68 +69 +70 +72 +73 +74 +75 +76 +77 +78 +79 +80 +81 +82 +83 -104 -103 -102 -101 -100 -99 -98 -97 -96 -95 -94 -93 -92 -91 -90 -89 -88 -87 -86 -85 +105 +106 +107 +108 +109 +110 +111 +112 +113 +114 +116 +117 +118 +119 +120 +121 +122 +123 +124 +125 +126 +127 +128 +129 +130 +131 +132 +133 +134 +135 +136 +137 +138 +139 +140 +141 +142 +144 +146 +147 +148 +149 +150 +151 +152 +153 +154 +155 +156 +157 +158 +159 +160 +161 +162 +163 +164 +165 +166 +167 +168 +169 +170 +171 +172 +173 +174 +175 +178 +179 +180 +181 @
>STPN.0321.00055
+180 +181 +1 +3 +4 +5 +6 +7 +8 +9 +10 +11 +12 +14 +15 +16 +17 +18 +19 +20 +21 +22 +23 +24 +25 +26 +27 +29 +30 +31 +33 +34 +35 +36 +37 +38 +39 +40 +41 +42 +44 +45 +46 +47 +48 +49 +50 +51 +52 +53 +54 +55 +56 +57 +58 +59 +60 +61 +62 +63 +64 +65 +66 +67 +68 +69 +70 +72 +73 +74 +75 +76 +77 +78 +79 +80 +81 +82 +83 +85 +86 +87 +88 +89 +90 +91 +92 +93 +94 +95 +96 +97 +98 +99 +100 +101 +102 +103 +104 +105 +106 +107 +108 +109 +110 +111 +112 +113 +114 +116 +117 +118 +119 +120 +121 +122 +123 +124 +125 +126 +127 +128 +129 +130 +131 +132 +133 +134 +135 +136 +137 +138 +139 +140 +141 +142 +144 +146 +147 +148 +149 +150 +151 +152 +153 +154 +155 +156 +157 +158 +159 +160 +161 +162 +163 +164 +165 +166 +167 +168 +169 +170 +171 +172 +173 +174 +175 +178 +179 @
>STPN.0321.00067
+1 +3 +4 +5 +6 +7 +8 +9 +10 +11 +12 +14 +15 +16 +17 +18 +19 +20 +21 +22 +23 +24 +25 +26 +27 +29 +30 +31 +33 +34 +35 +36 +37 +38 +39 +40 +41 +42 +44 +45 +46 +47 +48 +49 +50 +51 +52 +53 +54 +55 +56 +57 +58 +59 +60 +61 +62 +63 +64 -118 -117 -116 -114 -113 -112 -111 -110 -109 -108 +65 +66 +67 +68 +69 +70 +72 +73 +74 +75 +76 +77 +78 +79 +80 +81 +82 +83 +85 +86 +87 +88 +89 +90 +91 +92 +93 +94 +95 +96 +97 +98 +99 +100 +101 +102 +103 +104 +105 +106 +107 +119 +120 +121 +122 +123 +124 +125 +126 +127 +128 +129 +130 +131 +132 +133 +134 +135 +136 +137 +138 +139 +140 +141 +142 +144 +146 +147 +148 +149 +150 +151 +152 +153 +154 +155 +156 +157 +158 +159 +160 +161 +162 +163 +164 +165 +166 +167 +168 +169 +170 +171 +172 +173 +174 +175 +178 +179 +180 +181 @
>STPN.0321.00044
+1 +3 +4 +5 +6 +7 +8 +9 +10 +11 +14 +15 +16 +17 +18 +19 +20 +21 +22 +23 +24 +25 +26 +27 +29 +30 +31 +33 +34 +35 +36 +37 +38 +39 +40 +41 +42 +44 +45 +46 +47 +48 +49 +50 +51 +52 +53 +54 +55 +56 +57 +58 +59 +60 +61 +62 +63 +64 +65 +66 +67 +68 +69 +70 +72 +73 +74 +75 +76 +77 +78 +79 +80 +81 +82 +83 +85 +86 +87 +88 +89 +90 +91 +92 +93 +94 +95 +96 +97 +98 +99 +100 +101 +102 +103 +104 +105 +106 +107 +108 +109 +110 +111 +112 +113 +114 +116 +117 +118 +119 +120 +121 +122 +123 +124 +125 +126 +127 +128 +129 +130 +131 +132 +133 +134 +135 +136 +137 +138 +139 +140 +141 +142 +144 +146 +147 +148 +149 +150 +151 +152 +153 +154 +155 +156 +157 +158 +159 +160 +161 +162 +163 +164 +165 +166 +167 +168 +169 +170 +171 +172 +173 +174 +175 +178 +179 +180 +181 @
>STPN.0321.00054
+3 +4 +5 +6 +7 +8 +9 +10 +11 +14 +15 +16 +17 +18 +19 +20 +21 +22 +23 +24 +25 +26 +27 +29 +30 +31 +33 +34 +35 +36 +37 +38 +39 +40 +41 +42 +44 +45 +46 +47 +48 +49 +50 +51 +52 +53 +54 +55 +56 +57 +58 +59 +60 +61 +62 +63 +64 +65 +66 +67 +68 +69 +70 +72 +73 +74 +75 +76 +77 +78 +79 +80 +81 +82 +83 +85 +86 +87 +88 +89 +90 +91 +92 +93 +94 +95 +96 +97 +98 +99 +100 +101 +102 +103 +104 +105 +106 +107 +108 +109 +110 +111 +112 +113 +114 +116 +117 +118 +119 +120 +121 +122 +123 +124 +125 +126 +127 +128 +129 +130 +131 +132 +133 +134 +135 +136 +137 +138 +139 +140 +141 +142 +144 +146 +147 +148 +149 +150 +151 +152 +153 +154 +155 +156 +157 +158 +159 +160 +161 +162 +163 +164 +165 +166 +167 +168 +169 +170 +171 +172 +173 +174 +175 +178 +179 +180 +181 +1 @
>STPN.0321.00056
+180 +181 +1 +3 +4 +5 +6 +7 +8 +9 +10 +11 +14 +15 +16 +17 +18 +19 +20 +21 +22 +23 +24 +25 +26 +27 +29 +30 +31 +33 +34 +35 +36 +37 +38 +39 +40 +41 +42 +44 +45 +46 +47 +48 +49 +50 +51 +52 +53 +54 +55 +56 +57 +58 +59 +60 +61 +62 +63 +64 +65 +66 +67 +68 +69 +70 +72 +73 +74 +75 +76 +77 +78 +79 +80 +81 +82 +83 +85 +86 +87 +88 +89 +90 +91 +96 +97 +98 +99 +100 +101 +102 +103 +104 +105 +106 +107 -95 -94 -93 -92 +108 +109 +110 +111 +112 +113 +114 +116 +117 +118 +119 +120 +121 +122 +123 +124 +125 +126 +127 +128 +129 +130 +131 +132 +133 +134 +135 +136 +137 +138 +139 +140 +141 +142 +144 +146 +147 +148 +149 +150 +151 +152 +153 +154 +155 +156 +157 +158 +159 +160 +161 +162 +163 +164 +165 +166 +167 +168 +169 +170 +171 +172 +173 +174 +175 +178 +179 @
>STPN.0321.00060
+3 +4 +5 +6 +7 +8 +9 +10 +11 +12 +14 +15 +16 +17 +18 +19 +20 +21 +22 +23 +24 +25 +26 +27 +29 +30 +31 +33 +34 +35 +36 +37 +38 +39 +40 +41 +42 +44 +45 +46 +47 +48 +49 +50 +51 +52 +53 +54 +55 +56 +57 +58 +59 +60 +61 +62 +63 +64 +65 +66 +67 +68 +69 +70 +72 +73 +74 +75 +76 +77 +78 +79 +80 +81 +82 +83 +85 +86 +87 +88 +89 +90 +91 +92 +93 +94 +95 +96 +97 +98 +99 +100 +101 +102 +103 +104 +105 +106 +107 +108 +109 +110 +111 +112 +113 +114 +116 +117 +118 +119 +120 +121 +122 +123 +124 +125 +126 +127 +128 +129 +130 +131 +132 +133 +134 +135 +136 +137 +138 +139 +140 +141 +142 +144 +146 +147 +148 +149 +150 +151 +152 +153 +154 +155 +156 +157 +158 +159 +160 +161 +162 +163 +164 +165 +166 +167 +168 +169 +170 +171 +172 +173 +174 +175 +178 +179 +180 +181 +1 @
>STPN.0321.00051
-181 -180 -179 -178 -175 -174 -173 -172 -171 -170 -169 -168 -167 -166 -165 -164 -163 -162 -161 -160 -159 -158 -157 -156 -155 -154 -153 -152 -151 -150 -149 -148 -147 -146 -144 -142 -141 -140 -139 -138 -137 -136 -135 -134 -133 -132 -131 -130 -129 -128 -127 -126 -125 -124 -123 -122 -121 -120 -119 -118 -117 -116 -114 -113 -112 -111 -110 -109 -108 -107 -106 -105 -104 -103 -102 -101 -100 -99 -98 -97 -96 -95 -94 -93 -92 -91 -90 -89 -88 -87 -86 -85 -83 -82 -81 -80 -79 -78 -77 -76 -75 -74 -73 -72 -70 -69 -68 -67 -66 -65 -64 -63 -62 -61 -60 -59 -58 -57 -56 -55 -54 -53 -52 -51 -50 -49 -48 -47 -46 -45 -44 -42 -41 -40 -39 -38 -37 -36 -35 -34 -33 -31 -30 -29 -27 -26 -25 -24 -23 -22 -21 -20 -19 -18 -17 -16 -15 -14 -12 -11 -10 -9 -8 -7 -6 -5 -4 -3 -1 @
>STPN.0321.00065
+3 +4 +5 +6 +7 +8 +9 +10 +11 +12 +14 +15 +16 +17 +19 +20 +21 +22 +23 +24 +25 +26 +27 +29 +30 +31 +33 +34 +35 +36 +37 +38 +39 +40 +41 +42 +44 +45 +46 +47 +48 +49 +50 +51 +52 +53 +54 +55 +56 +57 +58 +59 +60 +61 +62 +63 +64 +65 +66 +67 +68 +69 +70 +72 +73 +74 +75 +76 +77 +78 +79 +80 +81 +82 +83 +85 +86 +87 +88 +89 +92 +93 +94 +95 +96 +97 +98 +99 +100 +101 +102 +103 +104 +105 +106 +107 +108 +109 +110 +111 +112 +113 +114 +116 +117 +118 +90 +91 +119 +120 +121 +122 +123 +124 +125 +126 +127 +128 +129 +130 +131 +132 +133 +134 +135 +136 +137 +138 +139 +140 +141 +142 +144 +146 +147 +148 +149 +150 +151 +152 +153 +154 +161 +155 +156 +157 +158 +159 +160 +162 +163 +164 +165 +166 +167 +168 +169 +170 +171 +172 +173 +174 +175 +178 +179 +180 +181 +1 @
>STPN.0321.00031
+139 +140 +141 +142 +144 +146 +147 +148 +149 +150 +151 +152 +153 +154 +155 +156 +157 +158 +159 +160 +161 +162 +163 +164 +165 +166 +167 +168 +169 +170 +171 +172 +173 +174 +175 +178 +179 +180 +181 +1 +3 +4 +5 +6 +7 +8 +9 +10 +11 +12 +14 +15 +16 +17 +18 +19 +20 +21 +22 +23 +24 +25 +26 +27 +29 +30 +31 +33 +34 +35 +36 +37 +38 +39 +40 +41 +42 +44 +45 +46 +47 +48 +49 +50 +51 +52 +53 +54 +55 +56 +57 +58 +59 +60 +61 +62 +63 +64 +65 +66 +67 +68 +69 +70 +72 +73 +74 +75 +76 +77 +78 +79 +80 +81 +82 +83 +85 +86 +87 +88 +89 +90 +91 +92 +93 +94 +95 +96 +97 +98 +99 +100 +101 +102 +103 +104 +105 +106 +107 +108 +109 +110 +111 +112 +113 +114 +116 +117 +118 +119 +120 +121 +122 +123 +124 +125 +126 +127 +128 +129 +130 +131 +132 +133 +134 +135 +136 +137 +138 @
>STPN.0321.00061
+3 +4 +5 +6 +7 +8 +9 +10 +11 +14 +15 +16 +17 +18 +19 +20 +21 +22 +23 +24 +25 +26 +27 +29 +30 +31 +33 +34 +35 +36 +37 +38 +39 +40 +41 +42 -46 -45 -44 +47 +48 +49 +50 +51 +52 +53 +54 +55 +56 +57 +58 +59 +60 +61 +62 +63 +64 +65 +66 +67 +68 +69 +70 +72 +73 +74 +75 +76 +77 +78 +79 +80 +81 +82 +83 +85 +86 +87 +88 +89 +90 +91 +92 +93 +94 +95 +96 +97 +98 +99 +100 +101 +102 +103 +104 +105 +106 +107 +108 +109 +110 +111 +112 +113 +114 +116 +117 +118 +119 +120 +121 +122 +123 +124 +125 +126 +127 +128 +129 +130 +131 +132 +133 +134 +135 +136 +137 +138 +139 +140 +141 +142 +144 +146 +147 +148 +149 +150 +151 +152 +153 +155 +156 +157 +158 +159 +160 +161 +162 +163 +164 +165 +166 +154 +167 +168 +169 +170 +171 +172 +173 +174 +175 +178 +179 +180 +181 +1 @
>STPN.0321.00064
+3 +4 +5 +6 +7 +8 +9 +10 +11 +14 +15 +16 +17 +18 +19 +20 +21 +22 +23 +24 +25 +26 +27 +29 +30 +31 +33 +34 +35 +36 +37 +38 +39 +40 +41 +42 +44 +45 +46 +47 +48 +49 +50 +51 +52 +53 +54 +55 +56 +57 +58 +59 +60 +61 +62 +63 +64 +65 +66 +67 +68 +69 +70 +72 +73 +74 +75 +76 +77 +78 +79 +80 +81 +82 +83 +85 +86 +87 +88 +89 +90 +91 +92 +93 +94 +95 +96 +97 +98 +99 +100 +101 +102 +103 +104 +105 +106 +107 +108 +109 +110 +111 +112 +113 +114 +116 +117 +118 +119 +120 +121 +122 +123 +124 +125 +126 +127 +128 +129 +130 +131 +132 +133 +134 +135 +136 +137 +138 +139 +140 +141 +142 +144 +146 +147 +148 +149 +150 +151 +152 +153 +154 +161 +162 +163 +164 +165 +166 +155 +156 +157 +158 +159 +160 +167 +168 +169 +170 +171 +172 +173 +174 +175 +178 +179 +180 +181 +1 @
>STPN.0321.00042
+44 +45 +46 +47 +48 +49 +50 +51 +52 +53 +54 +55 +56 +57 +58 +59 +60 +61 +62 +63 +64 +65 +66 +67 +68 +69 +70 +72 +73 +74 +75 +76 +77 +78 +79 +80 +81 +85 +86 +87 +88 +89 +90 +91 +92 +93 +94 +95 +96 +97 +98 +99 +100 +101 +102 +103 +104 +105 +106 +107 +108 +109 +110 +111 +112 +113 +114 +116 +117 +118 +119 +120 +121 +122 +123 +124 +125 +126 +127 +128 +129 +130 +131 +132 +133 +134 +135 +136 +137 +138 +139 +140 +141 +142 +144 +146 +147 +148 +149 +150 +151 +152 +153 +154 +156 +157 +158 +159 +160 +161 +162 +163 +164 +165 +166 +167 +168 +169 +170 +171 +172 +173 +174 +175 +178 +179 +180 +181 +1 +3 +4 +5 +6 +7 +8 +9 +10 +11 +12 +14 +15 +16 +17 +19 +20 +21 +22 +23 +24 +25 +26 +27 +29 +30 +31 +33 +34 +35 +36 +37 +38 +39 +40 +41 +42 @
>STPN.0321.00032
+1 +3 +4 +5 +6 +7 +8 +9 +10 +11 +12 +14 +15 +16 +17 +18 +19 +20 +21 +22 +23 +24 +25 +26 +27 +29 +30 +31 +33 +34 +35 +36 +37 +38 +39 +40 +41 +42 +44 +45 +46 +47 +48 +49 +50 +51 +52 +53 +54 +55 +56 +57 +58 +59 +60 +61 +62 +63 +64 +65 +66 +67 +68 +69 +70 +72 +73 +74 +75 +76 +77 +78 +79 +80 +81 +82 +83 +85 +86 +87 +88 +89 +90 +91 +92 +93 +94 +95 +96 +97 +98 +99 +100 +101 +102 +103 +104 +105 +106 +107 +108 +109 +110 +111 +112 +113 +114 +116 +117 +118 +119 +120 +121 +122 +123 +124 +125 +126 +127 +128 +129 +130 +131 +132 +133 +134 +135 +136 +137 +138 +139 +140 +141 +142 +144 +146 +147 +148 +149 +150 +151 +152 +153 +154 +155 +156 +157 +158 +159 +160 +161 +162 +163 +164 +165 +166 +167 +168 +169 +170 +171 +172 +173 +174 +175 +178 +179 +180 +181 @
>STPN.0321.00095
+1 +3 +4 +5 +6 +7 +8 +9 +10 +11 +12 +14 +15 +16 +17 +18 +19 +20 +21 +22 +23 +24 +25 +26 +27 +29 +30 +31 +33 +34 +35 +36 +37 +38 +39 +40 +41 +42 +44 +45 +46 +47 +48 +49 +50 +51 +52 +53 +54 +55 +56 +57 +58 +59 +60 +61 +62 +63 +64 +65 +66 +67 +68 +69 +70 +72 +73 +74 +75 +76 +77 +78 +79 +80 +81 +82 +83 +85 +86 +87 +88 +89 +90 +91 +92 +93 +94 +95 +96 +97 +98 +99 +100 +101 +102 +103 +104 +105 +106 +107 +108 +109 +110 +111 +112 +113 +114 +116 +117 +118 +119 +120 +121 +122 +123 +124 +125 +126 +127 +128 +129 +130 +131 +132 +133 +134 +135 +136 +137 +138 +139 +140 +141 +142 +144 +146 +147 +148 +149 +150 +151 +152 +153 +154 +155 +156 +157 +158 +159 +160 +161 +162 +163 +164 +165 +166 +167 +168 +169 +170 +171 +172 +173 +174 +175 +178 +179 +180 +181 @
>STPN.0321.00026
+1 +3 +4 +5 +6 +7 +8 +9 +10 +11 +12 +14 +15 +16 +17 +18 +19 +20 +21 +22 +23 +24 +25 +26 +27 +29 +30 +31 +33 +34 +35 +36 +37 +38 +39 +40 +41 +42 +44 +45 +46 +47 +48 +49 +50 +51 +52 +53 +54 +55 +56 +57 +58 +59 +60 +61 +62 +63 +64 +65 +66 +67 +68 +69 +70 +72 +73 +74 +75 +76 +77 +78 +79 +80 +81 +82 +85 +86 +87 +88 +89 +90 +91 +92 +93 +94 +95 +96 +97 +98 +99 +100 +101 +102 +103 +104 +105 +106 +107 +108 +109 +110 +111 +112 +113 +114 +116 +117 +118 +119 +120 +121 +122 +123 +124 +125 +126 +127 +128 +129 +130 +131 +132 +133 +134 +135 +136 +137 +138 +139 +140 +141 +142 +144 +146 +147 +148 +149 +150 +151 +152 +153 +154 +156 +157 +158 +159 +160 +161 +162 +163 +164 +165 +166 +167 +168 +169 +170 +171 +172 +173 +174 +175 +178 +179 +180 +181 @
>STPN.0321.00057
+1 +3 +4 +5 +6 +7 +8 +9 +10 +11 +12 +14 +15 +16 +17 +18 +19 +20 +21 +22 +23 +24 +25 +26 +27 +29 +30 +31 +33 +34 +35 +36 +37 +38 +39 +40 +41 +42 +44 +45 +46 +47 +48 +49 +50 +51 +52 +53 +54 +55 +56 +57 +58 +59 +60 +61 +62 +63 +64 +65 +66 +67 +68 +69 +70 +72 +73 +74 +75 +76 +77 +78 +79 +80 +81 +82 +83 +85 +86 +87 +88 +89 +90 +91 +92 +93 +94 +95 +96 +97 +98 +99 +100 +101 +102 +103 +104 +105 +106 +107 +108 +109 +110 +111 +112 +113 +114 +116 +117 +118 +119 +120 +121 +122 +123 +124 +125 +126 +127 +128 +129 +130 +131 +132 +133 +134 +135 +136 +137 +138 +139 +140 +141 +142 +144 +146 +147 +148 +149 +150 +151 +152 +153 +154 +155 +156 +157 +158 +159 +160 +161 +162 +163 +164 +165 +166 +167 +168 +169 +170 +171 +172 +173 +174 +175 +178 +179 +180 +181 @
>STPN.0321.00052
-127 -126 -125 -124 -123 -122 -121 -120 -119 -118 -117 -116 -114 -113 -112 -111 -110 -109 -108 -107 -106 -105 -104 -103 -102 -101 -100 -99 -98 +82 +83 +85 +86 +87 +88 +89 +90 +91 +92 +93 +94 +95 +96 +97 -81 -80 -79 -78 -77 -76 -75 -74 -73 -72 -70 -69 -68 -67 -66 -65 -64 -63 -62 -61 -60 -59 -58 -57 -56 -55 -54 -53 -52 -51 -50 -49 -48 -47 -46 -45 -44 -42 -41 -40 -39 -38 -37 -36 -35 -34 -33 -31 -30 -29 -27 -26 -25 -24 -23 -22 -21 -20 -19 -18 -17 -16 -15 -14 -12 -11 -10 -9 -8 -7 -6 -5 -4 -3 -1 -181 -180 -179 -178 -175 -174 -173 -172 -171 -170 -169 -168 -167 -166 -165 -164 -163 -162 -161 -160 -159 -158 -157 -156 -155 -154 -153 -152 -151 -150 -149 -148 -147 -146 -144 -142 -141 -140 -139 -138 -137 -136 -135 -134 -133 -132 -131 -130 -129 -128 @
>STPN.0321.00074
+1 +3 +4 +5 +6 +7 +8 +9 +10 +11 +12 +14 +15 +16 +17 +18 +19 +20 +21 +22 +23 +24 +25 +26 +27 +29 +30 +31 +33 +34 +35 +36 +37 +38 +39 +40 +41 +42 +44 +45 +46 +47 +48 +49 +50 +51 +52 +53 +54 +55 +56 +57 +58 +59 +60 +61 +62 +63 +64 +65 +66 +67 +68 +69 +70 +72 +73 +74 +75 +76 +77 +78 +79 +80 +81 +82 +83 +85 +86 +87 +88 +89 +90 +91 +92 +93 +94 +95 +96 +97 +98 +99 +100 +101 +102 +103 +104 +105 +106 +107 +108 +109 +110 +111 +112 +113 +114 +116 +117 +118 +119 +120 +121 +122 +123 +124 +125 +126 +127 +128 +129 +130 +131 +132 +133 +134 +135 +136 +137 +138 +139 +140 +141 +142 +144 +146 +147 +148 +149 +150 +151 +152 +153 +154 +155 +156 +157 +158 +159 +160 +161 +162 +163 +164 +165 +166 +167 +168 +169 +170 +171 +172 +173 +174 +175 +178 +179 +180 +181 @
>STPN.0321.00036
+72 +73 +74 +75 +76 +77 +78 +79 +80 +81 +82 +83 +85 +86 +87 +88 +89 +90 +91 +92 +93 +94 +95 +96 +97 +98 +99 +100 +101 +102 +103 +104 +105 +106 +107 +108 +109 +110 +111 +112 +113 +114 +116 +117 +118 +119 +120 +121 +122 +123 +124 +125 +126 +127 +128 +129 +130 +131 +132 +133 +134 +135 +136 +137 +138 +139 +140 +141 +142 +144 +146 +147 +148 +149 +150 +151 +152 +153 +154 +155 +156 +157 +158 +159 +160 +161 +162 +163 +164 +165 +166 +167 +168 +169 +170 +171 +172 +173 +174 +175 +178 +179 +180 +181 +1 +3 +4 +5 +6 +7 +8 +9 +10 +11 +12 +14 +15 +16 +17 +18 +19 +20 +21 +22 +23 +24 +25 +26 +27 +29 +30 +31 +33 +34 +35 +36 +37 +38 +39 +40 +41 +42 +44 +45 +46 +47 +48 +49 +50 +51 +52 +53 +54 +55 +56 +57 +58 +59 +60 +61 +62 +63 +64 +65 +66 +67 +68 +69 +70 @
>STPN.0321.00072
+1 +3 +4 +5 +6 +7 +8 +9 +10 +11 +12 +14 +15 +16 +17 +18 +19 +20 +21 +22 +23 +24 +25 +26 +27 +29 +30 +31 +33 +34 +35 +36 +37 +38 +39 +40 +41 +42 +44 +45 +46 +47 +48 +49 +50 +51 +52 +53 +54 +55 +56 +57 +58 +59 +60 +61 +62 +63 +64 +65 +66 +67 +68 +69 +70 +72 +73 +74 +75 +76 +77 +78 +79 +80 +81 +82 +83 +85 +86 +87 +88 +89 +90 +91 +92 +93 +94 +95 +96 +97 +98 +99 +100 +101 +102 +103 +104 +105 +106 +107 +108 +109 +110 +111 +112 +113 +114 +116 +117 +118 +119 +120 +121 +122 +123 +124 +125 +126 +127 +128 +129 +130 +131 +132 +133 +134 +135 +136 +137 +138 +139 +140 +141 +142 +144 +146 +147 +148 +149 +150 +151 +152 +153 +154 +155 +156 +157 +158 +159 +160 +161 +162 +163 +164 +165 +166 +167 +168 +169 +170 +171 +172 +173 +174 +175 +178 +179 +180 +181 @
>STPN.0321.00001
-181 -180 -179 -178 -175 -174 -173 -172 -171 -170 -169 -168 -167 -166 -165 -164 -163 -162 -161 -160 -159 -158 -157 -156 -155 -154 -153 -152 -151 -150 -149 -148 -147 -146 -144 -142 -141 -140 -139 -138 -137 -136 -135 -134 -133 -132 -131 -130 -129 -128 -127 -126 -125 -124 -123 -122 -121 -120 -119 -118 -117 -116 -114 -113 -112 -111 -110 -109 -108 -107 -106 -105 -104 -103 -102 -101 -100 -99 -98 -97 -96 -95 -94 -93 -92 -91 -90 -89 -88 -87 -86 -85 -83 -82 -81 -80 -79 -78 -77 -76 -75 -74 -73 -72 -70 -69 -68 -67 -66 -65 -64 -63 -62 -61 -60 -59 -58 -57 -56 -55 -54 -53 -52 -51 -50 -49 -48 -47 -46 -45 -44 -42 -41 -40 -39 -38 -37 -36 -35 -34 -33 -31 -30 -29 -27 -26 -25 -24 -23 -22 -21 -20 -19 -18 -17 -16 -15 -14 -12 -11 -10 -9 -8 -7 -6 -5 -4 -3 -1 @
>STPN.0321.00073
+1 +3 +4 +5 +6 +7 +8 +9 +10 +11 +12 +14 +15 +16 +17 +18 +19 +20 +21 +22 +23 +24 +25 +26 +27 +29 +30 +31 +33 +34 +35 +36 +37 +38 +39 +40 +41 +42 +44 +45 +46 +47 +48 +49 +50 +51 +52 +53 +54 +55 +56 +57 +58 -119 -118 -117 -116 -114 -113 -112 -111 -110 -109 -108 -107 -106 -105 -104 -103 -102 -101 -100 -99 -98 -97 -96 -95 -94 -93 -92 -91 -90 -89 -88 -87 -86 -85 -83 -82 -81 -80 -79 -78 -77 -76 -75 -74 -73 -72 -70 -69 -68 -67 -66 -65 -64 -63 -62 -61 -60 -59 +120 +121 +122 +123 +124 +125 +126 +127 +128 +129 +130 +131 +132 +133 +134 +135 +136 +137 +138 +139 +140 +141 +142 +144 +146 +147 +148 +149 +150 +151 +152 +153 +154 +155 +156 +157 +158 +159 +160 +161 +162 +163 +164 +165 +166 +167 +168 +169 +170 +171 +172 +173 +174 +175 +178 +179 +180 +181 @
>STPN.0321.00058
+180 +181 +1 +3 +4 +5 +6 +7 +8 +9 +10 +11 +14 +15 +16 +17 +18 +19 +20 +21 +22 +23 +24 +25 +26 +27 +29 +30 +31 +33 +34 +35 +36 +37 +38 +39 +40 +41 +42 +44 +45 +46 +47 +48 +49 +50 +51 +52 +53 +54 +55 +56 +57 +58 +59 +60 +61 +62 +63 +64 +65 +66 +67 +68 +69 +70 +72 +73 +74 +75 +76 +77 +78 +79 +80 +81 +82 +83 +85 +86 +87 +88 +89 +90 +91 +92 +96 +97 +98 +99 +100 +101 +102 +103 +104 +105 +106 +107 -95 -94 -93 +108 +109 +110 +111 +112 +113 +114 +116 +117 +118 +119 +120 +121 +122 +123 +124 +125 +126 +127 +128 +129 +130 +131 +132 +133 +134 +135 +136 +137 +138 +139 +140 +141 +142 +144 +146 +147 +148 +149 +150 +151 +152 +153 +154 +155 +156 +157 +158 +159 +160 +161 +162 +163 +164 +165 +166 +167 +168 +169 +170 +171 +172 +173 +174 +175 +178 +179 -12 @
>STPN.0321.00097
+27 +29 +30 +31 +33 +34 +35 +36 +37 +38 +39 +40 +41 +42 +44 +45 +46 +47 +48 +49 +50 +51 +52 +53 +54 +55 +56 +57 +58 +59 +60 +61 +62 +63 +64 +65 +66 +67 +68 +69 +70 +72 +73 +74 +75 +76 +77 +78 +79 +80 +81 +82 +83 +85 +86 +87 +88 +89 +90 +91 +92 +93 +94 +95 +96 +97 +98 +99 +100 +101 +102 +103 +104 +105 +106 +107 +108 +109 +110 +111 +112 +113 +114 +116 +117 +118 +119 +120 +121 +122 +123 +124 +125 +126 +127 +128 +129 +130 +131 +132 +133 +134 +135 +136 +137 +138 +139 +140 +141 +142 +144 +146 +147 +148 +149 +150 +151 +152 -26 -25 -24 -23 -22 -21 -20 -19 -18 -17 -16 -15 -14 -12 -11 -10 -9 -8 -7 -6 -5 -4 -3 -1 -181 -180 -179 -178 -175 -174 -173 -172 -171 -170 -169 -168 -167 -166 -165 -164 -163 -162 -161 +153 +154 +155 +156 +157 +158 +159 +160 @
>STPN.0321.00077
+1 +3 +4 +5 +6 +7 +8 +9 +10 +11 +12 +14 +15 +16 +17 +18 +19 +20 +21 +22 +23 +24 +25 +26 +27 +29 +30 +31 +33 +34 +35 +36 +37 +38 +39 +40 +41 +42 +44 +45 +46 +47 +48 +49 +50 +51 +52 +53 +54 +55 +56 +57 +58 +59 +60 +61 +62 +63 +64 +65 +66 +67 +68 +69 +70 +72 +73 +74 +75 +76 +77 +78 +79 +80 +81 +82 +83 +85 +86 +87 +88 +89 +90 +91 +92 +93 +94 +95 +96 +97 +98 +99 +100 +101 +102 +103 +104 +105 +106 +107 +108 +109 +110 +111 +112 +113 +114 +116 +117 +118 +119 +120 +121 +122 +123 +124 +125 +126 +127 +128 +129 +130 +131 +132 +133 +134 +135 +136 +137 +138 +139 +140 +141 +142 +144 +146 +147 +148 +149 +150 +151 +152 +153 +154 +155 +156 +157 +158 +159 +160 +161 +162 +163 +164 +165 +166 +167 +168 +169 +170 +171 +172 +173 +174 +175 +178 +179 +180 +181 @
>STPN.0321.00083
+1 +3 +4 +5 +6 +7 +8 +9 +10 +11 +12 +14 +15 +16 +17 +18 +19 +20 +21 +22 +23 +24 +25 +26 +27 +29 +30 +31 +33 +34 +35 +36 +37 +38 +39 +40 +41 +42 +44 +45 +46 +47 +48 +49 +50 +51 +52 +53 +54 +55 +56 +57 +58 +59 +60 +61 +62 +63 +64 +65 +66 +67 +68 +69 +70 +72 +73 +74 +75 +76 +77 +78 +79 +80 -95 -94 -93 -92 -91 -90 -89 -88 -87 -86 -85 -83 -82 -81 +96 +97 +98 +99 +100 +101 +102 +103 +104 +105 +106 +107 +108 +109 +110 +111 +112 +113 +114 +116 +117 +118 +119 +120 +121 +122 +123 +124 +125 +126 +127 +128 +129 +130 +131 +132 +133 +134 +135 +136 +137 +138 +139 +140 +141 +142 +144 +146 +147 +148 +149 +150 +151 +152 +153 +154 +155 +156 +157 +158 +159 +160 +161 +162 +163 +164 +165 +166 +167 +168 +169 +170 +171 +172 +173 +174 +175 +178 +179 +180 +181 @
>STPN.0321.00071
+1 +3 +4 +5 +6 +7 +8 +9 +10 +11 +12 +14 +15 +16 +17 +18 +19 +20 +21 +22 +23 +24 +25 +26 +27 +29 +30 +31 +33 +34 +35 +36 +37 +38 +39 +40 +41 +42 +44 +45 +46 +47 +48 +49 +50 +51 +52 +53 +54 +55 +56 +57 +58 +59 +60 +61 +62 +63 +64 +65 +66 +67 +68 +69 +70 +72 +73 +74 +75 +76 +77 +78 +79 +80 +81 +82 +83 +85 +86 +87 +88 +89 +90 +91 +92 +93 +94 +95 +96 +97 +98 +99 +100 +101 +102 +103 +104 +105 +106 +107 +108 +109 +110 +111 +112 +113 +114 +116 +117 +118 +119 +120 +121 +122 +123 +124 +125 +126 +127 +128 +129 +130 +131 +132 +133 +134 +135 +136 +137 +138 +139 +140 +141 +142 +144 +146 +147 +148 +149 +150 +151 +152 +153 +154 +155 +156 +157 +158 +159 +160 +161 +162 +163 +164 +165 +166 +167 +168 +169 +170 +171 +172 +173 +174 +175 +178 +179 +180 +181 @
>STPN.0321.00068
+179 +180 +181 +1 +3 +4 +5 +6 +7 +8 +9 +10 +11 +14 +15 +16 +17 +18 +19 +20 +21 +22 +23 +24 +25 +26 +27 +29 +30 +31 +33 +34 +35 +36 +37 +38 +39 +40 +41 +42 +44 +45 +46 +47 +48 +49 +50 +51 +52 +53 +54 +55 +56 +57 +58 +59 +60 +61 +62 +63 +64 +65 +66 +67 +68 +69 +70 +72 +73 +74 +75 +76 +77 +78 +79 +80 +81 +82 +83 +85 +86 +87 +88 +89 +90 +91 +92 +93 +94 +95 +96 +97 +98 +99 +100 +101 +102 +103 +104 +105 +106 +107 +108 +109 +110 +111 +112 +113 +114 +116 +117 +118 +119 +120 +121 +122 +123 +124 +125 +126 +127 +128 +129 +130 +131 +132 +133 +134 +135 +136 +137 +138 +139 +140 +141 +142 +144 +146 +147 +148 +149 +150 +151 +152 +153 +154 +155 +156 +157 +158 +159 +160 +161 +162 +163 +164 +165 +166 +167 +168 +169 +170 +171 +172 +173 +174 +175 +178 @
>STPN.0321.00021
+1 +3 +4 +5 +6 +7 +8 +9 +10 +11 +12 +14 +15 +16 +17 +18 +19 +20 +21 +22 +23 +24 +25 +26 +27 +29 +30 +31 +33 +34 +35 +36 +37 +38 +39 +40 +41 +42 +44 +45 +46 +47 +48 +49 +50 +51 +52 +53 +54 +55 +56 +57 +58 +59 +60 +61 +62 +63 +64 +65 +66 +67 +68 +69 +70 +72 +73 +74 +75 +76 +77 +78 +79 +80 +81 +82 +83 +85 +86 +87 +88 +89 +90 +91 +92 +93 +94 +95 +96 +97 +98 +99 +100 +101 +102 +103 +104 +105 +106 +107 +108 +109 +110 +111 +112 +113 +114 +116 +117 +118 +119 +120 +121 +122 +123 +124 +125 +126 +127 +128 +129 +130 +131 +132 +133 +134 +135 +136 +137 +138 +139 +140 +141 +142 +144 +146 +147 +148 +149 +150 +151 +152 +153 +154 +155 +156 +157 +158 +159 +160 +161 +162 +163 +164 +165 +166 +167 +168 +169 +170 +171 +172 +173 +174 +175 +178 +179 +180 +181 @
>STPN.0321.00053
+1 +3 +4 +5 +6 +7 +8 +9 +10 +11 +14 +15 +16 +17 +18 +19 +20 +21 +22 +23 +24 +25 +26 +27 +29 +30 +31 +33 +34 +35 +36 +37 +38 +39 +40 +41 +42 +44 +45 +46 +47 +48 +49 +50 +51 +52 +53 +54 +55 +56 +57 +58 +59 +60 +61 +62 +63 +64 +65 +66 +67 +68 +69 +70 +72 +73 +74 +75 +76 +77 +78 +79 +80 +81 +82 +83 +85 +86 +87 +88 +89 +90 +91 +92 +93 +94 +95 +96 +97 +98 +99 +100 +101 +102 +103 +104 +105 +106 +107 +108 +109 +110 +111 +112 +113 +114 +116 +117 +118 +119 +120 +121 +122 +123 +124 +125 +126 +127 +128 +129 +130 +131 +132 +133 +134 +135 +136 +137 +138 +139 +140 +141 +142 +144 +146 +147 +148 +149 +150 +151 +152 +153 +154 +155 +156 +157 +158 +159 +160 +161 +162 +163 +164 +165 +166 +167 +168 +169 +170 +171 +172 +173 +174 +175 +178 +179 +180 +181 @
>STPN.0321.00022
+1 +3 +4 +5 +6 +7 +8 +9 +10 +11 +12 +14 +15 +16 +17 +18 +19 +20 +21 +22 +23 +24 +25 +26 +27 +29 +30 +31 +33 +34 +35 +36 +37 +38 +39 +40 +41 +42 +44 +45 +46 +47 +48 +49 +50 +51 +52 +53 +54 +55 +56 +57 +58 +59 +60 +61 +62 +63 +64 +65 +66 +67 +68 +69 +70 +72 +73 +74 +75 +76 +77 +78 +79 +80 +81 +82 +83 +85 +86 +87 +88 +89 +90 +91 +92 +93 +94 +95 +96 +97 +98 +99 +100 +101 +102 +103 +104 +105 +106 +107 +108 +109 +110 +111 +112 +113 +114 +116 +117 +118 +119 +120 +121 +122 +123 +124 +125 +126 +127 +128 +129 +130 +131 +132 +133 +134 +135 +136 +137 +138 +139 +140 +141 +142 +144 +146 +147 +148 +149 +150 +151 +152 +153 +154 +155 +156 +157 +158 +159 +160 +161 +162 +163 +164 +165 +166 +167 +168 +169 +170 +171 +172 +173 +174 +175 +178 +179 +180 +181 @
>STPN.0321.00050
-181 -180 -179 -178 -175 -174 -173 -172 -171 -170 -169 -168 -167 -166 -165 -164 -163 -162 -161 -160 -159 -158 -157 -156 -155 -154 -153 -152 -151 -150 -149 -148 -147 -146 -144 -142 -141 -140 -139 -138 -137 -136 -135 -134 -133 -132 -131 -130 -129 -128 -127 -126 -125 -124 -123 -122 -121 -120 -119 -118 -117 -116 -114 -113 -112 -111 -110 -109 -108 -107 -106 -105 -104 -103 -102 -101 -100 -99 -98 -97 -96 -95 -94 -93 -92 -91 -90 -89 -88 -87 -86 -85 -83 -82 -81 -80 -79 -78 -77 -76 -75 -74 -73 -72 -70 -69 -68 -67 -66 -65 -64 -63 -62 -61 -60 -59 -58 -57 -56 -55 -54 -53 -52 -51 -50 -49 -48 -47 -46 -45 -44 -42 -41 -40 -39 -38 -37 -36 -35 -34 -33 -31 -30 -29 -27 -26 -25 -24 -23 -22 -21 -20 -19 -18 -17 -16 -15 -14 -11 -10 -9 -8 -7 -6 -5 -4 -3 -1 @
>STPN.0321.00062
+3 +4 +5 +6 +7 +8 +9 +10 +11 +14 +15 +16 +17 +18 +19 +20 +21 +22 +23 +24 +25 +26 +27 +29 +30 +31 +33 +34 +35 +36 +37 +38 +39 +40 +41 +42 -50 -49 -48 -47 -46 -45 -44 +51 +52 +53 +54 +55 +56 +57 +58 +59 +60 +61 +62 +63 +64 +65 +66 +67 +68 +69 +70 +72 +73 +74 +75 +76 +77 +78 +79 +80 +81 +82 +83 +85 +86 +87 +88 +89 +90 +91 +96 +97 +98 +99 +100 +101 +102 +103 +104 +105 +106 +107 +108 +109 +110 +111 +112 +113 +114 +116 +117 +118 -95 -94 -93 -92 +119 +120 +121 +122 +123 +124 +125 +126 +127 +128 +129 +130 +131 +132 +133 +134 +135 +136 +137 +138 +139 +140 +141 +142 +144 +146 +147 +148 +149 +150 +151 +152 +153 +154 +155 +156 +157 +158 +159 +160 +161 +162 +163 +164 +165 +166 +167 +168 +169 +170 +171 +172 +173 +174 +175 +178 +179 +180 +181 +1 @
>STPN.0321.00008
+1 +3 +4 +5 +6 +7 +8 +9 +10 +11 +12 +14 +15 +16 +17 +18 +19 +20 +21 +22 +23 +24 +25 +26 +27 +29 +30 +31 +33 +34 +35 +36 +37 +38 +39 +40 +41 +42 +44 +45 +46 +47 +48 +49 +50 +51 +52 +53 +54 +55 +56 +57 +58 +59 +60 -118 -117 -116 -114 -113 -112 -111 -110 -109 -108 -107 -106 -105 -104 -103 -102 -101 -100 -99 -98 -97 -96 -95 -94 -93 -92 -91 -90 -89 -88 -87 -86 -85 -83 -82 -81 -80 -79 -78 -77 -76 -75 -74 -73 -72 -70 -69 -68 -67 -66 -65 -64 -63 -62 -61 +119 +120 +121 +122 +123 +124 +125 +126 +127 +128 +129 +130 +131 +132 +133 +134 +135 +136 +137 +138 +139 +140 +141 +142 +144 +146 +147 +148 +149 +150 +151 +152 +153 +154 +155 +156 +157 +158 +159 +160 +161 +162 +163 +164 +165 +166 +167 +168 +169 +170 +171 +172 +173 +174 +175 +178 +179 +180 +181 @
>STPN.0321.00069
+1 +3 +4 +5 +6 +7 +8 +9 +10 +11 +12 +14 +15 +16 +17 +18 +19 +20 +21 +22 +23 +24 +25 +26 +27 +29 +30 +31 +33 +34 +35 +36 +37 +38 +39 +40 +41 +42 +44 +45 +46 +47 +48 +49 +50 +51 +52 +53 +54 +55 +56 +57 +58 +59 +60 +61 +62 +63 +64 +65 +68 +69 +70 +72 +73 +74 +75 +76 +77 +78 +79 +80 +81 +82 +83 +85 +86 +87 +88 +89 +90 +91 +102 +103 +104 +105 +106 +107 +108 +109 +110 +111 +112 +113 +114 +116 +117 +118 +119 +120 +121 +122 +123 +124 +125 +126 +127 +128 +129 +130 +131 +132 +133 +134 +135 +136 +137 +138 +139 +140 +141 +142 +144 +146 +147 +148 +149 +150 +151 +152 -67 -66 -154 -153 +92 +93 +94 +95 +96 +97 +98 +99 +100 +101 +156 +157 +158 +159 +160 +161 +162 +163 +164 +165 +166 +167 +168 +169 +170 +171 +172 +173 +174 +175 +178 +179 +180 +181 @
>STPN.0321.00017
+1 +3 +4 +5 +6 +7 +8 +9 +10 +11 +12 +14 +15 +16 +17 +18 +19 +20 +21 +22 +23 +24 +25 +26 +27 +29 +30 +31 +33 +34 +35 +36 +37 +38 +39 +40 +41 +42 +44 +45 +46 +47 +48 +49 +50 +51 +52 +53 +54 +55 +56 +57 +58 +59 +60 +61 +62 +63 +64 +65 +66 +67 +68 +69 +70 +72 +73 +74 +75 +76 +77 +78 +79 +80 +81 +82 +83 +85 +86 +87 +88 +89 +90 +91 +92 +93 +94 +95 +96 +97 +98 +99 +100 +101 +102 +103 +104 +105 +106 +107 +108 +109 +110 +111 +112 +113 +114 +116 +117 +118 +119 +120 +121 +122 +123 +124 +125 +126 +127 +128 +129 +130 +131 +132 +133 +134 +135 +136 +137 +138 +139 +140 +141 +142 +144 +146 +147 +148 +149 +150 +151 +152 +153 +154 +155 +156 +157 +158 +159 +160 +161 +162 +163 +164 +165 +166 +167 +168 +169 +170 +171 +172 +173 +174 +175 +178 +179 +180 +181 @
>STPN.0321.00092
+81 +82 +83 +85 +86 +87 +88 +89 +90 +91 +92 +93 +94 +95 +96 +97 +98 +99 +100 +101 +102 +103 +104 +105 +106 +107 +108 +109 +110 +111 +112 +113 +114 +116 +117 +118 +119 +120 +121 +122 +123 +124 +125 +126 +127 +128 +129 +130 +131 +132 +133 +134 +135 +136 +137 +138 +139 +140 +141 +142 +144 +146 +147 +148 +149 +150 +151 +152 +153 +154 -1 -181 -180 -179 -178 -175 -174 -173 -172 -171 -170 -169 -168 -167 -166 -165 -164 -163 -162 -161 -160 -159 -158 -157 -156 -155 +3 +4 +5 +6 +7 +8 +9 +10 +11 +14 +15 +16 +17 +18 +19 +20 +21 +22 +23 +24 +25 +26 +27 +29 +30 +31 +33 +34 +35 +36 +37 +38 +39 +40 +41 +42 +44 +45 +46 +47 +48 +49 +50 +51 +52 +53 +54 +55 +56 +57 +58 +59 +60 +61 +62 +63 +64 +65 +66 +67 +68 +69 +70 +72 +73 +74 +75 +76 +77 +78 +79 +80 @
>STPN.0321.00094
+1 +3 +4 +5 +6 +7 +8 +9 +10 +11 +12 +14 +15 +16 +17 +18 +19 +20 +21 +22 +23 +24 +25 +26 +27 +29 +30 +31 +33 +34 +35 +36 +37 +38 +39 +40 +41 +42 +44 +45 +46 +47 +48 +49 +50 +51 +52 +53 +54 +55 +56 +57 +58 +59 +60 +61 +62 +63 +64 +65 +66 +67 +68 +69 +70 +72 +73 +74 +75 +76 +77 +78 +79 +80 +81 +82 +83 -104 -103 -102 -101 -100 -99 -98 -97 -96 -95 -94 -93 -92 -91 -90 -89 -88 -87 -86 -85 +105 +106 +107 +108 +109 +110 +111 +112 +113 +114 +116 +117 +118 +119 +120 +121 +122 +123 +124 +125 +126 +127 +128 +129 +130 +131 +132 +133 +134 +135 +136 +137 +138 +139 +140 +141 +142 +144 +146 +147 +148 +149 +150 +151 +152 +153 +154 +155 +156 +157 +158 +159 +160 +161 +162 +163 +164 +165 +166 +167 +168 +169 +170 +171 +172 +173 +174 +175 +178 +179 +180 +181 @
>STPN.0321.00012
+1 +3 +4 +5 +6 +7 +8 +9 +10 +11 +12 +14 +15 +16 +17 +18 +19 +20 +21 +22 +23 +24 +25 +26 +27 +29 +30 +31 +33 +34 +35 +36 +37 +38 +39 +40 +41 +42 +44 +45 +46 +47 +48 +49 +50 +51 +52 +53 +54 +55 +56 +57 +58 +59 +60 +61 +62 +63 +64 +65 +66 +67 +68 +69 +70 +72 +73 +74 +75 +76 +77 +78 +79 +80 +81 +82 +83 +85 +86 +87 +88 +89 +90 +91 +92 +93 +94 +95 +96 +97 +98 +99 +100 +101 +102 +103 +104 +105 +106 +107 +108 +109 +110 +111 +112 +113 +114 +116 +117 +118 +119 +120 +121 +122 +123 +124 +125 +126 +127 +128 +129 +130 +131 +132 +133 +134 +135 +136 +137 +138 +139 +140 +141 +142 +144 +146 +147 +148 +149 +150 +151 +152 +153 +154 +155 +156 +157 +158 +159 +160 +161 +162 +163 +164 +165 +166 +167 +168 +169 +170 +171 +172 +173 +174 +175 +178 +179 +180 +181 @
>STPN.0321.00091
+1 -174 -173 -172 -171 -170 -169 -168 -167 -166 -165 -164 -163 -162 -161 -160 -159 -158 -157 -156 -154 -153 -152 -151 -150 -149 -148 -147 -146 -144 -142 -141 -140 -139 -138 -137 -136 -135 -134 -133 -132 -131 -130 -129 -128 -127 -126 -125 -124 -123 -122 -121 -120 -119 -118 -117 -116 -114 -113 -112 -111 -110 -109 -108 -107 -106 -105 -104 -103 -102 -101 -100 -99 -98 +54 +55 +56 +57 +58 +59 +60 +61 +62 +63 +64 +65 +66 +67 +68 +69 +70 +72 +73 +74 +75 +76 +77 +78 +79 +80 +81 +82 +83 +85 +86 +87 +88 +89 +90 +91 +92 +93 +94 +95 +96 +97 -53 -52 -51 -50 -49 -48 -47 -46 -45 -44 -42 -41 -40 -39 -38 -37 -36 -35 -34 -33 -31 -30 -29 -27 -26 -25 -24 -23 -22 -21 -20 -19 -18 -17 -16 -15 -14 -12 -11 -10 -9 -8 -7 -6 -5 -4 -3 +175 +178 +179 +180 +181 @
>STPN.0321.00093
+1 +3 +4 +5 +6 +7 +8 +9 +10 +11 +12 +14 +15 +16 +17 +18 +19 +20 +21 +22 +23 +24 +25 +26 +27 +29 +30 +31 +33 +34 +35 +36 +37 +38 +39 +40 +41 +42 +44 +45 +46 +47 +48 +49 +50 +51 +52 +53 +54 +55 +56 +57 +58 +59 +60 -118 -117 -116 -114 -113 -112 -111 -110 -109 -108 -107 -106 -105 -104 -103 -102 -101 -100 -99 -98 -97 -96 +81 +82 +83 +85 +86 +87 +88 +89 +90 +91 +92 +93 +94 +95 -80 -79 -78 -77 -76 -75 -74 -73 -72 -70 -69 -68 -67 -66 -65 -64 -63 -62 -61 +119 +120 +121 +122 +123 +124 +125 +126 +127 +128 +129 +130 +131 +132 +133 +134 +135 +136 +137 +138 +139 +140 +141 +142 +144 +146 +147 +148 +149 +150 +151 +152 +153 +154 +155 +156 +157 +158 +159 +160 +161 +162 +163 +164 +165 +166 +167 +168 +169 +170 +171 +172 +173 +174 +175 +178 +179 +180 +181 @
>STPN.0321.00079
+1 +3 +4 +5 +6 +7 +8 +9 +10 +11 +12 +14 +15 +16 +17 +18 +19 +20 +21 +22 +23 +24 +25 +26 +27 +29 +30 +31 +33 +34 +35 +36 +37 +38 +39 +40 +41 +42 +44 +45 +46 +47 +48 +49 +50 +51 +52 +53 +54 +55 +56 +57 +58 +59 +60 +61 +62 +63 +64 +65 +66 +67 +68 +69 +70 +72 +73 +74 +75 +76 +77 +78 +79 +80 +81 +82 +83 +85 +86 +87 +88 +89 +90 +91 +92 +93 +94 +95 +96 +97 +98 +99 +100 +101 +102 +103 +104 +105 +106 +107 +108 +109 +110 +111 +112 +113 +114 +116 +117 +118 +119 +120 +121 +122 +123 +124 +125 +126 +127 +128 +129 +130 +131 +132 +133 +134 +135 +136 +137 +138 +139 +140 +141 +142 +144 +146 +147 +148 +149 +150 +151 +152 +153 +154 +155 +156 +157 +158 +159 +160 +161 +162 +163 +164 +165 +166 +167 +168 +169 +170 +171 +172 +173 +174 +175 +178 +179 +180 +181 @
>STPN.0321.00003
+1 +3 +4 +5 +6 +7 +8 +9 +10 +11 +14 +15 +16 +17 +18 +19 +20 +21 +22 +23 +24 +25 +26 +27 +29 +30 +31 +33 +34 +35 +36 +37 +38 +39 +40 +41 +42 +44 +45 +46 +47 +48 +49 +50 +51 +52 +53 +54 +55 +56 +57 +58 +59 +60 +61 +62 +63 +64 +65 +66 +67 +68 +69 +70 +72 +73 +74 +75 +76 +77 +78 +79 +80 +81 +82 +83 +85 +86 +87 +88 +89 +90 +91 +92 +93 +94 +95 +96 +97 +98 +99 +100 +101 +102 +103 +104 +105 +106 +107 +108 +109 +110 +111 +112 +113 +114 +116 +117 +118 +119 +120 +121 +122 +123 +124 +125 +126 +127 +128 +129 +130 +131 +132 +133 +134 +135 +136 +137 +138 +139 +140 +141 +142 +144 +146 +147 +148 +149 +150 +151 +152 +153 +154 +155 +156 +157 +158 +159 +160 +161 +162 +163 +164 +165 +166 +167 +168 +169 +170 +171 +172 +173 +174 +175 +178 +179 +180 +181 @
>STPN.0321.00076
+1 +3 +4 +5 +6 +7 +8 +9 +10 +11 +12 +14 +15 +16 +17 +18 +19 +20 +21 +22 +23 +24 +25 +26 +27 +29 +30 +31 +33 +34 +35 +36 +37 +38 +39 +40 +41 +42 +44 +45 +46 +47 +48 +49 +50 +51 +52 +53 +54 +55 +56 +57 +58 +59 +60 +61 +62 +63 +64 +65 +66 +67 +68 +69 +70 +72 +73 +74 +75 +76 +77 +78 +79 +80 +81 +82 +83 +85 +86 +87 +88 +89 +90 +91 +92 +93 +95 +96 +97 +98 +99 +100 +101 +102 +103 +104 +105 +106 +107 +108 +109 +110 +111 +112 +113 +114 +116 +117 +118 +119 +120 +121 +122 +123 +124 +125 +126 +127 +128 +129 +130 +131 +132 +133 +134 +135 +136 +137 +138 +139 +140 +141 +142 +144 +146 +147 +148 +149 +150 +151 +152 +153 +154 +155 +156 +157 +158 +159 +160 +161 +162 +163 +164 +165 +166 +167 +168 +169 +170 +171 +172 +173 +174 +175 +178 +179 +180 +181 @
>STPN.0321.00078
+1 +3 +4 +5 +6 +7 +8 +9 +10 +11 +12 +14 +15 +16 +17 +18 +19 +20 +21 +22 +23 +24 +25 +26 +27 +29 +30 +31 +33 +34 +35 +36 +37 +38 +39 +40 +41 +42 +44 +45 +46 +48 +49 +50 +51 +52 +53 +54 +55 +56 +57 +58 +59 +60 +61 +62 +63 +64 +65 +66 +67 +68 +69 +70 +72 +73 +74 +75 +76 +77 +78 +79 +80 +81 +82 +83 +85 +86 +87 +88 +89 +90 +91 +92 +93 +94 +95 +96 +97 +98 +99 +100 +101 +102 +103 +104 +105 +106 +107 +108 +109 +110 +111 +112 +113 +114 +116 +117 +118 +119 +120 +121 +122 +123 +124 +125 +126 +127 +128 +129 +130 +131 +132 +133 +134 +135 +136 +137 +138 +139 +140 +141 +142 +144 +146 +147 +148 +149 +150 +151 +152 +153 +154 +155 +156 +157 +158 +159 +160 +161 +162 +163 +164 +165 +166 +167 +168 +169 +170 +171 +172 +173 +174 +175 +178 +179 +180 +181 @
>STPN.0321.00075
+1 +3 +4 +5 +6 +7 +8 +9 +10 +11 +12 +14 +15 +16 +17 +18 +19 +20 +21 +22 +23 +24 +25 +26 +27 +29 +30 +31 +33 +34 +35 +36 +37 +38 +39 +40 +41 +42 +44 +45 +46 +47 +48 +49 +50 +51 +52 +53 +54 +55 +56 +57 +58 +59 +60 -118 -117 -116 -114 -113 -112 -111 -110 -109 -108 -107 -106 -105 -104 -103 -102 -101 -100 -99 -98 -97 -96 +81 +82 +83 +85 +86 +87 +88 +89 +90 +91 +92 +93 +94 +95 -80 -79 -78 -77 -76 -75 -74 -73 -72 -70 -69 -68 -67 -66 -65 -64 -63 -62 -61 +119 +120 +121 +122 +123 +124 +125 +126 +127 +128 +129 +130 +131 +132 +133 +134 +135 +136 +137 +138 +139 +140 +141 +142 +144 +146 +147 +148 +149 +150 +151 +152 +153 +154 +155 +156 +157 +158 +159 +160 +161 +162 +163 +164 +165 +166 +167 +168 +169 +170 +171 +172 +173 +174 +175 +178 +179 +180 +181 @
>STPN.0321.00040
+1 +3 +4 +5 +6 +7 +8 +9 +10 +11 +12 +14 +15 +16 +17 +18 +19 +20 +21 +22 +23 +24 +25 +26 +27 +29 +30 +31 +33 +34 +35 +36 +37 +38 +39 +40 +41 +42 +44 +45 +46 +47 +48 +49 +50 +51 +52 +53 +54 +55 +56 +57 +58 +59 +60 +61 +62 +63 +64 +65 +66 +67 +68 +69 +70 +72 +73 +74 +75 +76 +77 +78 +79 +80 +81 +82 +83 +85 +86 +87 +88 +89 +90 +91 +92 +93 +94 +95 +96 +97 +98 +99 +100 +101 +102 +103 +104 +105 +106 +107 +108 +109 +110 +111 +112 +113 +114 +116 +117 +118 +119 +120 +121 +122 +123 +124 +125 +126 +127 +128 +129 +130 +131 +132 +133 +134 +135 +136 +137 +138 +139 +140 +141 +142 +144 +146 +147 +148 +149 +150 +151 +152 +153 +154 +155 +156 +157 +158 +159 +160 +161 +162 +163 +164 +165 +166 +167 +168 +169 +170 +171 +172 +173 +174 +175 +178 +179 +180 +181 @
>STPN.0321.00066
+3 +4 +5 +6 +7 +8 +9 +10 +11 +12 +14 +15 +16 +17 +18 +19 +20 +21 +22 +23 +24 +25 +26 +27 +29 +30 +31 +33 +34 +35 +36 +37 +38 +39 +40 +41 +42 +44 +45 +46 +47 +48 +49 +50 +51 +52 +53 +54 +55 +56 +57 +58 +59 +60 +61 +62 +63 +64 +65 +66 +67 +68 +69 +70 +72 +73 +74 +75 +76 +77 +78 +79 +80 -95 -94 -93 -92 -91 -90 -89 -88 -87 -86 -85 -83 -82 -81 +96 +97 +98 +99 +100 +101 +102 +103 +104 +105 +106 +107 +108 +109 +110 +111 +112 +113 +114 +116 +117 +118 +119 +120 +121 +122 +123 +124 +125 +126 +127 +128 +129 +130 +131 +132 +133 +134 +135 +136 +137 +138 +139 +140 +141 +142 +144 +146 +147 +148 +149 +150 +151 +152 +153 +154 +155 +156 +157 +158 +159 +160 +161 +162 +163 +164 +165 +166 +167 +168 +169 +170 +171 +172 +173 +174 +175 +178 +179 +180 +181 +1 @
>STPN.0321.00081
+1 +3 +4 +5 +6 +7 +8 +9 +10 +11 +12 +14 +15 +16 +18 +19 +20 +21 +22 +23 +24 +25 +26 +27 +29 +30 +31 +33 +34 +35 +36 +37 +38 +39 +40 +41 +42 +44 +45 +46 +47 +48 +49 +50 +51 +52 +53 +54 +55 +56 +57 +58 +59 +60 +61 +62 +63 +64 +65 +66 +67 +68 +69 +70 +72 +73 +74 +75 +76 +77 +78 +79 +80 +81 +82 +83 -104 -103 -102 -101 -100 -99 -98 -97 -96 -95 -94 -93 -92 -91 -90 -89 -88 -87 -86 -85 +105 +106 +107 +108 +109 +110 +111 +112 +113 +114 +116 +117 +118 +119 +120 +121 +122 +123 +124 +125 +126 +127 +128 +129 +130 +131 +132 +133 +134 +135 +136 +137 +138 +139 +140 +141 +142 +144 +146 +147 +148 +149 +150 +151 +152 +153 +154 +155 +156 +157 +158 +159 +160 +161 +162 +163 +164 +165 +166 +167 +168 +169 +170 +171 +172 +173 +174 +175 +178 +179 +180 +181 @
>STPN.0321.00080
+1 +3 +4 +5 +6 +7 +8 +9 +10 +11 +12 +14 +15 +16 +17 +18 +19 +20 +21 +22 +23 +24 +25 +26 +27 +29 +30 +31 +33 +34 +35 +36 +37 +38 +39 +40 +41 +42 +44 +45 +46 +47 +48 +49 +50 +51 +52 +53 +54 +55 +56 +57 +58 +59 +60 +61 +62 +63 +64 +65 +66 +67 +68 +69 +70 +72 +73 +74 +75 +76 +77 +78 +79 +80 +81 +82 +83 +85 +86 +87 +88 +89 +90 +91 +92 +93 +94 +95 +96 +97 +98 +99 +100 +101 +102 +103 +104 +105 +106 +107 +108 +109 +110 +111 +112 +113 +114 +116 +117 +118 +119 +120 +121 +122 +123 +124 +125 +126 +127 +128 +129 +130 +131 +132 +133 +134 +135 +136 +137 +138 +139 +140 +141 +142 +144 +146 +147 +148 +149 +150 +151 +152 +153 +154 +155 +156 +157 +158 +159 +160 +161 +162 +163 +164 +165 +166 +167 +168 +169 +170 +171 +172 +173 +174 +175 +178 +179 +180 +181 @
>STPN.0321.00016
+1 +3 +4 +5 +6 +7 +8 +9 +10 +11 +12 +14 +15 +16 +17 +18 +19 +20 +21 +22 +23 +24 +25 +26 +27 +29 +30 +31 +33 +34 +35 +36 +37 +38 +39 +40 +41 +42 +44 +45 +46 +47 +48 +49 +50 +51 +52 +53 +54 +55 +56 +57 +58 +59 +60 -118 -117 -116 -114 -113 -112 -111 -110 -109 -108 -107 -106 -105 -104 -103 -102 -101 -100 -99 -98 -97 -96 -95 -94 -93 -92 -91 -90 -89 -88 -87 -86 -85 -83 -82 -81 -80 -79 -78 -77 -76 -75 -74 -73 -72 -70 -69 -68 -67 -66 -65 -64 -63 -62 -61 +119 +120 +121 +122 +123 +124 +125 +126 +127 +128 +129 +130 +131 +132 +133 +134 +135 +136 +137 +138 +139 +140 +141 +142 +144 +146 +147 +148 +149 +150 +151 +152 +153 +154 +155 +156 +157 +158 +159 +160 +161 +162 +163 +164 +165 +166 +167 +168 +169 +170 +171 +172 +173 +174 +175 +178 +179 +180 +181 @
>STPN.0321.00082
+161 +162 +163 +164 +165 +166 +167 +168 +169 +170 +171 +172 +173 +174 +175 +178 +179 +180 +181 +1 +3 +4 +5 +6 +7 +8 +9 +10 +11 +12 +14 +15 +16 +17 +18 +19 +20 +21 +22 +23 +24 +25 +26 +27 +29 +30 +31 +33 +34 +35 +36 +37 +38 +39 +40 +41 +42 +44 +45 +46 +47 +48 +49 +50 +51 +52 +53 +54 +55 +56 +57 +58 +59 +60 -118 -117 -116 -114 -113 -112 -111 -110 -109 -108 -107 -106 -105 -104 -103 -102 -101 -100 -99 -98 -97 -96 -95 -94 -93 -92 -91 -90 -89 -88 -87 -86 -85 -83 -82 -81 -80 -79 -78 -77 -76 -75 -74 -73 -72 -70 -69 -68 -67 -66 -65 -64 -63 -62 -61 +119 +120 +121 +122 +123 +124 +125 +126 +127 +128 +129 +130 +131 +132 +133 +134 +135 +136 +137 +138 +139 +140 +141 +142 +144 +146 +147 +148 +149 +150 +151 +152 +153 +154 +155 +156 +157 +158 +159 +160 @
>STPN.0321.00018
+138 +139 +140 +141 +142 +144 +146 +147 +148 +149 +150 +151 +152 +153 +154 +155 +156 +157 +158 +159 +160 +161 +162 +163 +164 +165 +166 +167 +168 +169 +170 +171 +172 +173 +174 +175 +178 +179 +180 +181 +1 +3 +4 +5 +6 +7 +8 +9 +10 +11 +12 +14 +15 +16 +17 +18 +19 +20 +21 +22 +23 +24 +25 +26 +27 +29 +30 +31 +33 +34 +35 +36 +37 +38 +39 +40 +41 +42 +44 +45 +46 +47 +48 +49 +50 +51 +52 +53 +54 +55 +56 +57 +58 +59 +60 +61 +62 +63 +64 +65 +66 +67 +68 +69 +70 +72 +73 +74 +75 +76 +77 +78 +79 +80 +81 +82 +83 +85 +86 +87 +88 +89 +90 +91 +92 +93 +94 +95 +96 +97 +98 +99 +100 +101 +102 +103 +104 +105 +106 +107 +108 +109 +110 +111 +112 +113 +114 +116 +117 +118 +119 +120 +121 +122 +123 +124 +125 +126 +127 +128 +129 +130 +131 +132 +133 +134 +135 +136 +137 @
>STPN.0321.00090
+1 +3 +4 +5 +6 +7 +8 +9 +10 +11 +14 +15 +16 +17 +18 +19 +20 +21 +22 +23 +24 +25 +26 +27 +29 +30 +31 +33 +34 +35 +36 +37 +38 +39 +40 +41 +42 +44 +45 +46 +47 +48 +49 +50 +51 +52 +53 +54 +55 +56 +57 +58 +59 +60 +61 +62 +63 +64 +65 +66 +67 +68 +69 +70 +72 +73 +74 +75 +76 +77 +78 +79 +80 +81 +82 +83 +85 +86 +87 +88 +89 +90 +91 +92 +93 +94 +95 +96 +97 +98 +99 +100 +101 +102 +103 +104 +105 +106 +107 +108 +109 +110 +111 +112 +113 +114 +116 +117 +118 +119 +120 +121 +122 +123 +124 +125 +126 +127 +128 +129 +130 +131 +132 +133 +134 +135 +136 +137 +138 +139 +140 +141 +142 +144 +146 +147 +148 +149 +150 +151 +152 +153 +154 +155 +156 +157 +158 +159 +160 +161 +162 +163 +164 +165 +166 +167 +168 +169 +170 +171 +172 +173 +174 +175 +178 +179 +180 +181 @
>STPN.0321.00005
+1 +3 +4 +5 +6 +7 +8 +9 +10 +11 +14 +15 +16 +17 +18 +19 +20 +21 +22 +23 +24 +25 +26 +27 +29 +30 +31 +33 +34 +35 +36 +37 +38 +39 +40 +41 +42 +44 +45 +46 +47 +48 +49 +50 +51 +52 +53 +54 +55 +56 +57 +58 +59 +60 +61 +62 +63 +64 +65 +66 +67 +68 +69 +70 +72 +73 +74 +75 +76 +77 +78 +79 +80 +81 +85 +86 +87 +88 +89 +90 +91 +92 +93 +94 +95 +96 +97 +98 +99 +100 +101 +102 +103 +104 +105 +106 +107 +108 +109 +110 +111 +112 +113 +114 +116 +117 +118 +119 +120 +121 +122 +123 +124 +125 +126 +127 +128 +129 +130 +131 +132 +133 +134 +135 +136 +137 +138 +139 +140 +141 +142 +144 +146 +147 +148 +149 +150 +151 +152 +153 +154 +155 +156 +157 +158 +159 +160 +161 +162 +163 +164 +165 +166 +167 +168 +169 +170 +171 +172 +173 +174 +175 +178 +179 +180 +181 @
>STPN.0321.00035
+1 +3 +4 +5 +6 +7 +8 +9 +10 +11 +12 +14 +15 +16 +17 +18 +19 +20 +21 +22 +23 +24 +25 +26 +27 +29 +30 +31 +33 +34 +35 +36 +37 +38 +39 +40 +41 +42 +44 +45 +46 +47 +48 +49 +50 +51 +52 +53 +54 +55 +56 +57 +58 +59 +60 +61 +62 +63 +64 +65 +66 +67 +68 +69 +70 +72 +73 +74 +75 +76 +77 +78 +79 +80 -95 -94 -93 -92 -91 -90 -89 -88 -87 -86 -85 -83 -82 -81 +96 +97 +98 +99 +100 +101 +102 +103 +104 +105 +106 +107 +108 +109 +110 +111 +112 +113 +114 +116 +117 +118 +119 +120 +121 +122 +123 +124 +125 +126 +127 +128 +129 +130 +131 +132 +133 +134 +135 +136 +137 +138 +139 +140 +141 +142 +144 +146 +147 +148 +149 +150 +151 +152 +153 +154 +155 +156 +157 +158 +159 +160 +161 +162 +163 +164 +165 +166 +167 +168 +169 +170 +171 +172 +173 +174 +175 +178 +179 +180 +181 @
>STPN.0321.00015
+1 +3 +4 +5 +6 +7 +8 +9 +10 +11 +12 +14 +15 +16 +17 +18 +19 +20 +21 +22 +23 +24 +25 +26 +27 +29 +30 +31 +33 +34 +35 +36 +37 +38 +39 +40 +41 +42 +44 +45 +46 +47 +48 +49 +50 +51 +52 +53 +54 +55 +56 +57 +58 +59 +60 +61 +62 +63 +64 +65 +66 +67 +68 +69 +70 +72 +73 +74 +75 +76 +77 +78 +79 +80 +81 +82 +83 +85 +86 +87 +88 +89 +90 +91 +92 +93 +94 +95 +96 +97 +98 +99 +100 +101 +102 +103 +104 +105 +106 +107 +108 +109 +110 +111 +112 +113 +114 +116 +117 +118 +119 +120 +121 +122 +123 +124 +125 +126 +127 +128 +129 +130 +131 +132 +133 +134 +135 +136 +137 +138 +139 +140 +141 +142 +144 +146 +147 +148 +149 +150 +151 +152 +153 +154 +155 +156 +157 +158 +159 +160 +161 +162 +163 +164 +165 +166 +167 +168 +169 +170 +171 +172 +173 +174 +175 +178 +179 +180 +181 @
>STPN.0321.00014
+1 +3 +4 +5 +6 +7 +8 +9 +10 +11 +14 +15 +16 +17 +18 +19 +20 +21 +22 +23 +24 +25 +26 +27 +29 +30 +31 +33 +34 +35 +36 +37 +38 +39 +40 +41 +42 +44 +45 +46 +47 +48 +49 +50 +51 +52 +53 +54 +55 +56 +57 +58 +59 +60 +61 +62 +63 +64 +65 +66 +67 +68 +69 +70 +72 +73 +74 +75 +76 +77 +78 +79 +80 +81 +82 +83 +85 +86 +87 +88 +89 +90 +91 +92 +93 +94 +95 +96 +97 +98 +99 +100 +101 +102 +103 +104 +105 +106 +107 +108 +109 +110 +111 +112 +113 +114 +116 +117 +118 +119 +120 +121 +122 +123 +124 +125 +126 +127 +128 +129 +130 +131 +132 +133 +134 +135 +136 +137 +138 +139 +140 +141 +142 +144 +146 +147 +148 +149 +150 +151 +152 +153 +154 +155 +156 +157 +158 +159 +160 +161 +162 +163 +164 +165 +166 +167 +168 +169 +170 +171 +172 +173 +174 +175 +178 +179 +180 +181 @
>STPN.0321.00029
-129 -128 -127 -126 -125 -124 -123 -122 -121 -120 -119 -118 -117 -116 -114 -113 -112 -111 -110 -109 -108 -107 -106 -105 -104 -103 -102 -101 -100 -99 -98 -97 -96 -95 -94 -93 -92 -91 -90 -89 -88 -87 -86 -85 -83 -82 -81 -80 -79 -78 -77 -76 -75 -74 -73 -72 -70 -69 -68 -67 -66 -65 -64 -63 -62 -61 -60 -59 -58 -57 -56 -55 -54 -53 -52 -51 -50 -49 -48 -47 -46 -45 -44 -42 -41 -40 -39 -38 -37 -36 -35 -34 -33 -31 -30 -29 -27 -26 -25 -24 -23 -22 -21 -20 -19 -18 -17 -16 -15 -14 -12 -11 -10 -9 -8 -7 -6 -5 -4 -3 -1 -181 -180 -179 -178 -175 -174 -173 -172 -171 -170 -169 -168 -167 -166 -165 -164 -163 -162 -161 -160 -159 -158 -157 -156 -155 -154 -153 -152 -151 -150 -149 -148 -147 -146 -144 -142 -141 -140 -139 -138 -137 -136 -135 -134 -133 -132 -131 -130 @
>STPN.0321.00024
+1 +3 +4 +5 +6 +7 +8 +9 +10 +11 +12 +14 +15 +16 +17 +18 +19 +20 +21 +22 +23 +24 +25 +26 +27 +29 +30 +31 +33 +34 +35 +36 +37 +38 +39 +40 +41 +42 +44 +45 +46 +47 +48 +49 +50 +51 +52 +53 +54 +55 +56 +57 +58 +59 +60 +61 +62 +63 +64 +65 +66 +67 +68 +69 +70 +72 +73 +74 +75 +76 +77 +78 +79 +80 -95 -94 -93 -83 -82 -81 +96 +97 -87 -86 -85 -92 -91 -90 -89 -88 +98 +99 +100 +101 +102 +103 +104 +105 +106 +107 +108 +109 +110 +111 +112 +113 +114 +116 +117 +118 +119 +120 +121 +122 +123 +124 +125 +126 +127 +128 +129 +130 +131 +132 +133 +134 +135 +136 +137 +138 +139 +140 +141 +142 +144 +146 +147 +148 +149 +150 +151 +152 +153 +154 +155 +156 +157 +158 +159 +160 +161 +162 +163 +164 +165 +166 +167 +168 +169 +170 +171 +172 +173 +174 +175 +178 +179 +180 +181 @
>STPN.0321.00023
+1 +3 +4 +5 +6 +7 +8 +9 +10 +11 +12 +14 +15 +16 +17 +18 +19 +20 +21 +22 +23 +24 +25 +26 +27 +29 +30 +31 +33 +34 +35 +36 +37 +38 +39 +40 +41 +42 +44 +45 +46 +47 +48 +49 +50 +51 +52 +53 +54 +55 +56 +57 +58 +59 +60 +61 +62 +63 +64 +65 +66 +67 +68 +69 +70 +72 +73 +74 +75 +76 +77 +78 +79 +80 +81 +82 +83 +85 +86 +87 +88 +89 +90 +91 +92 +93 +94 +95 +96 +97 +98 +99 +100 +101 +102 +103 +104 +105 +106 +107 +108 +109 +110 +111 +112 +113 +114 +116 +117 +118 +119 +120 +121 +122 +123 +124 +125 +126 +127 +128 +129 +130 +131 +132 +133 +134 +135 +136 +137 +138 +139 +140 +141 +142 +144 +146 +147 +148 +149 +150 +151 +152 +153 +154 +155 +156 +157 +158 +159 +160 +161 +162 +163 +164 +165 +166 +167 +168 +169 +170 +171 +172 +173 +174 +175 +178 +179 +180 +181 @
>STPN.0321.00025
+1 +3 +4 +5 +6 +7 +8 +9 +10 +11 +12 +14 +15 +16 +17 +18 +19 +20 +21 +22 +23 +24 +25 +26 +27 +29 +30 +31 +33 +34 +35 +36 +37 +38 +39 +40 +41 +42 +44 +45 +46 +47 +48 +49 +50 +51 +52 +53 +54 +55 +56 +57 +58 +59 +60 +61 +62 +63 +64 +65 +66 +67 +68 +69 +70 +72 +73 +74 +75 +76 +77 +78 +79 +80 +81 +82 +83 +85 +86 +87 +88 +89 +90 +91 +92 +93 +94 +95 +96 +97 +98 +99 +100 +101 +102 +103 +104 +105 +106 +107 +108 +109 +110 +111 +112 +113 +114 +116 +117 +118 +119 +120 +121 +122 +123 +124 +125 +126 +127 +128 +129 +130 +131 +132 +133 +134 +135 +136 +137 +138 +139 +140 +141 +142 +144 +146 +147 +148 +149 +150 +151 +152 +153 +154 +155 +156 +157 +158 +159 +160 +161 +162 +163 +164 +165 +166 +167 +168 +169 +170 +171 +172 +173 +174 +175 +178 +179 +180 +181 @
>STPN.0321.00010
+1 +3 +4 +5 +6 +7 +8 +9 +10 +11 +12 +14 +15 +16 +17 +18 +19 +20 +21 +22 +23 +24 +25 +26 +27 +29 +30 +31 +33 +34 +35 +36 +37 +38 +39 +40 +41 +42 +44 +45 +46 +47 +48 +49 +50 +51 +52 +53 +54 +55 +56 +57 +58 +59 +60 +61 +62 +63 +64 +65 +66 +67 +68 +69 +70 +72 +73 +74 +75 +76 +77 +78 +79 +80 +81 +82 +83 +85 +86 +87 +88 +89 +90 +91 +92 +93 +94 +95 +96 +97 +98 +99 +100 +101 +102 +103 +104 +105 +106 +107 +108 +109 +110 +111 +112 +113 +114 +116 +117 +118 +119 +120 +121 +122 +123 +124 +125 +126 +127 +128 +129 +130 +131 +132 +133 +134 +135 +136 +137 +138 +139 +140 +141 +142 +144 +146 +147 +148 +149 +150 +151 +152 +153 +154 +155 +156 +157 +158 +159 +160 +161 +162 +163 +164 +165 +166 +167 +168 +169 +170 +171 +172 +173 +174 +175 +178 +179 +180 +181 @
>STPN.0321.00020
-42 -41 -40 -39 -38 -37 -36 -35 -34 -33 -31 -30 -29 -27 -26 -25 -24 -23 -22 -21 -20 -19 -18 -17 -16 -15 -14 -12 -11 -10 -9 -8 -7 -6 -5 -4 -3 -1 -181 -180 -179 -178 -175 -174 -173 -172 -171 -170 -169 -168 -167 -166 -165 -164 -163 -162 -161 -160 -159 -158 -157 -156 -155 -154 -153 -152 -151 -150 -149 -148 -147 -146 -144 -142 -141 -140 -139 -138 -137 -136 -135 -134 -133 -132 -131 -130 -129 -128 -127 -126 -125 -124 -123 -122 -121 -120 -119 -118 -117 -116 -114 -113 -112 -111 -110 -109 -108 -107 -106 -105 -104 -103 -102 -101 -100 -99 -98 -97 -96 -95 -94 -93 -92 -91 -90 -89 -88 -87 -86 -85 -83 -82 -81 -80 -79 -78 -77 -76 -75 -74 -73 -72 -70 -69 -68 -67 -66 -65 -64 -63 -62 -61 -60 -59 -58 -57 -56 -55 -54 -53 -52 -51 -50 -49 -48 -47 -46 -45 -44 @
>STPN.0321.00070
+1 +3 +4 +5 +6 +7 +8 +9 +10 +11 +12 +14 +15 +16 +17 +18 +19 +20 +21 +22 +23 +24 +25 +26 +27 +29 +30 +31 +33 +34 +35 +36 +37 +38 +39 +40 +41 +42 +44 +45 +46 +47 +48 +49 +50 +51 +52 +53 +54 +55 +56 +57 +58 +59 +60 +61 +62 +63 +64 +65 +66 +67 +68 +69 +70 +72 +73 +74 +75 +76 +77 +78 +79 +80 +81 +82 +83 +85 +86 +87 +88 +89 +90 +91 +92 +93 +94 +95 +96 +97 +98 +99 +100 +101 +102 +103 +104 +105 +106 +107 +108 +109 +110 +111 +112 +113 +114 +116 +117 +118 +119 +120 +121 +122 +123 +124 +125 +126 +127 +128 +129 +130 +131 +132 +133 +134 +135 +136 +137 +138 +139 +140 +141 +142 +144 +146 +147 +148 +149 +150 +151 +152 +153 +154 +155 +156 +157 +158 +159 +160 +161 +162 +163 +164 +165 +166 +167 +168 +169 +170 +171 +172 +173 +174 +175 +178 +179 +180 +181 @
>STPN.0321.00006
-42 -41 -40 -39 -38 -37 -36 -35 -34 -33 -31 -30 -29 -27 -26 -25 -24 -23 -22 -21 -20 -19 -18 -17 -16 -15 -14 -12 -11 -10 -9 -8 -7 -6 -5 -4 -3 -1 -181 -180 -179 -178 -175 -174 -173 -172 -171 -170 -169 -168 -167 -166 -165 -164 -163 -162 -161 -160 -159 -158 -157 -156 -155 -154 -153 -152 -151 -150 -149 -148 -147 -146 -144 -142 -141 -140 -139 -138 -137 -136 -135 -134 -133 -132 -131 -130 -129 -128 -127 -126 -125 -124 -123 -122 -121 -120 -119 -118 -117 -116 -114 -113 -112 -111 -110 -109 -108 -107 -106 -105 -104 -103 -102 -101 -100 -99 -98 +88 +89 +90 +91 +92 +93 +94 +95 +96 +97 -87 -86 -85 -83 -82 -81 -80 -79 -78 -77 -76 -75 -74 -73 -72 -70 -69 -68 -67 -66 -65 -64 -63 -62 -61 -60 -59 -58 -57 -56 -55 -54 -53 -52 -51 -50 -49 -48 -47 -46 -45 -44 @
>STPN.0321.00041
+1 +3 +4 +5 +6 +7 +8 +9 +10 +11 +12 +14 +16 +17 +19 +20 +21 +22 +23 +24 +25 +26 +27 +29 +30 +31 +33 +34 +35 +36 +37 +38 +39 +40 +41 +42 +44 -140 -139 -138 -137 -136 -135 -134 -133 +58 +59 +60 -118 -117 -116 -114 -113 -112 -111 -110 -109 -108 -107 -106 -105 -104 -103 -102 -101 -100 -99 -98 -97 -96 +81 +82 +83 +85 +86 +87 +88 +89 +90 +91 +92 +93 +94 +95 -80 -79 -78 -77 -76 -75 -74 -73 -72 -70 -69 -68 -67 -66 -65 -64 -63 -62 -61 +119 +120 +121 +122 +123 +124 +125 +126 +127 +128 +129 +130 +131 +132 -57 -56 -55 -54 -53 -52 -51 -50 -49 -48 -47 -46 -45 +141 +142 +144 +146 +147 +148 +149 +150 +151 +152 +153 +154 +155 +156 +157 +158 +159 +160 +161 +162 +163 +164 +165 +166 +167 +168 +169 +170 +171 +172 +173 +174 +175 +178 +179 +180 +181 @
>STPN.0321.00004
+1 +3 +4 +5 +6 +7 +8 +9 +10 +11 +14 +16 +17 +18 +19 +20 +21 +22 +23 +24 +25 +26 +27 +29 +30 +31 +34 +35 +36 +37 +38 +39 +40 +41 +42 +44 +45 +46 +47 +48 +49 +50 +51 +52 +53 +55 +56 +57 +58 +59 +60 +61 +62 +63 +64 -118 -117 -116 -114 -113 -112 -111 -110 -109 -108 -107 -106 -105 -104 -103 -102 -101 -100 -99 -98 -97 -96 -95 -94 -93 -92 -91 -90 -89 -88 -87 -86 -85 -83 -81 -80 -79 -78 -77 -76 -75 -74 -73 -72 -70 -69 -68 -67 -66 -65 +119 +120 +121 +122 +123 +124 +125 +126 +127 +128 +129 +130 +131 +132 +133 +134 +135 +136 +137 +138 +139 +140 +141 +142 +144 +146 +147 +148 +149 +150 +151 +152 +153 +154 +155 +156 +157 +158 +159 +160 +161 +162 +163 +164 +165 +166 +167 +168 +169 +170 +171 +172 +173 +174 +178 +179 +180 +181 @
>STPN.0321.00063
+3 +4 +5 +6 +7 +8 +9 +10 +11 +12 +14 +15 +16 +17 +18 +19 +20 +21 +22 +23 +24 +25 +26 +27 +29 +30 +31 +33 +34 +35 +36 +37 +38 +39 +40 +41 +42 +44 +45 +46 +47 +48 +49 +50 +51 +52 +53 +54 +55 +56 +57 +58 +59 +60 +61 +62 +63 +64 +65 +66 +67 +68 +69 +70 +72 +73 +74 +75 +76 +77 +78 +79 +80 +81 +82 +83 +85 +86 +87 +88 +89 +90 +91 +93 +94 +95 +96 +97 +98 +99 +100 +101 +102 +103 +104 +105 +106 +107 +108 -92 +109 +110 +111 +112 +113 +114 +116 +117 +118 +119 +120 +121 +122 +123 +124 +125 +126 +127 +128 +129 +130 +131 +132 +133 +134 +135 +136 +137 +138 +139 +140 +141 +142 +144 +146 +147 +148 +149 +150 +151 +152 +153 +154 +156 +157 +158 +159 +160 +161 +162 +163 +164 +165 +166 +167 +168 +169 +170 +171 +172 +173 +174 +175 +178 +179 +180 +181 +1 @
>STPN.0321.00007
+1 +3 +4 +5 +6 +7 +8 +9 +10 +11 +12 +14 +15 +16 +17 +18 +19 +20 +21 +22 +23 +24 +25 +26 +27 +29 +30 +31 +33 +34 +35 +36 +37 +38 +39 +40 +41 +42 +44 +45 +46 +47 +48 +49 +50 +51 +52 +53 +54 +55 +56 +57 +58 +59 +60 +61 +62 +63 +64 +65 +66 +67 +68 +69 +70 +72 +73 +74 +75 +76 +77 +78 +79 +80 +81 +82 +83 +85 +86 +87 +88 +89 +90 +91 +92 +93 +94 +95 +96 +97 +98 +99 +100 +101 +102 +103 +104 +105 +106 +107 +108 +109 +110 +111 +112 +113 +114 +116 +117 +118 +119 +120 +121 +122 +123 +124 +125 +126 +127 +128 +129 +130 +131 +132 +133 +134 +135 +136 +137 +138 +139 +140 +141 +142 +144 +146 +147 +148 +149 +150 +151 +152 +153 +154 +155 +156 +157 +158 +159 +160 +161 +162 +163 +164 +165 +166 +167 +168 +169 +170 +171 +172 +173 +174 +175 +178 +179 +180 +181 @
>STPN.0321.00039
+1 +3 +4 +5 +6 +7 +8 +9 +10 +11 +12 +14 +15 +16 +17 +19 +20 +21 +22 +23 +24 +25 +26 +27 +29 +30 +31 +33 +34 +35 +36 +37 +38 +39 +40 +41 +42 +44 +45 +46 +47 +48 +49 +50 +51 +52 +53 +54 +55 +56 +57 +58 +59 +60 +61 +62 +63 +64 +65 +66 +67 +68 +69 +70 +72 +73 +74 +75 +76 +77 +78 +79 +80 +81 +85 +86 +87 +88 +89 +90 +91 +92 +93 +94 +95 +96 +97 +98 +99 +100 +101 +102 +103 +104 +105 +106 +107 +108 +109 +110 +111 +112 +113 +114 +116 +117 +118 +119 +120 +121 +122 +123 +124 +125 +126 +127 +128 +129 +130 +131 +132 +133 +134 +135 +136 +137 +138 +139 +140 +141 +142 +144 +146 +147 +148 +149 +150 +151 +152 +153 +154 +156 +157 +158 +159 +160 +161 +162 +163 +164 +165 +166 +167 +168 +169 +170 +171 +172 +173 +174 +175 +178 +179 +180 +181 @
>STPN.0321.00011
+1 +3 +4 +5 +6 +7 +8 +9 +10 +11 +12 +14 +15 +16 +17 +18 +19 +20 +21 +22 +23 +24 +25 +26 +27 +29 +30 +31 +33 +34 +35 +36 +37 +38 +39 +40 +41 +42 +44 +45 +46 +47 +48 +49 +50 +51 +52 +53 +54 +55 +56 +57 +58 +59 +60 +61 +62 +63 +64 +65 +66 +67 +68 +69 +70 +72 +73 +74 +75 +76 +77 +78 +79 +80 +81 +82 +83 +85 +86 +87 +88 +89 +90 +91 +92 +93 +94 +95 +96 +97 +98 +99 +100 +101 +102 +103 +104 +105 +106 +107 +108 +109 +110 +111 +112 +113 +114 +116 +117 +118 +119 +120 +121 +122 +123 +124 +125 +126 +127 +128 +129 +130 +131 +132 +133 +134 +135 +136 +137 +138 +139 +140 +141 +142 +144 +146 +147 +148 +149 +150 +151 +152 +153 +154 +155 +156 +157 +158 +159 +160 +161 +162 +163 +164 +165 +166 +167 +168 +169 +170 +171 +172 +173 +174 +175 +178 +179 +180 +181 @
>STPN.0321.00002
+1 +3 +4 +5 +6 +7 +8 +9 +10 +11 +12 +14 +15 +16 +17 +18 +19 +20 +21 +22 +23 +24 +25 +26 +27 +29 +30 +31 +33 +34 +35 +36 +37 +38 +39 +40 +41 +42 +44 +45 +46 +47 +48 +49 +50 +51 +52 +53 +54 +55 +56 +57 +58 +59 +60 +61 +62 +63 +64 +65 +66 +67 +68 +69 +70 +72 +73 +74 +75 +76 +77 +78 +79 +80 +81 +82 +83 +85 +86 +87 +88 +89 +90 +91 +92 +93 +94 +95 +96 +97 +98 +99 +100 +101 +102 +103 +104 +105 +106 +107 +108 +109 +110 +111 +112 +113 +114 +116 +117 +118 +119 +120 +121 +122 +123 +124 +125 +126 +127 +128 +129 +130 +131 +132 +133 +134 +135 +136 +137 +138 +139 +140 +141 +142 +144 +146 +147 +148 +149 +150 +151 +152 +153 +154 +155 +156 +157 +158 +159 +160 +161 +162 +163 +164 +165 +166 +167 +168 +169 +170 +171 +172 +173 +174 +175 +178 +179 +180 +181 @
>STPN.0321.00009
+1 +3 +4 +5 +6 +7 +8 +9 +10 +11 +12 +14 +15 +16 +17 +18 +19 +20 +21 +22 +23 +24 +25 +26 +27 +29 +30 +31 +33 +34 +35 +36 +37 +38 +39 +40 +41 +42 +44 +45 +46 +47 +48 +49 +50 +51 +52 +53 +54 +55 +56 +57 +58 +59 +60 +61 +62 +63 +64 +65 +66 +67 +68 +69 +70 +72 +73 +74 +75 +76 +77 +78 +79 +81 +82 +83 +85 +86 +87 +88 +89 +90 +91 +92 +93 +94 +95 -80 +96 +97 +98 +99 +100 +101 +102 +103 +104 +105 +106 +107 +108 +109 +110 +111 +112 +113 +114 +116 +117 +118 +119 +120 +121 +122 +123 +124 +125 +126 +127 +128 +129 +130 +131 +132 +133 +134 +135 +136 +137 +138 +139 +140 +141 +142 +144 +146 +147 +148 +149 +150 +151 +152 +153 +154 +155 +156 +157 +158 +159 +160 +161 +162 +163 +164 +165 +166 +167 +168 +169 +170 +171 +172 +173 +174 +175 +178 +179 +180 +181 @
