36	1
62	1
52	1
61	1
65	1
41	4
53	1
66	3
157	1
58	1
43	1
122	1
64	3
17	3
26	10
11	7
28	42
34	18
92	1
13	8
35	2
18	8
7	4
44	3
15	18
88	1
9	5
22	17
5	17
2	20
39	5
4	9
85	1
6	11
3	37
40	15
8	9
19	6
14	3
21	7
24	11
16	19
25	33
91	1
12	6
27	36
10	6
126	1
47	1
23	1
20	15
30	55
32	702
29	15
33	57
31	81
--------------------------------------------------------------------------------
BUMA.0721.00026.2	87.9223
BUMA.0721.00028.1	75.2236
BUMA.0721.00023.1	88.1374
BUMA.0721.00002.2	86.7567
BUMA.0721.00027.2	87.2304
BUMA.0721.00017.1	88.2197
BUMA.0721.00025.1	88.1288
BUMA.0721.00004.1	86.1178
BUMA.0721.00031.2	86.2815
BUMA.0721.00029.2	87.2334
BUMA.0721.00031.1	87.4601
BUMA.0721.00026.1	87.8106
BUMA.0721.00029.1	88.1349
BUMA.0721.00013.2	86.7605
BUMA.0721.00015.1	88.083
BUMA.0721.00009.2	86.9094
BUMA.0721.00025.2	86.7582
BUMA.0721.00030.2	87.9212
BUMA.0721.00001.1	86.9137
BUMA.0721.00030.1	87.8233
BUMA.0721.00032.2	86.138
BUMA.0721.00018.2	86.9497
BUMA.0721.00020.2	86.9195
BUMA.0721.00005.2	86.1348
BUMA.0721.00006.1	87.1858
BUMA.0721.00027.1	88.0343
BUMA.0721.00022.1	88.2179
BUMA.0721.00007.1	87.4079
BUMA.0721.00006.2	86.0852
BUMA.0721.00012.1	87.1875
BUMA.0721.00004.2	85.7304
BUMA.0721.00020.1	87.9867
BUMA.0721.00032.1	86.7536
BUMA.0721.00002.1	87.5966
BUMA.0721.00011.1	87.8773
BUMA.0721.00003.1	86.1495
BUMA.0721.00014.1	88.0722
BUMA.0721.00003.2	85.4973
BUMA.0721.00010.1	87.9304
BUMA.0721.00015.2	86.7594
BUMA.0721.00007.2	86.146
BUMA.0721.00019.2	86.9475
BUMA.0721.00021.2	86.8044
BUMA.0721.00008.1	87.8398
BUMA.0721.00011.2	86.8504
BUMA.0721.00008.2	87.4562
BUMA.0721.00012.2	86.6575
BUMA.0721.00014.2	86.9976
BUMA.0721.00021.1	87.983
BUMA.0721.00009.1	86.9641
BUMA.0721.00005.1	86.2279
BUMA.0721.00024.1	88.1183
BUMA.0721.00013.1	88.0828
BUMA.0721.00018.1	88.2127
BUMA.0721.00028.2	61.8252
BUMA.0721.00016.2	87.2316
BUMA.0721.00024.2	86.6874
BUMA.0721.00019.1	88.1486
BUMA.0721.00001.2	86.4882
BUMA.0721.00023.2	87.4846
BUMA.0721.00022.2	86.7582
BUMA.0721.00010.2	87.125
BUMA.0721.00016.1	88.1367
BUMA.0721.00017.2	86.9514
