>CP009001
+1 +2 +3 +4 +5 +6 +7 +8 +9 +10 +11 +12 +13 +14 +15 +16 +17 +18 +19 +20 +21 +22 +23 +24 +25 +26 +27 +28 +30 +31 +32 +33 +34 +35 +36 +37 +38 +39 +40 +41 +42 +43 +44 +45 +46 +47 +48 +49 +50 +51 +52 +53 +54 +55 +56 +57 +58 +59 +60 +61 +62 +63 +64 +65 +66 +71 +72 +73 +74 +75 +76 +77 +78 +79 +80 +81 +82 +83 +84 +85 +86 +87 +88 +89 +90 +91 +92 +93 +94 +95 +96 +97 +98 +99 +100 +101 +102 +103 +104 +106 +107 +108 +109 +110 +111 +113 +114 +115 +116 +117 +118 +124 +125 +126 +127 +128 +129 @
>CP009019
+1 +2 +3 +4 +5 +6 +7 +8 +9 +10 +11 +12 +13 +14 +15 +16 +17 +18 +19 +20 +21 +22 +23 +24 +25 +26 +27 +28 +30 +31 +32 +33 +34 +35 +36 +37 +38 +39 +40 +41 +42 +43 +44 +45 +46 +47 +48 +49 +50 +51 +52 +53 +54 +55 +56 +57 +58 +59 +60 +61 +62 +63 +64 +65 +66 +71 +72 +73 +74 +75 +76 +77 +78 +79 +80 +81 +82 +83 +84 +85 +86 +87 +88 +89 +90 +91 +92 +93 +94 +95 +96 +97 +98 +99 +100 +101 +102 +103 +104 +106 +107 +108 +109 +110 +111 +113 +114 +115 +116 +117 +118 +124 +125 +126 +127 +128 +129 @
>CP009010
+1 +2 +3 +4 +5 +6 +7 +8 +9 +10 +11 +12 +13 +14 +15 +16 +17 +18 +19 +20 +21 +22 +23 +24 +25 +26 +27 +28 +30 +31 +32 +33 +34 +35 +36 +37 +38 +39 +40 +41 +42 +43 +44 +45 +46 +47 +48 +49 +50 +51 +52 +53 +54 +55 +56 +57 +58 +59 +60 +61 +62 +63 +64 +65 +66 +71 +72 +73 +74 +75 +76 +77 +78 +79 +80 +81 +82 +83 +84 +85 +86 +87 +88 +89 +90 +91 +92 +93 +94 +95 +96 +97 +98 +99 +100 +101 +102 +103 +104 +106 +107 +108 +109 +110 +111 +113 +114 +115 +116 +117 +118 +124 +125 +126 +127 +128 +129 @
>CP009016
+1 +2 +3 +4 +5 +6 +7 +8 +9 +10 +11 +12 +13 +14 +15 +16 +17 +18 +19 +20 +21 +22 +23 +24 +25 +26 +27 +28 +30 +31 +32 +33 +34 +35 +36 +37 +38 +39 +40 +41 +42 +43 +44 +45 +46 +47 +48 +49 +50 +51 +52 +53 +54 +55 +56 +57 +58 +59 +60 +61 +62 +63 +64 +65 +66 +71 +72 +73 +74 +75 +76 +77 +78 +79 +80 +81 +82 +83 +84 +85 +86 +87 +88 +89 +90 +91 +92 +93 +94 +95 +96 +97 +98 +99 +100 +101 +102 +103 +104 +106 +107 +108 +109 +110 +111 +113 +114 +115 +116 +117 +118 +124 +125 +126 +127 +128 +129 @
>CP003778
+1 +2 +3 -124 -118 -117 -116 -115 -114 -113 -126 -125 +4 +5 +6 +7 +8 +9 +10 +11 +12 +13 +14 +15 +16 +17 +18 +19 -99 -96 -95 +30 +31 +32 +33 +34 +35 +36 +37 -84 -83 -62 -61 -60 -59 -58 -57 -56 -55 +71 +72 +73 +74 +75 +76 +77 +78 +79 +80 +81 -46 -45 -44 +63 +64 +65 +66 -54 -53 -52 -51 -50 -49 -48 -47 +82 -43 -42 -41 -40 -39 -38 +85 +86 +87 +88 +89 +90 +91 +92 +93 +94 -28 -27 -26 -25 -24 -23 -22 -21 -20 +98 +100 +101 +102 +103 +104 +106 +107 +108 +109 +110 +111 +127 +128 +129 @
>CP009013
+1 +2 +3 +4 +5 +6 +7 +8 +9 +10 +11 +12 +13 +14 +15 +16 +17 +18 +19 +20 +21 +22 +23 +24 +25 +26 +27 +28 +30 +31 +32 +33 +34 +35 +36 +37 +38 +39 +40 +41 +42 +43 +44 +45 +46 +47 +48 +49 +50 +51 +52 +53 +54 +55 +56 +57 +58 +59 +60 +61 +62 +63 +64 +65 +66 +71 +72 +73 +74 +75 +76 +77 +78 +79 +80 +81 +82 +83 +84 +85 +86 +87 +88 +89 +90 +91 +92 +93 +94 +95 +96 +97 +98 +99 +100 +101 +102 +103 +104 +106 +107 +108 +109 +110 +111 +113 +114 +115 +116 +117 +118 +124 +125 +126 +127 +128 +129 @
>CM007622
+53 +54 +55 +56 +57 +58 +59 +60 +61 +62 +63 +64 +65 +66 +71 +72 +73 +74 +75 +76 +77 +78 +79 +80 +81 +82 +83 +84 +85 +86 +87 +88 +89 +90 +91 +92 +93 +94 +95 +96 +97 +98 +99 +100 +101 +102 +103 +104 +106 +107 +108 +109 +110 +111 +113 +114 +115 +116 +117 +118 +124 +125 +126 +127 +128 +129 +1 +2 +3 +4 +5 +6 +7 +8 +9 +10 +11 +12 +13 +14 +15 +16 +17 +18 +19 +20 +21 +22 +23 +24 +25 +26 +27 +28 +30 +31 +32 +33 +34 +35 +36 +37 +38 +39 +41 +42 +43 +44 +45 +46 +47 +48 +49 +50 +51 +52 @
>CP008998
+1 +2 +3 +4 +5 +6 +7 +8 +9 +10 +11 +12 +13 +14 +15 +16 +17 +18 +19 +20 +21 +22 +23 +24 +25 +26 +27 +28 +30 +31 +32 +33 +34 +35 +36 +37 +38 +39 +40 +41 +42 +43 +44 +45 +46 +47 +48 +49 +50 +51 +52 +53 +54 +55 +56 +57 +58 +59 +60 +61 +62 +63 +64 +65 +66 +71 +72 +73 +74 +75 +76 +77 +78 +79 +80 +81 +82 +83 +84 +85 +86 +87 +88 +89 +90 +91 +92 +93 +94 +95 +96 +97 +98 +99 +100 +101 +102 +103 +104 +106 +107 +108 +109 +110 +111 +113 +114 +115 +116 +117 +118 +124 +125 +126 +127 +128 +129 @
>CP009031
+1 +2 +3 -124 -118 -117 -116 -115 -114 -113 -126 -125 +4 +5 +6 +7 +8 +9 +10 +11 +12 +13 +14 +15 +16 +17 +18 +19 -99 -96 -95 +30 +31 +32 +33 +34 +35 +36 +37 -84 -83 -62 -61 -60 -59 -58 -57 -56 -55 +71 +72 +73 +74 +75 +76 +77 +78 +79 +80 +81 -46 -45 -44 +63 +64 +65 +66 -54 -53 -52 -51 -50 -49 -48 -47 +82 -43 -42 -41 -40 -39 -38 +85 +86 +87 +88 +89 +90 +91 +92 +93 +94 -28 -27 -26 -25 -24 -23 -22 -21 -20 +98 +100 +101 +102 +103 +104 +106 +107 +108 +109 +110 +111 +127 +128 +129 @
>CM007619
-47 -46 -45 -44 -43 -42 -41 -40 -39 -38 -37 -36 -35 -34 -33 -32 -31 -30 -28 -27 -26 -25 -24 -23 -22 -21 -20 -19 -18 -17 -16 -15 -14 -13 -12 -11 -10 -9 -8 -7 -6 -5 -4 -3 -2 -1 -129 -128 -127 -126 -125 -124 -118 -117 -116 -115 -114 -113 -111 -110 -109 -108 -107 -106 -104 -103 -102 -101 -100 -99 -98 -97 -96 -95 -94 -93 -92 -91 -90 -89 -88 -87 -86 -85 -84 -83 -82 -81 -80 -79 -78 -77 -76 -75 -74 -73 -72 -71 -66 -65 -64 -63 -62 -61 -60 -59 -58 -57 -56 -55 -54 -53 -52 -51 -50 -49 -48 @
>CP009022
+1 +2 +3 +4 +5 +6 +7 +8 +9 +10 +11 +12 +13 +14 +15 +16 +17 +18 +19 +20 +21 +22 +23 +24 +25 +26 +27 +28 +30 +31 +32 +33 +34 +35 +36 +37 +38 +39 +40 +41 +42 +43 +44 +45 +46 +47 +48 +49 +50 +51 +52 +53 +54 +55 +56 +57 +58 +59 +60 +61 +62 +63 +64 +65 +66 +71 +72 +73 +74 +75 +76 +77 +78 +79 +80 +81 +82 +83 +84 +85 +86 +87 +88 +89 +90 +91 +92 +93 +94 +95 +96 +97 +98 +99 +100 +101 +102 +103 +104 +106 +107 +108 +109 +110 +111 +113 +114 +115 +116 +117 +118 +124 +125 +126 +127 +128 +129 @
>CP009028
+1 +2 +3 +4 +5 +6 +7 +8 +9 +10 +11 +12 +13 +14 +15 +16 +17 +18 +19 +20 +21 +22 +23 +24 +25 +26 +27 +28 +30 +31 +32 +33 +34 +35 +36 +37 +38 +39 +40 +41 +42 +43 +44 +45 +46 +47 +48 +49 +50 +51 +52 +53 +54 +55 +56 +57 +58 +59 +60 +61 +62 +63 +64 +65 +66 +71 +72 +73 +74 +75 +76 +77 +78 +79 +80 +81 +82 +83 +84 +85 +86 +87 +88 +89 +90 +91 +92 +93 +94 +95 +96 +97 +98 +99 +100 +101 +102 +103 +104 +106 +107 +108 +109 +110 +111 +113 +114 +115 +116 +117 +118 +124 +125 +126 +127 +128 +129 @
>CP011827
+1 +2 +3 +4 +5 +6 +7 +8 +9 +10 +11 +12 +13 +14 +15 +16 +17 +18 +19 +20 +21 +22 +23 +24 +25 +26 +27 +28 +30 +31 +32 +33 +34 +35 +36 +37 +38 +39 +40 +41 +42 +43 +44 +45 +46 +47 +48 +49 +50 +51 +52 +53 +54 +55 +56 +57 +58 +59 +60 +61 +62 +63 +64 +65 +66 +71 +72 +73 +74 +75 +76 +77 +78 +79 +80 +81 +82 +83 +84 +85 +86 +87 +88 +89 +90 +91 +92 +93 +94 +95 +96 +97 +98 +99 +100 +101 +102 +103 +104 +106 +107 +108 +109 +110 +111 +113 +114 +115 +116 +117 +118 +124 +125 +126 +127 +128 +129 @
>CP009007
+1 +2 +3 +4 +5 +6 +7 +8 +9 +10 +11 +12 +13 +14 +15 +16 +17 +18 +19 +20 +21 +22 +23 +24 +25 +26 +27 +28 +30 +31 +32 +33 +34 +35 +36 +37 +38 +39 +40 +41 +42 +43 +44 +45 +46 +47 +48 +49 +50 +51 +52 +53 +54 +55 +56 +57 +58 +59 +60 +61 +62 +63 +64 +65 +66 +71 +72 +73 +74 +75 +76 +77 +78 +79 +80 +81 +82 +83 +84 +85 +86 +87 +88 +89 +90 +91 +92 +93 +94 +95 +96 +97 +98 +99 +100 +101 +102 +103 +104 +106 +107 +108 +109 +110 +111 +113 +114 +115 +116 +117 +118 +124 +125 +126 +127 +128 +129 @
>CP009034
+1 +2 +3 -124 -118 -117 -116 -115 -114 -113 -126 -125 +4 +5 +6 +7 +8 +9 +10 +11 +12 +13 +14 +15 +16 +17 +18 +19 -99 -96 -95 +30 +31 +32 +33 +34 +35 +36 +37 -84 -83 -62 -61 -60 -59 -58 -57 -56 -55 +71 +72 +73 +74 +75 +76 +77 +78 +79 +80 +81 -46 -45 -44 +63 +64 +65 +66 -54 -53 -52 -51 -50 -49 -48 -47 +82 -43 -42 -41 -40 -39 -38 +85 +86 +87 +88 +89 +90 +91 +92 +93 +94 -28 -27 -26 -25 -24 -23 -22 -21 -20 +98 +100 +101 +102 +103 +104 +106 +107 +108 +109 +110 +111 +127 +128 +129 @
>CP009025
+1 +2 +3 +4 +5 +6 +7 +8 +9 +10 +11 +12 +13 +14 +15 +16 +17 +18 +19 +20 +21 +22 +23 +24 +25 +26 +27 +28 +30 +31 +32 +33 +34 +35 +36 +37 +38 +39 +40 +41 +42 +43 +44 +45 +46 +47 +48 +49 +50 +51 +52 +53 +54 +55 +56 +57 +58 +59 +60 +61 +62 +63 +64 +65 +66 +71 +72 +73 +74 +75 +76 +77 +78 +79 +80 +81 +82 +83 +84 +85 +86 +87 +88 +89 +90 +91 +92 +93 +94 +95 +96 +97 +98 +99 +100 +101 +102 +103 +104 +106 +107 +108 +109 +110 +111 +113 +114 +115 +116 +117 +118 +124 +125 +126 +127 +128 +129 @
>LN590509
+1 +2 +3 +4 +5 +6 +7 -128 +10 +11 +12 +13 +14 +15 +16 +17 +18 +19 +20 +21 +22 +23 +24 +25 +26 +27 +28 +30 +31 +32 +33 +34 +35 +36 +37 +38 +39 +41 +42 +43 +44 +45 +46 +47 +48 +49 +50 +52 +54 +55 +56 +57 +58 +59 +73 +74 +75 -60 +76 +77 +78 +79 +80 +81 +82 +83 +84 +85 +86 +87 +88 +89 +90 +91 +92 +93 +94 +95 +96 +97 +98 +99 +100 +101 +102 +103 +104 +106 +107 +108 +109 +110 +111 +113 +114 +115 +116 -9 -8 +117 +118 +124 +125 +126 +127 +129 +53 +51 @
>CP023285
+127 +128 +129 +1 +2 +3 +4 +5 +6 +7 +8 +9 +10 +11 +12 +13 +14 +15 +16 +17 +18 +19 +20 +21 +22 +23 +24 +25 +26 +27 +28 +30 +31 +32 +33 +34 +35 +36 +37 +38 +39 +40 +41 +42 +43 +44 +45 +46 +47 +48 +49 +50 +51 +52 +53 +54 +55 +56 +57 +58 +59 +60 +61 +62 +63 +64 +65 +66 +71 +72 +73 +74 +75 +76 +77 +78 +79 +80 +81 +82 +83 +84 +85 +86 +87 +88 +89 +90 +91 +92 +93 +94 +95 +96 +97 +98 +99 +100 +101 +102 +103 +104 +106 +107 +108 +109 +110 +111 +113 +114 +115 +116 +117 +118 +124 +125 +126 @
>CP020889
+88 +89 +90 +91 +92 +93 +94 -28 -27 -26 -25 -24 -23 -22 -21 -20 +99 -19 -18 -17 -16 -15 -14 -13 -12 +100 +101 +102 +103 +104 +106 +107 +108 +109 +110 +111 +127 +128 +129 +1 +2 +3 -124 -118 -117 -116 -115 -114 -113 -126 -125 +4 +5 +6 +7 +8 +9 +10 +11 -98 -97 -96 -95 +30 +31 +32 +33 +34 +35 +36 +37 +38 +39 +40 +41 +42 +43 -82 -81 -80 -79 -78 -77 -76 -75 -74 -73 -72 -71 +55 +56 +57 +58 +59 +60 +61 +62 -54 -53 -52 -51 -50 -49 -48 -47 -46 -45 -44 +83 +84 +85 +86 +87 @
>CP009037
+1 +2 +3 -124 -118 -117 -116 -115 -114 -113 -126 -125 +4 +5 +6 +7 +8 +9 +10 +11 +12 +13 +14 +15 +16 +17 +18 +19 -99 -96 -95 +30 +31 +32 +33 +34 +35 +36 +37 -84 -83 -62 -61 -60 -59 -58 -57 -56 -55 +71 +72 +73 +74 +75 +76 +77 +78 +79 +80 +81 -46 -45 -44 +63 +64 +65 +66 -54 -53 -52 -51 -50 -49 -48 -47 +82 -43 -42 -41 -40 -39 -38 +85 +86 +87 +88 +89 +90 +91 +92 +93 +94 -28 -27 -26 -25 -24 -23 -22 -21 -20 +98 +100 +101 +102 +103 +104 +106 +107 +108 +109 +110 +111 +127 +128 +129 @
>LN606820
+1 +2 +3 +4 +5 +6 +7 +10 +11 +12 +13 +14 +15 -9 -8 +16 +17 +18 +19 +20 +21 +22 +23 +24 +25 +26 +27 +28 +30 +31 +32 +33 +34 +35 +36 +37 +38 +39 +40 +41 +42 +43 +44 +45 +46 +47 +48 +49 +50 +51 +52 +53 +54 +55 +56 +57 +58 +59 +60 +61 +62 +63 +64 +65 +66 +71 +72 +73 +74 +75 +76 +77 +78 +79 +80 +81 +82 +83 +84 +85 +86 +87 +88 +89 +90 +91 +92 +93 +94 +95 +96 +97 +98 +99 +100 +101 +102 +103 +104 +106 +107 +108 +109 +110 +111 +113 +114 +115 +116 +117 +118 +124 +125 +126 +127 +128 +129 @
>CP020885
+22 +23 +24 +25 +26 +27 +28 +30 +31 +32 +33 +34 +35 +36 +37 +38 +39 -95 -94 -93 -92 -91 -90 -89 -88 -87 -86 -85 -84 -83 -82 -81 -80 -79 -78 -77 -76 -75 -74 -73 -72 -71 -66 +65 -64 -63 -62 -61 -60 -59 -58 -57 -56 -55 +96 +97 +98 -40 -54 -53 -52 -51 -50 -49 -48 -47 -46 -45 -44 -43 -42 -41 +99 +100 +101 +102 +103 +104 +106 +107 +108 +109 +110 +111 +113 -114 +115 +116 +117 +118 +124 +125 +126 +127 +128 +129 +1 +2 +3 +4 +5 +6 +7 +8 +9 +10 +11 +12 +13 +14 +15 +16 +17 +18 +19 +20 +21 @
>CP018847
-13 -12 -11 -10 -9 -8 -7 -6 -5 -4 -3 -2 -1 -129 -128 -127 -126 -125 -124 -118 -117 -116 -115 -114 -113 -111 -110 -109 -108 -107 -106 -104 -103 -102 -101 -100 -99 -98 -97 -96 -95 -94 -93 -92 -91 -90 -89 -88 -87 -86 -85 -84 -83 -82 -81 -80 -79 -78 -77 -76 -75 -74 -73 -72 -71 -66 -65 -64 -63 -62 -61 -60 -59 -58 -57 -56 -55 -54 -53 -52 -51 -50 -49 -48 -47 -46 -45 -44 -43 -42 -41 -40 -39 -38 -37 -36 -35 -34 -33 -32 -31 -30 -28 -27 -26 -25 -24 -23 -22 -21 -20 -19 -18 -17 -16 -15 -14 @
>CP018854
+117 +118 +124 +125 +126 +127 +128 +129 +1 +2 +3 +4 +5 +6 +7 +8 +9 +10 +11 +12 +13 +14 +15 +16 +17 +18 +19 +20 +21 +22 +23 +24 +25 +26 +27 +28 +30 +31 +32 +33 +34 +35 +36 +37 +38 +39 +40 +41 +42 +43 +44 +45 +46 +47 +48 +49 +50 +51 +52 +53 +54 +55 +56 +57 +58 +59 +60 +61 +62 +63 +64 +65 +66 +71 +72 +73 +74 +75 +76 +77 +78 +79 +80 +81 +82 +83 +84 +85 +86 +87 +88 +89 +90 +91 +92 +93 +94 +95 +96 +97 +98 +99 +100 +101 +102 +103 +104 +106 +107 +108 +109 +110 +111 +113 +114 +115 +116 @
>AE008923
+1 +2 +3 +4 +5 +6 +7 +8 +9 +10 +11 +12 +13 +14 +15 +16 +17 +18 +19 +20 +21 +22 +23 +24 +25 +26 +27 +28 +30 +31 +32 +33 +34 +35 +36 +37 +38 +39 +40 +41 +42 +43 +44 +45 +46 +47 +48 +49 +50 +51 +52 +53 +54 +55 +56 +57 +58 +59 +60 +61 +62 +63 +64 +65 +66 +71 +72 +73 +74 +75 +76 +77 +78 +79 +80 +81 +82 +83 +84 +85 +86 +87 +88 +89 +90 +91 +92 +93 +94 +95 +96 +97 +98 +99 +100 +101 +102 +103 +104 +106 +107 +108 +109 +110 +111 +113 +114 +115 +116 +117 +118 +124 +125 +126 +127 +128 +129 @
>CP009004
+1 +2 +3 +4 +5 +6 +7 +8 +9 +10 +11 +12 +13 +14 +15 +16 +17 +18 +19 +20 +21 +22 +23 +24 +25 +26 +27 +28 +30 +31 +32 +33 +34 +35 +36 +37 +38 +39 +40 +41 +42 +43 +44 +45 +46 +47 +48 +49 +50 +51 +52 +53 +54 +55 +56 +57 +58 +59 +60 +61 +62 +63 +64 +65 +66 +71 +72 +73 +74 +75 +76 +77 +78 +79 +80 +81 +82 +83 +84 +85 +86 +87 +88 +89 +90 +91 +92 +93 +94 +95 +96 +97 +98 +99 +100 +101 +102 +103 +104 +106 +107 +108 +109 +110 +111 +113 +114 +115 +116 +117 +118 +124 +125 +126 +127 +128 +129 @
>CP008995
+1 +2 +3 +4 +5 +6 +7 +8 +9 +10 +11 +12 +13 +14 +15 +16 +17 +18 +19 +20 +21 +22 +23 +24 +25 +26 +27 +28 +30 +31 +32 +33 +34 +35 +36 +37 +38 +39 +40 +41 +42 +43 +44 +45 +46 +47 +48 +49 +50 +51 +52 +53 +54 +55 +56 +57 +58 +59 +60 +61 +62 +63 +64 +65 +66 +71 +72 +73 +74 +75 +76 +77 +78 +79 +80 +81 +82 +83 +84 +85 +86 +87 +88 +89 +90 +91 +92 +93 +94 +95 +96 +97 +98 +99 +100 +101 +102 +103 +104 +106 +107 +108 +109 +110 +111 +113 +114 +115 +116 +117 +118 +124 +125 +126 +127 +128 +129 @
>CP018850
+52 +53 +54 +55 +56 +57 +58 +59 +60 +61 +62 +63 +64 +65 +66 +71 +72 +73 +74 +75 +76 +77 +78 +79 +80 +81 +82 +83 +84 +85 +86 +87 +88 +89 +90 +91 +92 +93 +94 +95 +96 +97 +98 +99 +100 +101 +102 +103 +104 +106 +107 +108 +109 +110 +111 +113 +114 +115 +116 +117 +118 +124 +125 +126 +127 +128 +129 +1 +2 +3 +4 +5 +6 +7 +8 +9 +10 +11 +12 +13 +14 +15 +16 +17 +18 +19 +20 +21 +22 +23 +24 +25 +26 +27 +28 +30 +31 +32 +33 +34 +35 +36 +37 +38 +39 +40 +41 +42 +43 +44 +45 +46 +47 +48 +49 @
>CP009040
+1 +2 +3 -124 -118 -117 -116 -115 -114 -113 -126 -125 +4 +5 +6 +7 +8 +9 +10 +11 +12 +13 +14 +15 +16 +17 +18 +19 -99 -96 -95 +30 +31 +32 +33 +34 +35 +36 +37 -84 -83 -62 -61 -60 -59 -58 -57 -56 -55 +71 +72 +73 +74 +75 +76 +77 +78 +79 +80 +81 -46 -45 -44 +63 +64 +65 +66 -54 -53 -52 -51 -50 -49 -48 -47 +82 -43 -42 -41 -40 -39 -38 +85 +86 +87 +88 +89 +90 +91 +92 +93 +94 -28 -27 -26 -25 -24 -23 -22 -21 -20 +98 +100 +101 +102 +103 +104 +106 +107 +108 +109 +110 +111 +127 +128 +129 @
>CP018858
-91 -90 -89 -88 -87 -86 -85 -84 -83 -82 -81 -80 -79 -78 -77 -76 -75 -74 -73 -72 -71 -66 -65 -64 -63 -62 -61 -60 -59 -58 -57 -56 -55 -54 -53 -52 -51 -50 -49 -48 -47 -46 -45 -44 -43 -42 -41 -40 -39 -38 -37 -36 -35 -34 -33 -32 -31 -30 -28 -27 -26 -25 -24 -23 -22 -21 -20 -19 -18 -17 -16 -15 -14 -13 -12 -11 -10 -9 -8 -7 -6 -5 -4 -3 -2 -1 -129 -128 -127 -126 -125 -124 -118 -117 -116 -115 -114 -113 -111 -110 -109 -108 -107 -106 -104 -103 -102 -101 -100 -99 -98 -97 -96 -95 -94 -93 -92 @
>CP020882
-4 +125 +126 +113 +114 +115 +116 +117 +118 +124 -3 -2 -1 -129 -128 -127 -111 -110 -109 -108 -107 -106 -104 -103 -102 -101 -100 -98 -97 -96 -95 +30 +31 +32 +33 +34 +35 +36 +37 +38 +39 +40 +41 +42 +43 -82 -81 -80 -79 -78 -77 -76 -75 -74 -73 -72 -71 +55 +56 +57 +58 +59 +60 +61 +62 -54 -53 -52 -51 -50 -49 -48 -47 -46 -45 -44 +83 +84 +85 +86 +87 +88 +89 +90 +91 +92 +93 +94 -28 -27 -26 -25 -24 -23 -22 -21 -20 +99 -19 -18 -17 -16 -15 -14 -13 -12 -11 -10 -9 -8 -7 -6 -5 @
>CP008989
+1 +2 +3 +4 +5 +6 +7 +8 +9 +10 +11 +12 +13 +14 +15 +16 +17 +18 +19 +20 +21 +22 +23 +24 +25 +26 +27 +28 +30 +31 +32 +33 +34 +35 +36 +37 +38 +39 +40 +41 +42 +43 +44 +45 +46 +47 +48 +49 +50 +51 +52 +53 +54 +55 +56 +57 +58 +59 +60 +61 +62 +63 +64 +65 +66 +71 +72 +73 +74 +75 +76 +77 +78 +79 +80 +81 +82 +83 +84 +85 +86 +87 +88 +89 +90 +91 +92 +93 +94 +95 +96 +97 +98 +99 +100 +101 +102 +103 +104 +106 +107 +108 +109 +110 +111 +113 +114 +115 +116 +117 +118 +124 +125 +126 +127 +128 +129 @
>CP008992
+1 +2 +3 +4 +5 +6 +7 +8 +9 +10 +11 +12 +13 +14 +15 +16 +17 +18 +19 +20 +21 +22 +23 +24 +25 +26 +27 +28 +30 +31 +32 +33 +34 +35 +36 +37 +38 +39 +40 +41 +42 +43 +44 +45 +46 +47 +48 +49 +50 +51 +52 +53 +54 +55 +56 +57 +58 +59 +60 +61 +62 +63 +64 +65 +66 +71 +72 +73 +74 +75 +76 +77 +78 +79 +80 +81 +82 +83 +84 +85 +86 +87 +88 +89 +90 +91 +92 +93 +94 +95 +96 +97 +98 +99 +100 +101 +102 +103 +104 +106 +107 +108 +109 +110 +111 +113 +114 +115 +116 +117 +118 +124 +125 +126 +127 +128 +129 @
>CP006857
+1 +2 +3 +4 +5 +6 +7 +8 +9 +10 +11 +12 +13 +14 +15 +16 +17 +18 +19 +20 +21 +22 +23 +24 +25 +26 +27 +28 +30 +31 +32 +33 +34 +35 +36 +37 +38 +39 +40 +41 +42 +43 +44 +45 +46 +47 +48 +49 +50 +51 +52 +53 +54 +55 +56 +57 +58 +59 +60 +61 +62 +63 +64 +65 +66 +71 +72 +73 +74 +75 +76 +77 +78 +79 +80 +81 +82 +83 +84 +85 +86 +87 +88 +89 +90 +91 +92 +93 +94 +95 +96 +97 +98 +99 +100 +101 +102 +103 +104 +106 +107 +108 +109 +110 +111 +113 +114 +115 +116 +117 +118 +124 +125 +126 +127 +128 +129 @
