>CP009010
+1 +2 +3 +4 +5 +6 +7 +8 +9 +10 +11 +12 +13 +14 +15 +16 +17 +18 +19 +20 +21 +22 +23 +24 +25 +26 +27 +28 +29 +31 +32 +33 +34 +35 +36 +37 +38 +39 +40 +41 +43 +44 +45 +46 +47 +48 +49 +52 +53 +54 +55 +56 +57 +58 +59 +60 +72 +73 +74 +75 +76 +77 +78 +79 +80 +81 +82 +83 +84 +85 +86 +87 +88 +89 +90 +91 +92 +93 +94 +95 +97 +98 +99 +100 +101 +102 +103 +105 +106 +107 +108 +109 +110 +112 +113 +114 +115 +116 +117 +123 +124 +125 +126 +127 +128 @
>CP009001
+1 +2 +3 +4 +5 +6 +7 +8 +9 +10 +11 +12 +13 +14 +15 +16 +17 +18 +19 +20 +21 +22 +23 +24 +25 +26 +27 +28 +29 +31 +32 +33 +34 +35 +36 +37 +38 +39 +40 +41 +43 +44 +45 +46 +47 +48 +49 +52 +53 +54 +55 +56 +57 +58 +59 +60 +72 +73 +74 +75 +76 +77 +78 +79 +80 +81 +82 +83 +84 +85 +86 +87 +88 +89 +90 +91 +92 +93 +94 +95 +97 +98 +99 +100 +101 +102 +103 +105 +106 +107 +108 +109 +110 +112 +113 +114 +115 +116 +117 +123 +124 +125 +126 +127 +128 @
>CP009016
+1 +2 +3 +4 +5 +6 +7 +8 +9 +10 +11 +12 +13 +14 +15 +16 +17 +18 +19 +20 +21 +22 +23 +24 +25 +26 +27 +28 +29 +31 +32 +33 +34 +35 +36 +37 +38 +39 +40 +41 +43 +44 +45 +46 +47 +48 +49 +52 +53 +54 +55 +56 +57 +58 +59 +60 +72 +73 +74 +75 +76 +77 +78 +79 +80 +81 +82 +83 +84 +85 +86 +87 +88 +89 +90 +91 +92 +93 +94 +95 +97 +98 +99 +100 +101 +102 +103 +105 +106 +107 +108 +109 +110 +112 +113 +114 +115 +116 +117 +123 +124 +125 +126 +127 +128 @
>CP009019
+1 +2 +3 +4 +5 +6 +7 +8 +9 +10 +11 +12 +13 +14 +15 +16 +17 +18 +19 +20 +21 +22 +23 +24 +25 +26 +27 +28 +29 +31 +32 +33 +34 +35 +36 +37 +38 +39 +40 +41 +43 +44 +45 +46 +47 +48 +49 +52 +53 +54 +55 +56 +57 +58 +59 +60 +72 +73 +74 +75 +76 +77 +78 +79 +80 +81 +82 +83 +84 +85 +86 +87 +88 +89 +90 +91 +92 +93 +94 +95 +97 +98 +99 +100 +101 +102 +103 +105 +106 +107 +108 +109 +110 +112 +113 +114 +115 +116 +117 +123 +124 +125 +126 +127 +128 @
>CP003778
+1 +2 +3 -123 -117 -116 -115 -114 -113 -112 -125 -124 +4 +5 +6 +7 +8 +9 +10 +11 +12 +13 +14 +15 +16 +17 +18 +19 +20 -98 -95 -94 -93 +31 +32 +33 +34 +35 +36 +37 +38 +39 -83 -82 -60 -59 -58 -57 -56 -55 +72 +73 +74 +75 +76 +77 +78 +79 +80 -46 -54 -53 -52 -49 -48 -47 +81 -45 -44 -43 -41 -40 +84 +85 +86 +87 +88 +89 +90 +91 +92 -29 -28 -27 -26 -25 -24 -23 -22 -21 +97 +99 +100 +101 +102 +103 +105 +106 +107 +108 +109 +110 +126 +127 +128 @
>CP009022
+1 +2 +3 +4 +5 +6 +7 +8 +9 +10 +11 +12 +13 +14 +15 +16 +17 +18 +19 +20 +21 +22 +23 +24 +25 +26 +27 +28 +29 +31 +32 +33 +34 +35 +36 +37 +38 +39 +40 +41 +43 +44 +45 +46 +47 +48 +49 +52 +53 +54 +55 +56 +57 +58 +59 +60 +72 +73 +74 +75 +76 +77 +78 +79 +80 +81 +82 +83 +84 +85 +86 +87 +88 +89 +90 +91 +92 +93 +94 +95 +97 +98 +99 +100 +101 +102 +103 +105 +106 +107 +108 +109 +110 +112 +113 +114 +115 +116 +117 +123 +124 +125 +126 +127 +128 @
>CM007619
-47 -46 -45 -44 -43 -41 -40 -39 -38 -37 -36 -35 -34 -33 -32 -31 -29 -28 -27 -26 -25 -24 -23 -22 -21 -20 -19 -18 -17 -16 -15 -14 -13 -12 -11 -10 -9 -8 -7 -6 -5 -4 -3 -2 -1 -128 -127 -126 -125 -124 -123 -117 -116 -115 -114 -113 -112 -110 -109 -108 -107 -106 -105 -103 -102 -101 -100 -99 -98 -97 -95 -94 -93 -92 -91 -90 -89 -88 -87 -86 -85 -84 -83 -82 -81 -80 -79 -78 -77 -76 -75 -74 -73 -72 -60 -59 -58 -57 -56 -55 -54 -53 -52 -49 -48 @
>CP009013
+1 +2 +3 +4 +5 +6 +7 +8 +9 +10 +11 +12 +13 +14 +15 +16 +17 +18 +19 +20 +21 +22 +23 +24 +25 +26 +27 +28 +29 +31 +32 +33 +34 +35 +36 +37 +38 +39 +40 +41 +43 +44 +45 +46 +47 +48 +49 +52 +53 +54 +55 +56 +57 +58 +59 +60 +72 +73 +74 +75 +76 +77 +78 +79 +80 +81 +82 +83 +84 +85 +86 +87 +88 +89 +90 +91 +92 +93 +94 +95 +97 +98 +99 +100 +101 +102 +103 +105 +106 +107 +108 +109 +110 +112 +113 +114 +115 +116 +117 +123 +124 +125 +126 +127 +128 @
>CM007622
+53 +54 +55 +56 +57 +58 +59 +60 +72 +73 +74 +75 +76 +77 +78 +79 +80 +81 +82 +83 +84 +85 +86 +87 +88 +89 +90 +91 +92 +93 +94 +95 +97 +98 +99 +100 +101 +102 +103 +105 +106 +107 +108 +109 +110 +112 +113 +114 +115 +116 +117 +123 +124 +125 +126 +127 +128 +1 +2 +3 +4 +5 +6 +7 +8 +9 +10 +11 +12 +13 +14 +15 +16 +17 +18 +19 +20 +21 +22 +23 +24 +25 +26 +27 +28 +29 +31 +32 +33 +34 +35 +36 +37 +38 +39 +40 +41 +43 +44 +45 +46 +47 +48 +49 +52 @
>LN590509
+1 +2 +3 +4 +5 +6 +7 -127 +10 +11 +12 +13 +14 +15 +16 +17 +18 +19 +20 +21 +22 +23 +24 +25 +26 +27 +28 +29 +31 +32 +33 +34 +35 +36 +37 +38 +39 +40 +41 +43 +44 +45 +46 +47 +48 +49 +52 +54 +55 +56 +57 +58 +59 +72 +73 +74 -60 +75 +76 +77 +78 +79 +80 +81 +82 +83 +84 +85 +86 +87 +88 +89 +90 +91 +92 +93 +94 +95 +97 +98 +99 +100 +101 +102 +103 +105 +106 +107 +108 +109 +110 +112 +113 +114 +115 -9 -8 +116 +117 +123 +124 +125 +126 +128 +53 @
>CP009025
+1 +2 +3 +4 +5 +6 +7 +8 +9 +10 +11 +12 +13 +14 +15 +16 +17 +18 +19 +20 +21 +22 +23 +24 +25 +26 +27 +28 +29 +31 +32 +33 +34 +35 +36 +37 +38 +39 +40 +41 +43 +44 +45 +46 +47 +48 +49 +52 +53 +54 +55 +56 +57 +58 +59 +60 +72 +73 +74 +75 +76 +77 +78 +79 +80 +81 +82 +83 +84 +85 +86 +87 +88 +89 +90 +91 +92 +93 +94 +95 +97 +98 +99 +100 +101 +102 +103 +105 +106 +107 +108 +109 +110 +112 +113 +114 +115 +116 +117 +123 +124 +125 +126 +127 +128 @
>CP009028
+1 +2 +3 +4 +5 +6 +7 +8 +9 +10 +11 +12 +13 +14 +15 +16 +17 +18 +19 +20 +21 +22 +23 +24 +25 +26 +27 +28 +29 +31 +32 +33 +34 +35 +36 +37 +38 +39 +40 +41 +43 +44 +45 +46 +47 +48 +49 +52 +53 +54 +55 +56 +57 +58 +59 +60 +72 +73 +74 +75 +76 +77 +78 +79 +80 +81 +82 +83 +84 +85 +86 +87 +88 +89 +90 +91 +92 +93 +94 +95 +97 +98 +99 +100 +101 +102 +103 +105 +106 +107 +108 +109 +110 +112 +113 +114 +115 +116 +117 +123 +124 +125 +126 +127 +128 @
>CP009007
+1 +2 +3 +4 +5 +6 +7 +8 +9 +10 +11 +12 +13 +14 +15 +16 +17 +18 +19 +20 +21 +22 +23 +24 +25 +26 +27 +28 +29 +31 +32 +33 +34 +35 +36 +37 +38 +39 +40 +41 +43 +44 +45 +46 +47 +48 +49 +52 +53 +54 +55 +56 +57 +58 +59 +60 +72 +73 +74 +75 +76 +77 +78 +79 +80 +81 +82 +83 +84 +85 +86 +87 +88 +89 +90 +91 +92 +93 +94 +95 +97 +98 +99 +100 +101 +102 +103 +105 +106 +107 +108 +109 +110 +112 +113 +114 +115 +116 +117 +123 +124 +125 +126 +127 +128 @
>CP009034
+1 +2 +3 -123 -117 -116 -115 -114 -113 -112 -125 -124 +4 +5 +6 +7 +8 +9 +10 +11 +12 +13 +14 +15 +16 +17 +18 +19 +20 -98 -95 -94 -93 +31 +32 +33 +34 +35 +36 +37 +38 +39 -83 -82 -60 -59 -58 -57 -56 -55 +72 +73 +74 +75 +76 +77 +78 +79 +80 -46 -54 -53 -52 -49 -48 -47 +81 -45 -44 -43 -41 -40 +84 +85 +86 +87 +88 +89 +90 +91 +92 -29 -28 -27 -26 -25 -24 -23 -22 -21 +97 +99 +100 +101 +102 +103 +105 +106 +107 +108 +109 +110 +126 +127 +128 @
>CP011827
+1 +2 +3 +4 +5 +6 +7 +8 +9 +10 +11 +12 +13 +14 +15 +16 +17 +18 +19 +20 +21 +22 +23 +24 +25 +26 +27 +28 +29 +31 +32 +33 +34 +35 +36 +37 +38 +39 +40 +41 +43 +44 +45 +46 +47 +48 +49 +52 +53 +54 +55 +56 +57 +58 +59 +60 +72 +73 +74 +75 +76 +77 +78 +79 +80 +81 +82 +83 +84 +85 +86 +87 +88 +89 +90 +91 +92 +93 +94 +95 +97 +98 +99 +100 +101 +102 +103 +105 +106 +107 +108 +109 +110 +112 +113 +114 +115 +116 +117 +123 +124 +125 +126 +127 +128 @
>CP009031
+1 +2 +3 -123 -117 -116 -115 -114 -113 -112 -125 -124 +4 +5 +6 +7 +8 +9 +10 +11 +12 +13 +14 +15 +16 +17 +18 +19 +20 -98 -95 -94 -93 +31 +32 +33 +34 +35 +36 +37 +38 +39 -83 -82 -60 -59 -58 -57 -56 -55 +72 +73 +74 +75 +76 +77 +78 +79 +80 -46 -54 -53 -52 -49 -48 -47 +81 -45 -44 -43 -41 -40 +84 +85 +86 +87 +88 +89 +90 +91 +92 -29 -28 -27 -26 -25 -24 -23 -22 -21 +97 +99 +100 +101 +102 +103 +105 +106 +107 +108 +109 +110 +126 +127 +128 @
>CP018854
+116 +117 +123 +124 +125 +126 +127 +128 +1 +2 +3 +4 +5 +6 +7 +8 +9 +10 +11 +12 +13 +14 +15 +16 +17 +18 +19 +20 +21 +22 +23 +24 +25 +26 +27 +28 +29 +31 +32 +33 +34 +35 +36 +37 +38 +39 +40 +41 +43 +44 +45 +46 +47 +48 +49 +52 +53 +54 +55 +56 +57 +58 +59 +60 +72 +73 +74 +75 +76 +77 +78 +79 +80 +81 +82 +83 +84 +85 +86 +87 +88 +89 +90 +91 +92 +93 +94 +95 +97 +98 +99 +100 +101 +102 +103 +105 +106 +107 +108 +109 +110 +112 +113 +114 +115 @
>AE008923
+1 +2 +3 +4 +5 +6 +7 +8 +9 +10 +11 +12 +13 +14 +15 +16 +17 +18 +19 +20 +21 +22 +23 +24 +25 +26 +27 +28 +29 +31 +32 +33 +34 +35 +36 +37 +38 +39 +40 +41 +43 +44 +45 +46 +47 +48 +49 +52 +53 +54 +55 +56 +57 +58 +59 +60 +72 +73 +74 +75 +76 +77 +78 +79 +80 +81 +82 +83 +84 +85 +86 +87 +88 +89 +90 +91 +92 +93 +94 +95 +97 +98 +99 +100 +101 +102 +103 +105 +106 +107 +108 +109 +110 +112 +113 +114 +115 +116 +117 +123 +124 +125 +126 +127 +128 @
>CP018847
-13 -12 -11 -10 -9 -8 -7 -6 -5 -4 -3 -2 -1 -128 -127 -126 -125 -124 -123 -117 -116 -115 -114 -113 -112 -110 -109 -108 -107 -106 -105 -103 -102 -101 -100 -99 -98 -97 -95 -94 -93 -92 -91 -90 -89 -88 -87 -86 -85 -84 -83 -82 -81 -80 -79 -78 -77 -76 -75 -74 -73 -72 -60 -59 -58 -57 -56 -55 -54 -53 -52 -49 -48 -47 -46 -45 -44 -43 -41 -40 -39 -38 -37 -36 -35 -34 -33 -32 -31 -29 -28 -27 -26 -25 -24 -23 -22 -21 -20 -19 -18 -17 -16 -15 -14 @
>CP018858
-90 -89 -88 -87 -86 -85 -84 -83 -82 -81 -80 -79 -78 -77 -76 -75 -74 -73 -72 -60 -59 -58 -57 -56 -55 -54 -53 -52 -49 -48 -47 -46 -45 -44 -43 -41 -40 -39 -38 -37 -36 -35 -34 -33 -32 -31 -29 -28 -27 -26 -25 -24 -23 -22 -21 -20 -19 -18 -17 -16 -15 -14 -13 -12 -11 -10 -9 -8 -7 -6 -5 -4 -3 -2 -1 -128 -127 -126 -125 -124 -123 -117 -116 -115 -114 -113 -112 -110 -109 -108 -107 -106 -105 -103 -102 -101 -100 -99 -98 -97 -95 -94 -93 -92 -91 @
>CP009040
+1 +2 +3 -123 -117 -116 -115 -114 -113 -112 -125 -124 +4 +5 +6 +7 +8 +9 +10 +11 +12 +13 +14 +15 +16 +17 +18 +19 +20 -98 -95 -94 -93 +31 +32 +33 +34 +35 +36 +37 +38 +39 -83 -82 -60 -59 -58 -57 -56 -55 +72 +73 +74 +75 +76 +77 +78 +79 +80 -46 -54 -53 -52 -49 -48 -47 +81 -45 -44 -43 -41 -40 +84 +85 +86 +87 +88 +89 +90 +91 +92 -29 -28 -27 -26 -25 -24 -23 -22 -21 +97 +99 +100 +101 +102 +103 +105 +106 +107 +108 +109 +110 +126 +127 +128 @
>CP009004
+1 +2 +3 +4 +5 +6 +7 +8 +9 +10 +11 +12 +13 +14 +15 +16 +17 +18 +19 +20 +21 +22 +23 +24 +25 +26 +27 +28 +29 +31 +32 +33 +34 +35 +36 +37 +38 +39 +40 +41 +43 +44 +45 +46 +47 +48 +49 +52 +53 +54 +55 +56 +57 +58 +59 +60 +72 +73 +74 +75 +76 +77 +78 +79 +80 +81 +82 +83 +84 +85 +86 +87 +88 +89 +90 +91 +92 +93 +94 +95 +97 +98 +99 +100 +101 +102 +103 +105 +106 +107 +108 +109 +110 +112 +113 +114 +115 +116 +117 +123 +124 +125 +126 +127 +128 @
>CP018850
+52 +53 +54 +55 +56 +57 +58 +59 +60 +72 +73 +74 +75 +76 +77 +78 +79 +80 +81 +82 +83 +84 +85 +86 +87 +88 +89 +90 +91 +92 +93 +94 +95 +97 +98 +99 +100 +101 +102 +103 +105 +106 +107 +108 +109 +110 +112 +113 +114 +115 +116 +117 +123 +124 +125 +126 +127 +128 +1 +2 +3 +4 +5 +6 +7 +8 +9 +10 +11 +12 +13 +14 +15 +16 +17 +18 +19 +20 +21 +22 +23 +24 +25 +26 +27 +28 +29 +31 +32 +33 +34 +35 +36 +37 +38 +39 +40 +41 +43 +44 +45 +46 +47 +48 +49 @
>CP008995
+1 +2 +3 +4 +5 +6 +7 +8 +9 +10 +11 +12 +13 +14 +15 +16 +17 +18 +19 +20 +21 +22 +23 +24 +25 +26 +27 +28 +29 +31 +32 +33 +34 +35 +36 +37 +38 +39 +40 +41 +43 +44 +45 +46 +47 +48 +49 +52 +53 +54 +55 +56 +57 +58 +59 +60 +72 +73 +74 +75 +76 +77 +78 +79 +80 +81 +82 +83 +84 +85 +86 +87 +88 +89 +90 +91 +92 +93 +94 +95 +97 +98 +99 +100 +101 +102 +103 +105 +106 +107 +108 +109 +110 +112 +113 +114 +115 +116 +117 +123 +124 +125 +126 +127 +128 @
>CP009037
+1 +2 +3 -123 -117 -116 -115 -114 -113 -112 -125 -124 +4 +5 +6 +7 +8 +9 +10 +11 +12 +13 +14 +15 +16 +17 +18 +19 +20 -98 -95 -94 -93 +31 +32 +33 +34 +35 +36 +37 +38 +39 -83 -82 -60 -59 -58 -57 -56 -55 +72 +73 +74 +75 +76 +77 +78 +79 +80 -46 -54 -53 -52 -49 -48 -47 +81 -45 -44 -43 -41 -40 +84 +85 +86 +87 +88 +89 +90 +91 +92 -29 -28 -27 -26 -25 -24 -23 -22 -21 +97 +99 +100 +101 +102 +103 +105 +106 +107 +108 +109 +110 +126 +127 +128 @
>LN606820
+1 +2 +3 +4 +5 +6 +7 +10 +11 +12 +13 +14 +15 -9 -8 +16 +17 +18 +19 +20 +21 +22 +23 +24 +25 +26 +27 +28 +29 +31 +32 +33 +34 +35 +36 +37 +38 +39 +40 +41 +43 +44 +45 +46 +47 +48 +49 +52 +53 +54 +55 +56 +57 +58 +59 +60 +72 +73 +74 +75 +76 +77 +78 +79 +80 +81 +82 +83 +84 +85 +86 +87 +88 +89 +90 +91 +92 +93 +94 +95 +97 +98 +99 +100 +101 +102 +103 +105 +106 +107 +108 +109 +110 +112 +113 +114 +115 +116 +117 +123 +124 +125 +126 +127 +128 @
>CP008998
+1 +2 +3 +4 +5 +6 +7 +8 +9 +10 +11 +12 +13 +14 +15 +16 +17 +18 +19 +20 +21 +22 +23 +24 +25 +26 +27 +28 +29 +31 +32 +33 +34 +35 +36 +37 +38 +39 +40 +41 +43 +44 +45 +46 +47 +48 +49 +52 +53 +54 +55 +56 +57 +58 +59 +60 +72 +73 +74 +75 +76 +77 +78 +79 +80 +81 +82 +83 +84 +85 +86 +87 +88 +89 +90 +91 +92 +93 +94 +95 +97 +98 +99 +100 +101 +102 +103 +105 +106 +107 +108 +109 +110 +112 +113 +114 +115 +116 +117 +123 +124 +125 +126 +127 +128 @
>CP020889
+87 +88 +89 +90 +91 +92 -29 -28 -27 -26 -25 -24 -23 -22 -21 +98 -20 -19 -18 -17 -16 -15 -14 -13 -12 +99 +100 +101 +102 +103 +105 +106 +107 +108 +109 +110 +126 +127 +128 +1 +2 +3 -123 -117 -116 -115 -114 -113 -112 -125 -124 +4 +5 +6 +7 +8 +9 +10 +11 -97 -95 -94 -93 +31 +32 +33 +34 +35 +36 +37 +38 +39 +40 +41 +43 +44 +45 -81 -80 -79 -78 -77 -76 -75 -74 -73 -72 +55 +56 +57 +58 +59 +60 -54 -53 -52 -49 -48 -47 -46 +82 +83 +84 +85 +86 @
>CP023285
+126 +127 +128 +1 +2 +3 +4 +5 +6 +7 +8 +9 +10 +11 +12 +13 +14 +15 +16 +17 +18 +19 +20 +21 +22 +23 +24 +25 +26 +27 +28 +29 +31 +32 +33 +34 +35 +36 +37 +38 +39 +40 +41 +43 +44 +45 +46 +47 +48 +49 +52 +53 +54 +55 +56 +57 +58 +59 +60 +72 +73 +74 +75 +76 +77 +78 +79 +80 +81 +82 +83 +84 +85 +86 +87 +88 +89 +90 +91 +92 +93 +94 +95 +97 +98 +99 +100 +101 +102 +103 +105 +106 +107 +108 +109 +110 +112 +113 +114 +115 +116 +117 +123 +124 +125 @
>CP020882
-4 +124 +125 +112 +113 +114 +115 +116 +117 +123 -3 -2 -1 -128 -127 -126 -110 -109 -108 -107 -106 -105 -103 -102 -101 -100 -99 -97 -95 -94 -93 +31 +32 +33 +34 +35 +36 +37 +38 +39 +40 +41 +43 +44 +45 -81 -80 -79 -78 -77 -76 -75 -74 -73 -72 +55 +56 +57 +58 +59 +60 -54 -53 -52 -49 -48 -47 -46 +82 +83 +84 +85 +86 +87 +88 +89 +90 +91 +92 -29 -28 -27 -26 -25 -24 -23 -22 -21 +98 -20 -19 -18 -17 -16 -15 -14 -13 -12 -11 -10 -9 -8 -7 -6 -5 @
>CP008989
+1 +2 +3 +4 +5 +6 +7 +8 +9 +10 +11 +12 +13 +14 +15 +16 +17 +18 +19 +20 +21 +22 +23 +24 +25 +26 +27 +28 +29 +31 +32 +33 +34 +35 +36 +37 +38 +39 +40 +41 +43 +44 +45 +46 +47 +48 +49 +52 +53 +54 +55 +56 +57 +58 +59 +60 +72 +73 +74 +75 +76 +77 +78 +79 +80 +81 +82 +83 +84 +85 +86 +87 +88 +89 +90 +91 +92 +93 +94 +95 +97 +98 +99 +100 +101 +102 +103 +105 +106 +107 +108 +109 +110 +112 +113 +114 +115 +116 +117 +123 +124 +125 +126 +127 +128 @
>CP020885
+23 +24 +25 +26 +27 +28 +29 +31 +32 +33 +34 +35 +36 +37 +38 +39 +40 +41 -93 -92 -91 -90 -89 -88 -87 -86 -85 -84 -83 -82 -81 -80 -79 -78 -77 -76 -75 -74 -73 -72 -60 -59 -58 -57 -56 -55 +94 +95 +97 -54 -53 -52 -49 -48 -47 -46 -45 -44 -43 +98 +99 +100 +101 +102 +103 +105 +106 +107 +108 +109 +110 +112 -113 +114 +115 +116 +117 +123 +124 +125 +126 +127 +128 +1 +2 +3 +4 +5 +6 +7 +8 +9 +10 +11 +12 +13 +14 +15 +16 +17 +18 +19 +20 +21 +22 @
>CP008992
+1 +2 +3 +4 +5 +6 +7 +8 +9 +10 +11 +12 +13 +14 +15 +16 +17 +18 +19 +20 +21 +22 +23 +24 +25 +26 +27 +28 +29 +31 +32 +33 +34 +35 +36 +37 +38 +39 +40 +41 +43 +44 +45 +46 +47 +48 +49 +52 +53 +54 +55 +56 +57 +58 +59 +60 +72 +73 +74 +75 +76 +77 +78 +79 +80 +81 +82 +83 +84 +85 +86 +87 +88 +89 +90 +91 +92 +93 +94 +95 +97 +98 +99 +100 +101 +102 +103 +105 +106 +107 +108 +109 +110 +112 +113 +114 +115 +116 +117 +123 +124 +125 +126 +127 +128 @
>CP006857
+1 +2 +3 +4 +5 +6 +7 +8 +9 +10 +11 +12 +13 +14 +15 +16 +17 +18 +19 +20 +21 +22 +23 +24 +25 +26 +27 +28 +29 +31 +32 +33 +34 +35 +36 +37 +38 +39 +40 +41 +43 +44 +45 +46 +47 +48 +49 +52 +53 +54 +55 +56 +57 +58 +59 +60 +72 +73 +74 +75 +76 +77 +78 +79 +80 +81 +82 +83 +84 +85 +86 +87 +88 +89 +90 +91 +92 +93 +94 +95 +97 +98 +99 +100 +101 +102 +103 +105 +106 +107 +108 +109 +110 +112 +113 +114 +115 +116 +117 +123 +124 +125 +126 +127 +128 @
