Seq_id	Size	Description
1	3412234	LEPN.0521.00005
2	3546234	LEPN.0521.00004
3	3515377	LEPN.0521.00011
4	3581477	LEPN.0521.00003
5	3471959	LEPN.0521.00014
6	3503573	LEPN.0521.00022
7	3487066	LEPN.0521.00017
8	3376636	LEPN.0521.00008
9	3498323	LEPN.0521.00018
10	3458914	LEPN.0521.00010
11	3661362	LEPN.0521.00001
12	3363033	LEPN.0521.00019
13	3458918	LEPN.0521.00007
14	3389966	LEPN.0521.00006
15	3460779	LEPN.0521.00002
16	3458918	LEPN.0521.00009
17	3611000	LEPN.0521.00016
18	3555279	LEPN.0521.00015
19	3461540	LEPN.0521.00021
20	3500943	LEPN.0521.00012
21	3548205	LEPN.0521.00020
22	3474810	LEPN.0521.00013
--------------------------------------------------------------------------------
Block #167
Seq_id	Strand	Start	End	Length
10	+	2963750	2969111	5361
13	+	2963753	2969114	5361
16	+	2963753	2969114	5361
--------------------------------------------------------------------------------
Block #78
Seq_id	Strand	Start	End	Length
1	+	2008651	2032744	24093
2	+	1934889	1958993	24104
3	+	1915692	1939795	24103
4	+	1970111	1994215	24104
5	+	1915969	1940070	24101
6	+	1970147	1994369	24222
7	+	1937074	1961177	24103
8	+	1970160	1994320	24160
9	+	1971347	1995570	24223
10	+	1996276	2020436	24160
11	+	2061644	2085748	24104
12	+	1924597	1948700	24103
13	+	1996279	2020439	24160
14	+	1973954	1998114	24160
15	+	1910386	1934487	24101
16	+	1996279	2020439	24160
17	-	1434637	1410533	24104
18	+	1944989	1969092	24103
19	+	1914021	1938124	24103
20	+	1939608	1963709	24101
21	-	1243508	1219406	24102
22	+	1926792	1950895	24103
--------------------------------------------------------------------------------
Block #77
Seq_id	Strand	Start	End	Length
1	+	1974361	2008650	34289
2	+	1900528	1934888	34360
3	+	1881402	1915691	34289
4	+	1935750	1970110	34360
5	+	1881679	1915968	34289
6	+	1934499	1968920	34421
7	+	1902784	1937073	34289
8	+	1935619	1970159	34540
9	+	1935701	1970120	34419
10	+	1961735	1996275	34540
11	+	2027301	2061643	34342
12	+	1890243	1924596	34353
13	+	1961738	1996278	34540
14	+	1939413	1973953	34540
15	+	1876099	1910385	34286
16	+	1961738	1996278	34540
17	-	1468930	1434639	34291
18	+	1910699	1944988	34289
19	+	1879731	1914020	34289
20	+	1905318	1939607	34289
21	-	1277799	1243510	34289
22	+	1892502	1926791	34289
--------------------------------------------------------------------------------
Block #76
Seq_id	Strand	Start	End	Length
1	+	1954068	1974283	20215
2	+	1880229	1900450	20221
3	+	1861108	1881324	20216
4	+	1915451	1935672	20221
5	+	1861385	1881601	20216
6	+	1914201	1934421	20220
7	+	1882490	1902706	20216
8	+	1910300	1930531	20231
9	+	1915403	1935623	20220
10	+	1936416	1956647	20231
11	+	2007002	2027223	20221
12	+	1869944	1890165	20221
13	+	1936419	1956650	20231
14	+	1914094	1934325	20231
15	+	1855805	1876021	20216
16	+	1936419	1956650	20231
17	-	1489224	1469008	20216
18	+	1890405	1910621	20216
19	+	1859441	1879653	20212
20	+	1885024	1905240	20216
21	-	1298093	1277877	20216
22	+	1872208	1892424	20216
--------------------------------------------------------------------------------
Block #75
Seq_id	Strand	Start	End	Length
1	+	1947092	1952314	5222
2	+	1874868	1880076	5208
3	+	1854133	1859355	5222
4	+	1910090	1915298	5208
5	+	1854410	1859632	5222
6	+	1908840	1914048	5208
7	+	1875515	1880737	5222
8	+	1904920	1910154	5234
9	+	1910043	1915250	5207
10	+	1931036	1936270	5234
11	+	2001641	2006849	5208
12	+	1864583	1869791	5208
13	+	1931039	1936273	5234
14	+	1908714	1913948	5234
15	+	1848830	1854052	5222
16	+	1931039	1936273	5234
17	-	1496200	1490978	5222
18	+	1883428	1888650	5222
19	+	1852466	1857688	5222
20	+	1878049	1883271	5222
21	-	1305068	1299846	5222
22	+	1865233	1870455	5222
--------------------------------------------------------------------------------
Block #74
Seq_id	Strand	Start	End	Length
1	+	1912265	1942307	30042
2	+	1843977	1874009	30032
3	+	1820539	1850570	30031
4	+	1879199	1909231	30032
5	+	1820816	1850847	30031
6	+	1877949	1907981	30032
7	+	1841922	1871952	30030
8	+	1871247	1901463	30216
9	+	1879152	1909184	30032
10	+	1897558	1927579	30021
11	+	1970749	2000782	30033
12	+	1833692	1863724	30032
13	+	1897561	1927582	30021
14	+	1875041	1905257	30216
15	+	1815236	1845267	30031
16	+	1897561	1927582	30021
17	-	1529793	1499761	30032
18	+	1849834	1879866	30032
19	+	1818871	1848903	30032
20	+	1844455	1874486	30031
21	-	1338662	1308631	30031
22	+	1831639	1861670	30031
--------------------------------------------------------------------------------
Block #73
Seq_id	Strand	Start	End	Length
1	+	1885933	1907565	21632
2	+	1817648	1839281	21633
3	+	1798036	1820267	22231
4	+	1852870	1874503	21633
5	+	1798313	1820544	22231
6	+	1851622	1873253	21631
7	+	1819419	1841650	22231
8	+	1844889	1866527	21638
9	+	1852825	1874456	21631
10	+	1871200	1892838	21638
11	+	1944420	1966053	21633
12	+	1807444	1828996	21552
13	+	1871203	1892841	21638
14	+	1848683	1870321	21638
15	+	1792733	1814964	22231
16	+	1871203	1892841	21638
17	-	1557184	1534489	22695
18	+	1827332	1849562	22230
19	+	1796368	1818599	22231
20	+	1821952	1844183	22231
21	-	1361165	1338934	22231
22	+	1809136	1831367	22231
--------------------------------------------------------------------------------
Block #72
Seq_id	Strand	Start	End	Length
1	+	1854779	1885923	31144
2	+	1786357	1817638	31281
3	+	1766883	1798026	31143
4	+	1821579	1852860	31281
5	+	1767160	1798303	31143
6	+	1817158	1848433	31275
7	+	1788266	1819409	31143
8	+	1813594	1844879	31285
9	+	1818359	1849637	31278
10	+	1839905	1871190	31285
11	+	1911604	1942885	31281
12	+	1776131	1807407	31276
13	+	1839908	1871193	31285
14	+	1817388	1848673	31285
15	+	1761580	1792723	31143
16	+	1839908	1871193	31285
17	-	1588338	1557194	31144
18	+	1796178	1827322	31144
19	+	1765215	1796358	31143
20	+	1790799	1821942	31143
21	-	1392325	1361175	31150
22	+	1777983	1809126	31143
--------------------------------------------------------------------------------
Block #71
Seq_id	Strand	Start	End	Length
1	+	1842786	1850803	8017
2	+	1775742	1783757	8015
3	+	1756266	1764283	8017
4	+	1810964	1818979	8015
5	+	1756543	1764560	8017
6	+	1806543	1814558	8015
7	+	1777649	1785666	8017
8	+	1799176	1807313	8137
9	+	1807744	1815759	8015
10	+	1825487	1833624	8137
11	+	1900989	1909004	8015
12	+	1765677	1773692	8015
13	+	1825490	1833627	8137
14	+	1802970	1811107	8137
15	+	1750963	1758980	8017
16	+	1825490	1833627	8137
17	-	1598955	1590938	8017
18	+	1785561	1793578	8017
19	+	1754598	1762615	8017
20	+	1780182	1788199	8017
21	-	1402942	1394925	8017
22	+	1767366	1775383	8017
--------------------------------------------------------------------------------
Block #70
Seq_id	Strand	Start	End	Length
1	+	1831159	1841295	10136
2	+	1763306	1773442	10136
3	+	1743829	1753966	10137
4	+	1798528	1808664	10136
5	+	1744106	1754243	10137
6	+	1794107	1804243	10136
7	+	1765212	1775349	10137
8	+	1786747	1796876	10129
9	+	1795308	1805444	10136
10	+	1813058	1823187	10129
11	+	1888553	1898689	10136
12	+	1753243	1763377	10134
13	+	1813061	1823190	10129
14	+	1790541	1800670	10129
15	+	1738526	1748663	10137
16	+	1813061	1823190	10129
17	-	1611391	1601255	10136
18	+	1773135	1783272	10137
19	+	1742161	1752298	10137
20	+	1767745	1777882	10137
21	-	1415379	1405242	10137
22	+	1754929	1765066	10137
--------------------------------------------------------------------------------
Block #69
Seq_id	Strand	Start	End	Length
1	+	1779862	1801565	21703
2	+	1702986	1724689	21703
3	+	1692623	1714356	21733
4	+	1738208	1759911	21703
5	+	1692900	1714633	21733
6	+	1739968	1761671	21703
7	+	1714005	1735738	21733
8	+	1731699	1753433	21734
9	+	1741172	1762874	21702
10	+	1758009	1779744	21735
11	+	1827990	1849682	21692
12	+	1697837	1719540	21703
13	+	1758012	1779747	21735
14	+	1735492	1757227	21735
15	+	1687320	1709053	21733
16	+	1758012	1779747	21735
17	-	1665195	1643462	21733
18	+	1720423	1742155	21732
19	+	1690955	1712688	21733
20	+	1716539	1738272	21733
21	-	1466585	1444852	21733
22	+	1703723	1725456	21733
--------------------------------------------------------------------------------
Block #68
Seq_id	Strand	Start	End	Length
1	+	1759705	1779659	19954
2	+	1682745	1702783	20038
3	+	1672482	1692420	19938
4	+	1717967	1738005	20038
5	+	1672759	1692697	19938
6	+	1719817	1739765	19948
7	+	1693864	1713802	19938
8	+	1711554	1731496	19942
9	+	1721020	1740969	19949
10	+	1737864	1757806	19942
11	+	1796605	1816544	19939
12	+	1677690	1697634	19944
13	+	1737867	1757809	19942
14	+	1715347	1735289	19942
15	+	1667179	1687117	19938
16	+	1737867	1757809	19942
17	-	1685336	1665398	19938
18	+	1700282	1720220	19938
19	+	1670814	1690752	19938
20	+	1696398	1716336	19938
21	-	1486726	1466788	19938
22	+	1683582	1703520	19938
--------------------------------------------------------------------------------
Block #67
Seq_id	Strand	Start	End	Length
1	+	1717256	1759496	42240
2	+	1634256	1676512	42256
3	+	1630035	1672292	42257
4	+	1669478	1711734	42256
5	+	1630312	1672569	42257
6	+	1671323	1713579	42256
7	+	1651417	1693674	42257
8	+	1669140	1711380	42240
9	+	1672529	1714782	42253
10	+	1695456	1737690	42234
11	+	1746655	1788911	42256
12	+	1629197	1671452	42255
13	+	1695459	1737693	42234
14	+	1672939	1715173	42234
15	+	1624732	1666989	42257
16	+	1695459	1737693	42234
17	-	1727784	1685526	42258
18	+	1657832	1700092	42260
19	+	1628367	1670624	42257
20	+	1653951	1696208	42257
21	-	1529173	1486916	42257
22	+	1641135	1683392	42257
--------------------------------------------------------------------------------
Block #66
Seq_id	Strand	Start	End	Length
1	+	1694280	1715169	20889
2	+	1613510	1634114	20604
3	+	1607058	1627948	20890
4	+	1648732	1669336	20604
5	+	1607335	1628225	20890
6	+	1650582	1671181	20599
7	+	1628441	1649330	20889
8	+	1645988	1667053	21065
9	+	1651788	1672387	20599
10	+	1672304	1693369	21065
11	+	1725909	1746513	20604
12	+	1608451	1629055	20604
13	+	1672307	1693372	21065
14	+	1649787	1670852	21065
15	+	1601755	1622645	20890
16	+	1672307	1693372	21065
17	-	1750761	1729871	20890
18	+	1634855	1655745	20890
19	+	1605390	1626280	20890
20	+	1630974	1651864	20890
21	-	1552150	1531260	20890
22	+	1618158	1639048	20890
--------------------------------------------------------------------------------
Block #65
Seq_id	Strand	Start	End	Length
1	+	1684829	1694270	9441
2	+	1604115	1613500	9385
3	+	1597660	1607048	9388
4	+	1639337	1648722	9385
5	+	1597937	1607325	9388
6	+	1641187	1650572	9385
7	+	1619043	1628431	9388
8	+	1636544	1645978	9434
9	+	1642394	1651778	9384
10	+	1662860	1672294	9434
11	+	1716514	1725899	9385
12	+	1597790	1607175	9385
13	+	1662863	1672297	9434
14	+	1640343	1649777	9434
15	+	1592357	1601745	9388
16	+	1662863	1672297	9434
17	-	1760211	1750771	9440
18	+	1625405	1634845	9440
19	+	1595992	1605380	9388
20	+	1621576	1630964	9388
21	-	1561548	1552160	9388
22	+	1608760	1618148	9388
--------------------------------------------------------------------------------
Block #64
Seq_id	Strand	Start	End	Length
1	+	1657394	1681629	24235
2	+	1577001	1601252	24251
3	+	1570328	1594461	24133
4	+	1612223	1636474	24251
5	+	1570605	1594738	24133
6	+	1610224	1634452	24228
7	+	1591711	1615844	24133
8	+	1603104	1627326	24222
9	+	1611432	1635659	24227
10	+	1629420	1653642	24222
11	+	1686459	1710734	24275
12	+	1566960	1591188	24228
13	+	1629423	1653645	24222
14	+	1606903	1631125	24222
15	+	1565025	1589158	24133
16	+	1629423	1653645	24222
17	-	1787544	1763410	24134
18	+	1598072	1622205	24133
19	+	1568660	1592793	24133
20	+	1594244	1618377	24133
21	-	1588880	1564746	24134
22	+	1581428	1605561	24133
--------------------------------------------------------------------------------
Block #63
Seq_id	Strand	Start	End	Length
1	+	1637839	1657392	19553
2	+	1557373	1576999	19626
3	+	1550685	1570326	19641
4	+	1592595	1612221	19626
5	+	1550962	1570603	19641
6	+	1588527	1608185	19658
7	+	1572068	1591709	19641
8	+	1581559	1601128	19569
9	+	1589738	1609393	19655
10	+	1607876	1627444	19568
11	+	1664693	1684420	19727
12	+	1545263	1564921	19658
13	+	1607878	1627447	19569
14	+	1585358	1604927	19569
15	+	1545382	1565023	19641
16	+	1607878	1627447	19569
17	-	1807187	1787545	19642
18	+	1578429	1598070	19641
19	+	1549017	1568658	19641
20	+	1574601	1594242	19641
21	-	1608523	1588881	19642
22	+	1561785	1581426	19641
--------------------------------------------------------------------------------
Block #62
Seq_id	Strand	Start	End	Length
1	+	1630641	1637703	7062
2	+	1550172	1557237	7065
3	+	1543485	1550549	7064
4	+	1585394	1592459	7065
5	+	1543762	1550826	7064
6	+	1579424	1586881	7457
7	+	1564868	1571932	7064
8	+	1573945	1581423	7478
9	+	1580635	1588092	7457
10	+	1600262	1607740	7478
11	+	1655589	1663046	7457
12	+	1536160	1543617	7457
13	+	1600264	1607742	7478
14	+	1577744	1585222	7478
15	+	1538182	1545246	7064
16	+	1600264	1607742	7478
17	-	1814387	1807323	7064
18	+	1571229	1578293	7064
19	+	1541817	1548881	7064
20	+	1567401	1574465	7064
21	-	1615723	1608659	7064
22	+	1554585	1561649	7064
--------------------------------------------------------------------------------
Block #61
Seq_id	Strand	Start	End	Length
1	+	1592006	1630414	38408
2	+	1511568	1549945	38377
3	+	1504853	1543258	38405
4	+	1546790	1585167	38377
5	+	1505130	1543535	38405
6	+	1540820	1579197	38377
7	+	1526236	1564641	38405
8	+	1534028	1572433	38405
9	+	1542033	1580408	38375
10	+	1560345	1598750	38405
11	+	1616985	1655362	38377
12	+	1497556	1535933	38377
13	+	1560347	1598752	38405
14	+	1537827	1576232	38405
15	+	1499550	1537955	38405
16	+	1560347	1598752	38405
17	-	1853019	1814614	38405
18	+	1532597	1571002	38405
19	+	1503185	1541590	38405
20	+	1528769	1567174	38405
21	-	1654355	1615950	38405
22	+	1515953	1554358	38405
--------------------------------------------------------------------------------
Block #60
Seq_id	Strand	Start	End	Length
1	+	1571676	1581544	9868
2	+	1483827	1493695	9868
3	+	1481377	1491245	9868
4	+	1519049	1528917	9868
5	+	1481654	1491522	9868
6	+	1520585	1530451	9866
7	+	1502760	1512628	9868
8	+	1513737	1523605	9868
9	+	1521797	1531664	9867
10	+	1540054	1549922	9868
11	+	1589289	1599157	9868
12	+	1477319	1487187	9868
13	+	1540056	1549924	9868
14	+	1517536	1527404	9868
15	+	1475919	1485781	9862
16	+	1540056	1549924	9868
17	-	1876495	1866627	9868
18	+	1509121	1518989	9868
19	+	1479709	1489577	9868
20	+	1505293	1515161	9868
21	-	1677831	1667963	9868
22	+	1492477	1502345	9868
--------------------------------------------------------------------------------
Block #59
Seq_id	Strand	Start	End	Length
1	+	1556034	1565868	9834
2	+	1468502	1478334	9832
3	+	1465736	1475570	9834
4	+	1503724	1513556	9832
5	+	1466013	1475847	9834
6	+	1505256	1515088	9832
7	+	1487119	1496953	9834
8	+	1497537	1507372	9835
9	+	1506467	1516300	9833
10	+	1523854	1533689	9835
11	+	1572505	1582326	9821
12	+	1461989	1471822	9833
13	+	1523856	1533691	9835
14	+	1501336	1511171	9835
15	+	1461891	1471697	9806
16	+	1523856	1533691	9835
17	-	1892136	1882302	9834
18	+	1493480	1503314	9834
19	+	1464068	1473902	9834
20	+	1489652	1499486	9834
21	-	1693472	1683638	9834
22	+	1476836	1486670	9834
--------------------------------------------------------------------------------
Block #58
Seq_id	Strand	Start	End	Length
1	+	1533604	1555937	22333
2	+	1445960	1468405	22445
3	+	1437437	1459774	22337
4	+	1481182	1503627	22445
5	+	1437714	1460051	22337
6	+	1482683	1505159	22476
7	+	1458821	1481158	22337
8	+	1475036	1497442	22406
9	+	1483894	1506370	22476
10	+	1501353	1523759	22406
11	+	1549947	1572408	22461
12	+	1439446	1461892	22446
13	+	1501355	1523761	22406
14	+	1478835	1501241	22406
15	+	1436172	1458506	22334
16	+	1501355	1523761	22406
17	-	1923032	1900695	22337
18	+	1465181	1487518	22337
19	+	1435769	1458106	22337
20	+	1461353	1483690	22337
21	-	1721771	1699434	22337
22	+	1448537	1470874	22337
--------------------------------------------------------------------------------
Block #57
Seq_id	Strand	Start	End	Length
1	+	1499134	1525998	26864
2	+	1405306	1432174	26868
3	+	1405022	1431888	26866
4	+	1440528	1467396	26868
5	+	1405299	1432165	26866
6	+	1449818	1476683	26865
7	+	1426406	1453272	26866
8	+	1446633	1473497	26864
9	+	1451030	1477894	26864
10	+	1472950	1499814	26864
11	+	1508907	1535773	26866
12	+	1406580	1433446	26866
13	+	1472952	1499816	26864
14	+	1450432	1477296	26864
15	+	1403757	1430623	26866
16	+	1472952	1499816	26864
17	-	1955447	1928580	26867
18	+	1432766	1459632	26866
19	+	1403354	1430220	26866
20	+	1428938	1455804	26866
21	-	1754186	1727319	26867
22	+	1416122	1442988	26866
--------------------------------------------------------------------------------
Block #56
Seq_id	Strand	Start	End	Length
1	+	1460706	1494644	33938
2	+	1370308	1404428	34120
3	+	1366321	1400464	34143
4	+	1405530	1439650	34120
5	+	1366598	1400741	34143
6	+	1414785	1448940	34155
7	+	1387705	1421848	34143
8	+	1407872	1442145	34273
9	+	1415997	1450152	34155
10	+	1434189	1468462	34273
11	+	1474021	1508029	34008
12	+	1371548	1405702	34154
13	+	1434191	1468464	34273
14	+	1411671	1445944	34273
15	+	1365056	1399199	34143
16	+	1434191	1468464	34273
17	-	1996717	1962604	34113
18	+	1394005	1428208	34203
19	+	1364653	1398796	34143
20	+	1390237	1424380	34143
21	-	1792887	1758744	34143
22	+	1377421	1411564	34143
--------------------------------------------------------------------------------
Block #55
Seq_id	Strand	Start	End	Length
1	+	1441758	1458719	16961
2	+	1353064	1370197	17133
3	+	1347323	1364325	17002
4	+	1388286	1405419	17133
5	+	1347600	1364602	17002
6	+	1397541	1414674	17133
7	+	1368707	1385709	17002
8	+	1388510	1405649	17139
9	+	1398754	1415886	17132
10	+	1414827	1431966	17139
11	+	1456777	1473910	17133
12	+	1354304	1371437	17133
13	+	1414829	1431968	17139
14	+	1392309	1409448	17139
15	+	1346058	1363060	17002
16	+	1414829	1431968	17139
17	-	2015715	1998713	17002
18	+	1375007	1392009	17002
19	+	1345655	1362657	17002
20	+	1371239	1388241	17002
21	-	1811885	1794883	17002
22	+	1358423	1375425	17002
--------------------------------------------------------------------------------
Block #54
Seq_id	Strand	Start	End	Length
1	+	1420109	1435059	14950
2	+	1337984	1352946	14962
3	+	1313980	1328928	14948
4	+	1373206	1388168	14962
5	+	1314257	1329205	14948
6	+	1382461	1397423	14962
7	+	1335364	1350312	14948
8	+	1373326	1388391	15065
9	+	1383674	1398636	14962
10	+	1399643	1414708	15065
11	+	1441697	1456659	14962
12	+	1339224	1354186	14962
13	+	1399645	1414710	15065
14	+	1377125	1392190	15065
15	+	1312715	1327663	14948
16	+	1399645	1414710	15065
17	-	2037594	2022644	14950
18	+	1353128	1368078	14950
19	+	1312312	1327260	14948
20	+	1337896	1352844	14948
21	-	1845228	1830280	14948
22	+	1325080	1340028	14948
--------------------------------------------------------------------------------
Block #53
Seq_id	Strand	Start	End	Length
1	+	1401825	1419703	17878
2	+	1316522	1334398	17876
3	+	1295680	1313574	17894
4	+	1351743	1369619	17876
5	+	1295957	1313851	17894
6	+	1360992	1378874	17882
7	+	1317064	1334958	17894
8	+	1351840	1369744	17904
9	+	1362208	1380087	17879
10	+	1378157	1396061	17904
11	+	1420230	1438110	17880
12	+	1317754	1335637	17883
13	+	1378159	1396063	17904
14	+	1355639	1373543	17904
15	+	1294415	1312309	17894
16	+	1378159	1396063	17904
17	-	2059058	2041175	17883
18	+	1331664	1349547	17883
19	+	1294012	1311906	17894
20	+	1319596	1337490	17894
21	-	1863528	1845634	17894
22	+	1306780	1324674	17894
--------------------------------------------------------------------------------
Block #52
Seq_id	Strand	Start	End	Length
1	+	1361687	1401735	40048
2	+	1275566	1316436	40870
3	+	1253937	1293983	40046
4	+	1310787	1351657	40870
5	+	1254214	1294260	40046
6	+	1320034	1360906	40872
7	+	1275321	1315367	40046
8	+	1311567	1351754	40187
9	+	1321252	1362122	40870
10	+	1337883	1378071	40188
11	+	1379274	1420144	40870
12	+	1276798	1317668	40870
13	+	1337885	1378073	40188
14	+	1315366	1355553	40187
15	+	1252672	1292718	40046
16	+	1337885	1378073	40188
17	-	2100810	2060755	40055
18	+	1289922	1329966	40044
19	+	1252269	1292315	40046
20	+	1277853	1317899	40046
21	-	1905271	1865224	40047
22	+	1265037	1305083	40046
--------------------------------------------------------------------------------
Block #51
Seq_id	Strand	Start	End	Length
1	+	1349627	1360164	10537
2	+	1262811	1273349	10538
3	+	1241878	1252417	10539
4	+	1298032	1308570	10538
5	+	1242155	1252694	10539
6	+	1307977	1318515	10538
7	+	1263262	1273801	10539
8	+	1299618	1310156	10538
9	+	1309194	1319732	10538
10	+	1325934	1336472	10538
11	+	1366519	1377057	10538
12	+	1264740	1275278	10538
13	+	1325936	1336474	10538
14	+	1303417	1313955	10538
15	+	1240613	1251152	10539
16	+	1325936	1336474	10538
17	-	2112869	2102330	10539
18	+	1277863	1288402	10539
19	+	1240210	1250749	10539
20	+	1265794	1276333	10539
21	-	1917330	1906791	10539
22	+	1252978	1263517	10539
--------------------------------------------------------------------------------
Block #50
Seq_id	Strand	Start	End	Length
1	+	1335796	1343936	8140
2	+	1250550	1258818	8268
3	+	1229569	1237709	8140
4	+	1285771	1294039	8268
5	+	1229846	1237986	8140
6	+	1295710	1303985	8275
7	+	1250953	1259093	8140
8	+	1287538	1295601	8063
9	+	1296926	1305201	8275
10	+	1313853	1321917	8064
11	+	1354326	1362526	8200
12	+	1252472	1260747	8275
13	+	1313855	1321919	8064
14	+	1291337	1299400	8063
15	+	1228304	1236444	8140
16	+	1313855	1321919	8064
17	-	2126612	2118499	8113
18	+	1253884	1262024	8140
19	+	1227901	1236041	8140
20	+	1253485	1261625	8140
21	-	1929639	1921499	8140
22	+	1240669	1248809	8140
--------------------------------------------------------------------------------
Block #49
Seq_id	Strand	Start	End	Length
1	+	1323648	1335718	12070
2	+	1238457	1250508	12051
3	+	1217456	1229529	12073
4	+	1273678	1285729	12051
5	+	1217733	1229806	12073
6	+	1283619	1295671	12052
7	+	1238840	1250913	12073
8	+	1275456	1287498	12042
9	+	1284833	1296887	12054
10	+	1301771	1313813	12042
11	+	1342233	1354287	12054
12	+	1240380	1252433	12053
13	+	1301773	1313815	12042
14	+	1279255	1291297	12042
15	+	1216191	1228264	12073
16	+	1301773	1313815	12042
17	-	2141324	2129259	12065
18	+	1241771	1253844	12073
19	+	1215788	1227861	12073
20	+	1241372	1253445	12073
21	-	1941752	1929679	12073
22	+	1228556	1240629	12073
--------------------------------------------------------------------------------
Block #48
Seq_id	Strand	Start	End	Length
1	+	1310684	1321825	11141
2	+	1225685	1236463	10778
3	+	1204492	1215633	11141
4	+	1260906	1271684	10778
5	+	1204769	1215910	11141
6	+	1268211	1278982	10771
7	+	1225876	1237017	11141
8	+	1259516	1270857	11341
9	+	1269423	1280196	10773
10	+	1285831	1297172	11341
11	+	1329468	1340247	10779
12	+	1224971	1235743	10772
13	+	1285833	1297174	11341
14	+	1263315	1274656	11341
15	+	1203227	1214368	11141
16	+	1285833	1297174	11341
17	-	2156734	2145961	10773
18	+	1228808	1239948	11140
19	+	1202824	1213965	11141
20	+	1228408	1239549	11141
21	-	1954716	1943575	11141
22	+	1215592	1226733	11141
--------------------------------------------------------------------------------
Block #47
Seq_id	Strand	Start	End	Length
1	+	1293217	1301400	8183
2	+	1209114	1215730	6616
3	+	1187010	1195193	8183
4	+	1244335	1250951	6616
5	+	1187287	1195470	8183
6	+	1251792	1258408	6616
7	+	1208394	1216577	8183
8	+	1235510	1243669	8159
9	+	1253005	1259620	6615
10	+	1261825	1269984	8159
11	+	1313058	1319674	6616
12	+	1208555	1215168	6613
13	+	1261827	1269986	8159
14	+	1239309	1247468	8159
15	+	1185745	1193928	8183
16	+	1261827	1269986	8159
17	-	2177328	2169145	8183
18	+	1211381	1219558	8177
19	+	1185342	1193525	8183
20	+	1210926	1219109	8183
21	-	1972198	1964015	8183
22	+	1198110	1206293	8183
--------------------------------------------------------------------------------
Block #46
Seq_id	Strand	Start	End	Length
1	+	1248505	1254107	5602
3	+	2610487	2616189	5702
3	+	3006267	3011806	5539
5	+	2963126	2968665	5539
6	-	1166686	1160984	5702
7	+	2978399	2983938	5539
8	-	1160429	1154727	5702
9	-	1167893	1162191	5702
10	-	1186744	1181042	5702
11	-	1259952	1254274	5678
13	-	1186746	1181044	5702
14	-	1164228	1158526	5702
15	+	2951947	2957486	5539
16	-	1186746	1181044	5702
17	+	3099461	3105006	5545
18	+	3038682	3044227	5545
19	+	2952872	2958411	5539
20	+	2983160	2988699	5539
21	+	3028810	3034349	5539
22	+	2970056	2975595	5539
--------------------------------------------------------------------------------
Block #45
Seq_id	Strand	Start	End	Length
1	+	1236462	1246981	10519
3	+	2582151	2592628	10477
3	+	2994469	3004464	9995
5	+	2951328	2961323	9995
6	-	1194482	1184544	9938
7	+	2966601	2976596	9995
8	-	1188765	1178288	10477
9	-	1195690	1185752	9938
10	-	1215080	1204603	10477
11	-	1273676	1263199	10477
13	-	1215082	1204605	10477
14	-	1192564	1182087	10477
15	+	2940149	2950144	9995
16	-	1215082	1204605	10477
17	+	3087610	3097607	9997
18	+	3026831	3036828	9997
19	+	2941074	2951069	9995
20	+	2971362	2981357	9995
21	+	3017012	3027007	9995
22	+	2956257	2966252	9995
--------------------------------------------------------------------------------
Block #44
Seq_id	Strand	Start	End	Length
1	+	1195125	1204893	9768
2	-	2295503	2285737	9766
4	-	2330724	2320958	9766
11	-	2417618	2407852	9766
12	+	1145626	1155383	9757
--------------------------------------------------------------------------------
Block #43
Seq_id	Strand	Start	End	Length
1	+	1115875	1157059	41184
2	+	1086984	1127241	40257
3	+	1129671	1169958	40287
4	+	1122205	1162462	40257
5	+	1129948	1170235	40287
6	+	1059515	1099770	40255
7	+	1151055	1191342	40287
8	+	1053423	1093517	40094
9	+	1060724	1100979	40255
10	+	1079547	1119832	40285
11	+	1161603	1201860	40257
12	+	1068673	1108929	40256
13	+	1079549	1119834	40285
14	+	1057222	1097316	40094
15	+	1128406	1168693	40287
16	+	1079549	1119834	40285
17	-	2244124	2203902	40222
18	+	1153541	1193796	40255
19	+	1128003	1168290	40287
20	+	1153587	1193874	40287
21	-	2030542	1989250	41292
22	+	1140771	1181058	40287
--------------------------------------------------------------------------------
Block #42
Seq_id	Strand	Start	End	Length
1	+	1095804	1113375	17571
2	+	1069318	1086874	17556
3	+	1109624	1127185	17561
4	+	1104539	1122095	17556
5	+	1109901	1127462	17561
6	+	1041849	1059405	17556
7	+	1131008	1148569	17561
8	+	1033352	1050923	17571
9	+	1043064	1060614	17550
10	+	1059476	1077047	17571
11	+	1143937	1161493	17556
12	+	1051007	1068563	17556
13	+	1059478	1077049	17571
14	+	1037151	1054722	17571
15	+	1108205	1125923	17718
16	+	1059478	1077049	17571
17	-	2264167	2246610	17557
18	+	1133498	1151055	17557
19	+	1107956	1125517	17561
20	+	1133540	1151101	17561
21	-	2050586	2033025	17561
22	+	1120724	1138285	17561
--------------------------------------------------------------------------------
Block #41
Seq_id	Strand	Start	End	Length
1	+	1035997	1095779	59782
2	+	1009614	1069293	59679
3	+	1050309	1109599	59290
4	+	1044835	1104514	59679
5	+	1050273	1109876	59603
6	+	982166	1041824	59658
7	+	1071380	1130983	59603
8	+	973538	1033327	59789
9	+	982145	1041798	59653
10	+	999662	1059451	59789
11	+	1084139	1143912	59773
12	+	991337	1050982	59645
13	+	999664	1059453	59789
14	+	977337	1037126	59789
15	+	1047909	1108173	60264
16	+	999664	1059453	59789
17	-	2323903	2264192	59711
18	+	1073869	1133473	59604
19	+	1048328	1107931	59603
20	+	1073912	1133515	59603
21	-	2110214	2050611	59603
22	+	1061096	1120699	59603
--------------------------------------------------------------------------------
Block #40
Seq_id	Strand	Start	End	Length
1	+	1001267	1034315	33048
2	+	975322	1007933	32611
3	+	1015846	1048628	32782
4	+	1010543	1043154	32611
5	+	1015810	1048592	32782
6	+	947691	980485	32794
7	+	1036918	1069699	32781
8	+	939219	971857	32638
9	+	947669	980464	32795
10	+	965343	997981	32638
11	+	1049663	1082458	32795
12	+	956861	989656	32795
13	+	965345	997983	32638
14	+	943018	975656	32638
15	+	1014768	1047807	33039
16	+	965345	997983	32638
17	-	2358365	2325584	32781
18	+	1039407	1072188	32781
19	+	1013865	1046647	32782
20	+	1039449	1072231	32782
21	-	2144823	2111895	32928
22	+	1026633	1059415	32782
--------------------------------------------------------------------------------
Block #39
Seq_id	Strand	Start	End	Length
1	+	980566	992532	11966
2	+	958058	970024	11966
3	+	995144	1007111	11967
4	+	993279	1005245	11966
5	+	995108	1007075	11967
6	+	930422	942390	11968
7	+	1016117	1028183	12066
8	+	918403	930483	12080
9	+	930401	942368	11967
10	+	944527	956607	12080
11	+	1032399	1044365	11966
12	+	939594	951560	11966
13	+	944529	956609	12080
14	+	922202	934282	12080
15	+	1001408	1013471	12063
16	+	944529	956609	12080
17	-	2379067	2367100	11967
18	+	1018705	1030672	11967
19	+	993163	1005130	11967
20	+	1018648	1030714	12066
21	-	2158088	2146120	11968
22	+	1005931	1017898	11967
--------------------------------------------------------------------------------
Block #38
Seq_id	Strand	Start	End	Length
1	+	953681	980545	26864
2	+	931177	958037	26860
3	+	968175	995123	26948
4	+	966398	993258	26860
5	+	968139	995087	26948
6	+	903693	930401	26708
7	+	989212	1016096	26884
8	+	891603	918382	26779
9	+	903671	930380	26709
10	+	917844	944506	26662
11	+	1005520	1032378	26858
12	+	912711	939573	26862
13	+	917846	944508	26662
14	+	895402	922181	26779
15	+	972937	999750	26813
16	+	917846	944508	26662
17	-	2405888	2379088	26800
18	+	991737	1018684	26947
19	+	966194	993142	26948
20	+	991876	1018627	26751
21	-	2184923	2158109	26814
22	+	979069	1005910	26841
--------------------------------------------------------------------------------
Block #37
Seq_id	Strand	Start	End	Length
1	+	943110	949560	6450
2	+	924505	930975	6470
3	+	961503	967967	6464
4	+	959726	966196	6470
5	+	961467	967931	6464
6	+	897021	903485	6464
7	+	979098	985565	6467
8	+	884933	891395	6462
9	+	896999	903463	6464
10	+	909138	915580	6442
11	+	997048	1003503	6455
12	+	902792	909234	6442
13	+	909140	915582	6442
14	+	888732	895194	6462
15	+	963822	970288	6466
16	+	909140	915582	6442
17	-	2412532	2406096	6436
18	+	985094	991529	6435
19	+	959522	965986	6464
20	+	983170	989612	6442
21	-	2194038	2187572	6466
22	+	972410	978861	6451
--------------------------------------------------------------------------------
Block #16
Seq_id	Strand	Start	End	Length
1	+	395049	420093	25044
2	+	384616	409668	25052
3	+	391347	416393	25046
4	+	419840	444892	25052
5	+	391122	416168	25046
6	+	358261	383312	25051
7	+	391050	416096	25046
8	+	358951	383870	24919
9	+	358260	383309	25049
10	+	358950	383869	24919
11	+	410923	435972	25049
12	+	335142	360192	25050
13	+	358951	383870	24919
14	+	358951	383870	24919
15	+	391123	416169	25046
16	+	358951	383870	24919
17	-	3000858	2975810	25048
18	+	391023	416066	25043
19	+	391122	416168	25046
20	+	391122	416168	25046
21	+	391145	416191	25046
22	+	391122	416168	25046
--------------------------------------------------------------------------------
Block #15
Seq_id	Strand	Start	End	Length
1	+	383696	393934	10238
2	+	371172	381410	10238
3	+	380046	390285	10239
4	+	406396	416634	10238
5	+	379821	390060	10239
6	+	344816	355055	10239
7	+	379749	389988	10239
8	+	342707	352931	10224
9	+	344815	355054	10239
10	+	342706	352930	10224
11	+	397484	407723	10239
12	+	321706	331943	10237
13	+	342707	352931	10224
14	+	342707	352931	10224
15	+	379822	390061	10239
16	+	342707	352931	10224
17	-	3012146	3001920	10226
18	+	379690	389957	10267
19	+	379821	390060	10239
20	+	379821	390060	10239
21	+	379821	390083	10262
22	+	379821	390060	10239
--------------------------------------------------------------------------------
Block #14
Seq_id	Strand	Start	End	Length
1	+	355641	369417	13776
2	+	331360	345139	13779
3	+	350513	364292	13779
4	+	366584	380363	13779
5	+	350288	364067	13779
6	+	309795	323569	13774
7	+	350217	363996	13779
8	+	315202	329043	13841
9	+	309794	323568	13774
10	+	315201	329042	13841
11	+	360788	374566	13778
12	+	286674	300449	13775
13	+	315202	329043	13841
14	+	315202	329043	13841
15	+	350289	364068	13779
16	+	315202	329043	13841
17	+	374256	388048	13792
18	+	350150	363930	13780
19	+	350288	364067	13779
20	+	350288	364067	13779
21	+	350288	364067	13779
22	+	350288	364067	13779
--------------------------------------------------------------------------------
Block #13
Seq_id	Strand	Start	End	Length
1	+	347546	355359	7813
2	+	323292	331077	7785
3	+	342417	350231	7814
4	+	358516	366301	7785
5	+	342192	350006	7814
6	+	301709	309512	7803
7	+	342121	349935	7814
8	+	307713	314904	7191
9	+	301707	309511	7804
10	+	307712	314903	7191
11	+	352701	360505	7804
12	+	278587	286391	7804
13	+	307713	314904	7191
14	+	307713	314904	7191
15	+	342193	350007	7814
16	+	307713	314904	7191
17	+	363576	371390	7814
18	+	339457	347231	7774
19	+	342192	350006	7814
20	+	342192	350006	7814
21	+	342192	350006	7814
22	+	342192	350006	7814
--------------------------------------------------------------------------------
Block #12
Seq_id	Strand	Start	End	Length
1	+	318755	328488	9733
2	-	311764	302049	9715
3	+	315886	325618	9732
4	-	346988	337273	9715
5	+	315661	325393	9732
6	+	270759	280459	9700
7	+	315590	325322	9732
8	+	278867	288626	9759
9	+	270757	280457	9700
10	+	278866	288625	9759
11	+	324900	334589	9689
12	+	249221	258933	9712
13	+	278867	288626	9759
14	+	278867	288626	9759
15	+	315662	325394	9732
16	+	278867	288626	9759
17	+	337042	346776	9734
18	+	312924	322658	9734
19	+	315661	325393	9732
20	+	315661	325393	9732
21	+	315661	325393	9732
22	+	315661	325393	9732
--------------------------------------------------------------------------------
Block #11
Seq_id	Strand	Start	End	Length
1	+	295806	318754	22948
2	+	269211	292046	22835
3	+	292937	315885	22948
4	+	304435	327270	22835
5	+	292712	315660	22948
6	+	247895	270758	22863
7	+	292641	315589	22948
8	+	256026	278866	22840
9	+	247893	270756	22863
10	+	256025	278865	22840
11	+	302130	324899	22769
12	+	226361	249220	22859
13	+	256026	278866	22840
14	+	256026	278866	22840
15	+	292712	315661	22949
16	+	256026	278866	22840
17	+	314094	337041	22947
18	+	289975	312923	22948
19	+	292712	315660	22948
20	+	292712	315660	22948
21	+	292712	315660	22948
22	+	292712	315660	22948
--------------------------------------------------------------------------------
Block #10
Seq_id	Strand	Start	End	Length
1	+	274758	280935	6177
2	+	259607	265798	6191
3	+	277222	283399	6177
4	+	294831	301022	6191
5	+	276997	283174	6177
6	+	238279	244482	6203
7	+	276926	283103	6177
8	+	240269	246481	6212
9	+	238277	244480	6203
10	+	240268	246480	6212
11	+	292526	298717	6191
12	+	216745	222948	6203
13	+	240269	246481	6212
14	+	240269	246481	6212
15	+	276997	283174	6177
16	+	240269	246481	6212
17	+	293046	299223	6177
18	+	274260	280437	6177
19	+	276997	283174	6177
20	+	276997	283174	6177
21	+	276997	283174	6177
22	+	276997	283174	6177
--------------------------------------------------------------------------------
Block #9
Seq_id	Strand	Start	End	Length
1	+	253487	264296	10809
2	+	237765	248599	10834
3	+	257219	267936	10717
4	+	272989	283823	10834
5	+	256994	267711	10717
6	+	215600	226434	10834
7	+	256923	267640	10717
8	+	219227	230059	10832
9	+	215599	226432	10833
10	+	219226	230058	10832
11	+	271311	282140	10829
12	+	194066	204900	10834
13	+	219227	230059	10832
14	+	219227	230059	10832
15	+	256994	267711	10717
16	+	219227	230059	10832
17	+	273042	283760	10718
18	+	254255	264973	10718
19	+	256994	267711	10717
20	+	256994	267711	10717
21	+	256994	267711	10717
22	+	256994	267711	10717
--------------------------------------------------------------------------------
Block #8
Seq_id	Strand	Start	End	Length
1	+	190967	208668	17701
2	+	146036	163729	17693
3	+	158373	176104	17731
4	+	146036	163730	17694
5	+	158180	175880	17700
6	-	168348	150649	17699
7	+	158180	175880	17700
8	+	156182	173887	17705
9	-	168346	150646	17700
10	+	156181	173886	17705
11	+	152159	169852	17693
12	+	146044	163745	17701
13	+	156182	173887	17705
14	+	156182	173887	17705
15	+	158180	175880	17700
16	+	156182	173887	17705
17	+	160792	178527	17735
18	+	160795	178530	17735
19	+	158180	175880	17700
20	+	158180	175880	17700
21	+	158180	175880	17700
22	+	158180	175880	17700
--------------------------------------------------------------------------------
Block #7
Seq_id	Strand	Start	End	Length
1	+	144658	190965	46307
2	+	99700	146034	46334
3	+	111872	158371	46499
4	+	99700	146034	46334
5	+	111872	158178	46306
6	+	99707	146091	46384
7	+	111872	158178	46306
8	+	109790	156180	46390
9	+	99704	146087	46383
10	+	109790	156179	46389
11	+	105822	152157	46335
12	+	99709	146042	46333
13	+	109790	156180	46390
14	+	109790	156180	46390
15	+	111872	158178	46306
16	+	109790	156180	46390
17	+	114476	160790	46314
18	+	114479	160793	46314
19	+	111872	158178	46306
20	+	111872	158178	46306
21	+	111872	158178	46306
22	+	111872	158178	46306
--------------------------------------------------------------------------------
Block #2
Seq_id	Strand	Start	End	Length
1	+	36363	61932	25569
2	+	11611	37260	25649
3	+	11612	37191	25579
4	+	11611	37260	25649
5	+	11612	37191	25579
6	+	11611	37270	25659
7	+	11612	37191	25579
8	+	11591	37174	25583
9	+	11609	37266	25657
10	+	11591	37174	25583
11	+	11611	37260	25649
12	+	11611	37270	25659
13	+	11591	37174	25583
14	+	11591	37174	25583
15	+	11612	37191	25579
16	+	11591	37174	25583
17	+	11612	37191	25579
18	+	11612	37191	25579
19	+	11612	37191	25579
20	+	11612	37191	25579
21	+	11612	37191	25579
22	+	11612	37191	25579
--------------------------------------------------------------------------------
Block #1
Seq_id	Strand	Start	End	Length
1	+	1	11626	11625
2	+	1	11609	11608
3	+	1	11610	11609
4	+	1	11609	11608
5	+	1	11610	11609
6	+	1	11609	11608
7	+	1	11610	11609
8	+	1	11589	11588
9	+	1	11607	11606
10	+	1	11589	11588
11	+	1	11609	11608
12	+	1	11609	11608
13	+	1	11589	11588
14	+	1	11589	11588
15	+	1	11610	11609
16	+	1	11589	11588
17	+	1	11610	11609
18	+	1	11610	11609
19	+	1	11610	11609
20	+	1	11610	11609
21	+	1	11610	11609
22	+	1	11610	11609
--------------------------------------------------------------------------------
Block #3
Seq_id	Strand	Start	End	Length
1	+	61947	72134	10187
2	+	37270	47487	10217
3	+	37201	47524	10323
4	+	37270	47487	10217
5	+	37201	47524	10323
6	+	37280	47496	10216
7	+	37201	47524	10323
8	+	37184	47398	10214
9	+	37276	47493	10217
10	+	37184	47398	10214
11	+	37270	47486	10216
12	+	37280	47496	10216
13	+	37184	47398	10214
14	+	37184	47398	10214
15	+	37201	47524	10323
16	+	37184	47398	10214
17	+	39798	50121	10323
18	+	37201	47525	10324
19	+	37201	47524	10323
20	+	37201	47524	10323
21	+	37201	47524	10323
22	+	37201	47524	10323
--------------------------------------------------------------------------------
Block #4
Seq_id	Strand	Start	End	Length
1	+	72839	85138	12299
2	+	47980	60279	12299
3	+	48017	61482	13465
4	+	47980	60279	12299
5	+	48017	61482	13465
6	+	47989	60287	12298
7	+	48017	61482	13465
8	+	50734	64025	13291
9	+	47986	60284	12298
10	+	50734	64025	13291
11	+	47979	60278	12299
12	+	47989	60287	12298
13	+	50734	64025	13291
14	+	50734	64025	13291
15	+	48017	61482	13465
16	+	50734	64025	13291
17	+	50614	64079	13465
18	+	48018	61483	13465
19	+	48017	61482	13465
20	+	48017	61482	13465
21	+	48017	61482	13465
22	+	48017	61482	13465
--------------------------------------------------------------------------------
Block #5
Seq_id	Strand	Start	End	Length
1	+	111925	137990	26065
2	+	66952	93030	26078
3	+	79138	105204	26066
4	+	66952	93030	26078
5	+	79138	105204	26066
6	+	66960	93037	26077
7	+	79138	105204	26066
8	+	70249	96332	26083
9	+	66957	93034	26077
10	+	70249	96332	26083
11	+	73075	99152	26077
12	+	66960	93039	26079
13	+	70249	96332	26083
14	+	70249	96332	26083
15	+	79138	105204	26066
16	+	70249	96332	26083
17	+	81735	107808	26073
18	+	81738	107811	26073
19	+	79138	105204	26066
20	+	79138	105204	26066
21	+	79138	105204	26066
22	+	79138	105204	26066
--------------------------------------------------------------------------------
Block #6
Seq_id	Strand	Start	End	Length
1	+	138252	144365	6113
2	+	93294	99407	6113
3	+	105466	111579	6113
4	+	93294	99407	6113
5	+	105466	111579	6113
6	+	93301	99414	6113
7	+	105466	111579	6113
8	+	102153	108275	6122
9	+	93298	99411	6113
10	+	102153	108275	6122
11	+	99416	105529	6113
12	+	93303	99416	6113
13	+	102153	108275	6122
14	+	102153	108275	6122
15	+	105466	111579	6113
16	+	102153	108275	6122
17	+	108070	114183	6113
18	+	108073	114186	6113
19	+	105466	111579	6113
20	+	105466	111579	6113
21	+	105466	111579	6113
22	+	105466	111579	6113
--------------------------------------------------------------------------------
Block #17
Seq_id	Strand	Start	End	Length
1	+	427014	442140	15126
2	+	416588	431714	15126
3	+	423314	438440	15126
4	+	451812	466938	15126
5	+	423089	438215	15126
6	+	390232	405358	15126
7	+	423017	438143	15126
8	+	390791	405903	15112
9	+	390229	405355	15126
10	+	390789	405901	15112
11	+	442892	458018	15126
12	+	367112	382238	15126
13	+	390790	405902	15112
14	+	390791	405903	15112
15	+	423090	438216	15126
16	+	390790	405902	15112
17	-	2968890	2953764	15126
18	+	422987	438113	15126
19	+	423089	438215	15126
20	+	423089	438215	15126
21	+	423112	438238	15126
22	+	423089	438215	15126
--------------------------------------------------------------------------------
Block #18
Seq_id	Strand	Start	End	Length
1	+	443323	479619	36296
2	+	432897	468954	36057
3	+	439623	475580	35957
4	+	468121	504178	36057
5	+	439398	475355	35957
6	+	406541	442603	36062
7	+	439326	475283	35957
8	+	407086	443255	36169
9	+	406538	442600	36062
10	+	407084	443253	36169
11	+	459201	495143	35942
12	+	383421	419483	36062
13	+	407085	443254	36169
14	+	407086	443255	36169
15	+	439399	475356	35957
16	+	407085	443254	36169
17	-	2952581	2916625	35956
18	+	439296	475251	35955
19	+	439398	475355	35957
20	+	439398	475355	35957
21	+	439421	475378	35957
22	+	439398	475355	35957
--------------------------------------------------------------------------------
Block #19
Seq_id	Strand	Start	End	Length
1	+	479620	501579	21959
2	+	472131	494092	21961
3	+	475581	497441	21860
4	+	507355	529316	21961
5	+	475356	497216	21860
6	+	442604	464555	21951
7	+	475284	497144	21860
8	+	443256	465153	21897
9	+	442601	464550	21949
10	+	443254	465151	21897
11	+	495144	517104	21960
12	+	419484	441435	21951
13	+	443255	465152	21897
14	+	443256	465153	21897
15	+	475357	497217	21860
16	+	443255	465152	21897
17	-	2916623	2894706	21917
18	+	475252	497229	21977
19	+	475356	497216	21860
20	+	475356	497216	21860
21	+	475379	497239	21860
22	+	475356	497216	21860
--------------------------------------------------------------------------------
Block #20
Seq_id	Strand	Start	End	Length
1	+	501776	535548	33772
2	+	494288	527780	33492
3	+	499743	533514	33771
4	+	529512	563004	33492
5	+	499518	533289	33771
6	+	464751	498242	33491
7	+	499446	533217	33771
8	+	467457	501361	33904
9	+	464746	498235	33489
10	+	467455	501359	33904
11	+	518883	552374	33491
12	+	441631	475122	33491
13	+	467456	501360	33904
14	+	467457	501361	33904
15	+	499519	533290	33771
16	+	467456	501360	33904
17	-	2892405	2858633	33772
18	+	499531	533121	33590
19	+	499518	533289	33771
20	+	499518	533289	33771
21	+	499541	533312	33771
22	+	499518	533289	33771
--------------------------------------------------------------------------------
Block #21
Seq_id	Strand	Start	End	Length
1	+	536309	570300	33991
2	+	529546	563535	33989
3	+	534281	568272	33991
4	+	564770	598759	33989
5	+	534056	568047	33991
6	+	500010	533997	33987
7	+	533984	567975	33991
8	+	502142	536139	33997
9	+	500003	533990	33987
10	+	502140	536137	33997
11	+	554143	588132	33989
12	+	476890	510877	33987
13	+	502141	536138	33997
14	+	502142	536139	33997
15	+	534057	568048	33991
16	+	502141	536138	33997
17	-	2857866	2823875	33991
18	+	536479	570469	33990
19	+	534056	568047	33991
20	+	534056	568047	33991
21	+	534079	568070	33991
22	+	534056	568047	33991
--------------------------------------------------------------------------------
Block #22
Seq_id	Strand	Start	End	Length
1	+	575962	603314	27352
2	+	572449	599796	27347
3	+	572698	600048	27350
4	+	607673	635020	27347
5	+	572473	599823	27350
6	+	538424	565769	27345
7	+	572401	599751	27350
8	+	540747	567294	26547
9	+	538418	565762	27344
10	+	540745	567291	26546
11	+	592560	619925	27365
12	+	515305	542652	27347
13	+	540746	567292	26546
14	+	540747	567293	26546
15	+	572474	599824	27350
16	+	540746	567292	26546
17	-	2819449	2792096	27353
18	+	574895	602247	27352
19	+	572473	599823	27350
20	+	572473	599823	27350
21	+	572496	599846	27350
22	+	572473	599823	27350
--------------------------------------------------------------------------------
Block #23
Seq_id	Strand	Start	End	Length
1	+	603316	615214	11898
2	+	599798	611695	11897
3	+	600050	611953	11903
4	+	635022	646919	11897
5	+	599825	611728	11903
6	+	565771	577665	11894
7	+	599753	611656	11903
8	+	567296	579197	11901
9	+	565764	577657	11893
10	+	567293	579194	11901
11	+	621157	633046	11889
12	+	542654	554550	11896
13	+	567294	579195	11901
14	+	567295	579196	11901
15	+	599826	611729	11903
16	+	567294	579195	11901
17	-	2792095	2780192	11903
18	+	602249	614152	11903
19	+	599825	611728	11903
20	+	599825	611728	11903
21	+	599848	611751	11903
22	+	599825	611728	11903
--------------------------------------------------------------------------------
Block #24
Seq_id	Strand	Start	End	Length
1	+	618511	641945	23434
2	+	617468	640900	23432
3	+	617073	640516	23443
4	+	652692	676124	23432
5	+	616848	640291	23443
6	+	582692	606127	23435
7	+	616776	640219	23443
8	+	586747	610201	23454
9	+	582684	606121	23437
10	+	586744	610198	23454
11	+	680963	704383	23420
12	+	560323	583753	23430
13	+	586745	610199	23454
14	+	586746	610200	23454
15	+	616849	640292	23443
16	+	586745	610199	23454
17	-	2775070	2751636	23434
18	+	619274	642708	23434
19	+	616848	640291	23443
20	+	616848	640291	23443
21	+	616871	640314	23443
22	+	616848	640291	23443
--------------------------------------------------------------------------------
Block #25
Seq_id	Strand	Start	End	Length
1	+	647718	660218	12500
2	+	646673	659173	12500
3	+	646292	658791	12499
4	+	681897	694397	12500
5	+	646067	658566	12499
6	+	612769	625250	12481
7	+	645995	658494	12499
8	+	615985	628495	12510
9	+	612763	625244	12481
10	+	615982	628492	12510
11	+	710156	722656	12500
12	+	591678	604178	12500
13	+	615983	628493	12510
14	+	615984	628494	12510
15	+	646068	658567	12499
16	+	615983	628493	12510
17	-	2745863	2733362	12501
18	+	648484	660983	12499
19	+	646067	658566	12499
20	+	646067	658566	12499
21	+	646090	658589	12499
22	+	646067	658566	12499
--------------------------------------------------------------------------------
Block #26
Seq_id	Strand	Start	End	Length
1	+	666640	700384	33744
2	+	665580	698874	33294
3	+	665213	698959	33746
4	+	700804	734098	33294
5	+	664988	698734	33746
6	+	631671	665049	33378
7	+	664915	698661	33746
8	+	635204	669076	33872
9	+	631665	665042	33377
10	+	635201	669073	33872
11	+	729077	762330	33253
12	+	610599	643848	33249
13	+	635202	669074	33872
14	+	635299	669171	33872
15	+	664989	698735	33746
16	+	635202	669074	33872
17	-	2726940	2693194	33746
18	+	667405	701152	33747
19	+	664988	698734	33746
20	+	664988	698734	33746
21	+	665011	698757	33746
22	+	664988	698734	33746
--------------------------------------------------------------------------------
Block #27
Seq_id	Strand	Start	End	Length
1	+	708525	733065	24540
2	+	708889	733510	24621
3	+	712061	736633	24572
4	+	744113	768734	24621
5	+	711836	736390	24554
6	+	673072	697737	24665
7	+	711763	736317	24554
8	+	676973	701533	24560
9	+	673065	697730	24665
10	+	676970	701530	24560
11	+	772379	796998	24619
12	+	652351	676968	24617
13	+	676971	701531	24560
14	+	677068	701628	24560
15	+	711837	736391	24554
16	+	676971	701531	24560
17	-	2680481	2655926	24555
18	+	713865	738420	24555
19	+	711836	736390	24554
20	+	711836	736390	24554
21	+	711859	736408	24549
22	+	711836	736390	24554
--------------------------------------------------------------------------------
Block #28
Seq_id	Strand	Start	End	Length
1	+	733277	739023	5746
2	+	735210	740955	5745
3	+	738311	744081	5770
4	+	770434	776179	5745
5	+	736602	742348	5746
6	+	697933	703586	5653
7	+	736529	742275	5746
8	+	701737	707483	5746
9	+	697926	703578	5652
10	+	701734	707480	5746
11	+	797209	802954	5745
12	+	678668	684413	5745
13	+	701735	707481	5746
14	+	701832	707578	5746
15	+	736603	742349	5746
16	+	701735	707481	5746
17	-	2655714	2649968	5746
18	+	738632	744378	5746
19	+	736602	742348	5746
20	+	736602	742348	5746
21	+	736620	742366	5746
22	+	736602	742348	5746
--------------------------------------------------------------------------------
Block #29
Seq_id	Strand	Start	End	Length
1	+	755064	768173	13109
2	+	755671	769236	13565
3	+	761932	775559	13627
4	+	790895	804457	13562
5	+	758350	771932	13582
6	+	720957	734068	13111
7	+	765415	778997	13582
8	+	720543	734106	13563
9	+	720949	734060	13111
10	+	724212	737775	13563
11	+	817994	831105	13111
12	+	702243	715359	13116
13	+	724213	737776	13563
14	+	724310	737873	13563
15	+	756765	770620	13855
16	+	724213	737776	13563
17	-	2640640	2627073	13567
18	+	764224	777803	13579
19	+	759998	773580	13582
20	+	759998	773580	13582
21	+	755622	769204	13582
22	+	759998	773580	13582
--------------------------------------------------------------------------------
Block #30
Seq_id	Strand	Start	End	Length
1	+	773933	780227	6294
2	+	774992	781286	6294
3	+	781314	787608	6294
4	+	810213	816507	6294
5	+	777687	783981	6294
6	+	739750	746044	6294
7	+	784752	791046	6294
8	+	734447	740741	6294
9	+	739742	746036	6294
10	+	738116	744410	6294
11	+	836860	843154	6294
12	+	721114	727408	6294
13	+	738117	744411	6294
14	+	738214	744508	6294
15	+	776375	782669	6294
16	+	738117	744411	6294
17	-	2621313	2615019	6294
18	+	783563	789857	6294
19	+	779335	785629	6294
20	+	779335	785629	6294
21	+	774959	781253	6294
22	+	779335	785629	6294
--------------------------------------------------------------------------------
Block #31
Seq_id	Strand	Start	End	Length
1	+	780627	799303	18676
2	+	781691	800498	18807
3	+	788008	806808	18800
4	+	816912	835719	18807
5	+	784381	803181	18800
6	+	747640	766449	18809
7	+	791446	810246	18800
8	+	741141	759818	18677
9	+	747632	766441	18809
10	+	744810	763601	18791
11	+	844750	863562	18812
12	+	729003	747811	18808
13	+	744811	763602	18791
14	+	744908	763585	18677
15	+	783069	801869	18800
16	+	744811	763602	18791
17	-	2614619	2595819	18800
18	+	790257	809054	18797
19	+	786029	804829	18800
20	+	786029	804829	18800
21	+	781653	800453	18800
22	+	786029	804829	18800
--------------------------------------------------------------------------------
Block #32
Seq_id	Strand	Start	End	Length
1	+	802202	807999	5797
2	+	803397	809193	5796
3	+	839236	845033	5797
4	+	838618	844414	5796
5	+	835606	841403	5797
6	+	769348	775144	5796
7	+	844252	850049	5797
8	+	762729	768525	5796
9	+	769340	775137	5797
10	+	766512	772308	5796
11	+	866461	872257	5796
12	+	750710	756506	5796
13	+	766513	772309	5796
14	+	766496	772292	5796
15	+	834295	840092	5797
16	+	766513	772309	5796
17	-	2560796	2554999	5797
18	+	844077	849874	5797
19	+	837255	843052	5797
20	+	838835	844632	5797
21	-	2321408	2315611	5797
22	+	838834	844631	5797
--------------------------------------------------------------------------------
Block #33
Seq_id	Strand	Start	End	Length
1	+	809251	846139	36888
2	+	809237	847298	38061
3	+	846285	883165	36880
4	+	844458	882519	38061
5	+	842655	879535	36880
6	+	775194	812072	36878
7	+	851301	888181	36880
8	+	768589	805335	36746
9	+	775187	812065	36878
10	+	772372	810279	37907
11	+	872301	910360	38059
12	+	756550	794607	38057
13	+	772373	810280	37907
14	+	772356	809102	36746
15	+	841344	878225	36881
16	+	772373	810280	37907
17	-	2554955	2518059	36896
18	+	851126	888019	36893
19	+	844304	881184	36880
20	+	845884	882764	36880
21	-	2314358	2277479	36879
22	+	845883	882764	36881
--------------------------------------------------------------------------------
Block #34
Seq_id	Strand	Start	End	Length
1	+	849457	869966	20509
2	+	850618	871234	20616
3	+	886484	907115	20631
4	+	885839	906455	20616
5	+	882854	903485	20631
6	+	815391	835819	20428
7	+	891500	911931	20431
8	+	808653	829101	20448
9	+	815384	835813	20429
10	+	810559	831028	20469
11	+	913680	934290	20610
12	+	797927	818389	20462
13	+	810560	831030	20470
14	+	812420	832868	20448
15	+	881546	902046	20500
16	+	810560	831029	20469
17	-	2514740	2494246	20494
18	+	891336	911818	20482
19	+	884503	905134	20631
20	+	886083	906579	20496
21	-	2274160	2253529	20631
22	+	886085	906539	20454
--------------------------------------------------------------------------------
Block #35
Seq_id	Strand	Start	End	Length
1	+	873582	882212	8630
2	+	874860	883491	8631
3	+	910731	919362	8631
4	+	910081	918712	8631
5	+	907101	915732	8631
6	+	839482	848247	8765
7	+	915594	924369	8775
8	+	832707	841478	8771
9	+	839476	848242	8766
10	+	836198	844821	8623
11	+	937916	946547	8631
12	+	822015	830650	8635
13	+	836200	844823	8623
14	+	836474	845245	8771
15	+	905637	914417	8780
16	+	836199	844822	8623
17	-	2490630	2481859	8771
18	+	915434	924065	8631
19	+	908750	917381	8631
20	+	910096	918853	8757
21	-	2249913	2241137	8776
22	+	913394	922175	8781
--------------------------------------------------------------------------------
Block #36
Seq_id	Strand	Start	End	Length
1	+	924309	930365	6056
7	+	958559	964461	5902
10	+	889889	895790	5901
12	+	883187	889243	6056
13	+	889891	895792	5901
16	+	889891	895792	5901
18	+	966309	972365	6056
20	+	963921	969822	5901
--------------------------------------------------------------------------------
Block #79
Seq_id	Strand	Start	End	Length
1	+	2032887	2104004	71117
2	+	1959136	2030319	71183
3	+	1939926	2011093	71167
4	+	1994358	2065541	71183
5	+	1940186	2011294	71108
6	+	1994512	2065742	71230
7	+	1961308	2032475	71167
8	+	1994462	2067008	72546
9	+	1995713	2066942	71229
10	+	2020578	2093124	72546
11	+	2085891	2157028	71137
12	+	1948843	2020036	71193
13	+	2020581	2093127	72546
14	+	1998256	2070802	72546
15	+	1934603	2005775	71172
16	+	2020581	2093127	72546
17	-	1410402	1339244	71158
18	+	1969223	2040325	71102
19	+	1938255	2009487	71232
20	+	1966195	2037565	71370
21	-	1219275	1148023	71252
22	+	1951026	2022128	71102
--------------------------------------------------------------------------------
Block #80
Seq_id	Strand	Start	End	Length
1	+	2107064	2147953	40889
2	+	2033377	2074188	40811
3	+	2014160	2054385	40225
4	+	2068599	2109410	40811
5	+	2020451	2060491	40040
6	+	2068800	2109675	40875
7	+	2035542	2075767	40225
8	+	2067554	2108131	40577
9	+	2070000	2110874	40874
10	+	2093670	2134247	40577
11	+	2160086	2201023	40937
12	+	2023094	2063968	40874
13	+	2093673	2134250	40577
14	+	2071348	2111925	40577
15	+	2008842	2049067	40225
16	+	2093673	2134250	40577
17	-	1333579	1293304	40275
18	+	2043392	2083617	40225
19	+	2010202	2050237	40035
20	+	2040632	2080857	40225
21	-	1144956	1104731	40225
22	+	2025195	2065420	40225
--------------------------------------------------------------------------------
Block #81
Seq_id	Strand	Start	End	Length
1	+	2160038	2192661	32623
2	+	2090660	2123256	32596
3	+	2062948	2095348	32400
4	+	2125882	2158478	32596
5	+	2069054	2101454	32400
6	+	2118275	2151034	32759
7	+	2084330	2116730	32400
8	+	2118014	2150699	32685
9	+	2119471	2152231	32760
10	+	2144130	2176815	32685
11	+	2216941	2249619	32678
12	+	2072566	2105322	32756
13	+	2144133	2176818	32685
14	+	2121808	2154493	32685
15	+	2057630	2090030	32400
16	+	2144133	2176818	32685
17	-	1283092	1250466	32626
18	+	2093829	2126595	32766
19	+	2058800	2091200	32400
20	+	2089420	2121820	32400
21	-	1096168	1063768	32400
22	+	2073983	2106383	32400
--------------------------------------------------------------------------------
Block #82
Seq_id	Strand	Start	End	Length
1	+	2216977	2223538	6561
2	+	2140163	2146685	6522
3	+	2122161	2128683	6522
4	+	2175385	2181907	6522
5	+	2119585	2126107	6522
6	+	2169203	2175724	6521
7	+	2134861	2141383	6522
8	+	2162346	2169054	6708
9	+	2170400	2176922	6522
10	+	2188462	2195170	6708
11	+	2266526	2273048	6522
12	+	2123507	2130028	6521
13	+	2188465	2195173	6708
14	+	2166140	2172848	6708
15	+	2108161	2114683	6522
16	+	2188465	2195173	6708
17	-	1228145	1221622	6523
18	+	2144726	2151248	6522
19	+	2109331	2115853	6522
20	+	2139951	2146473	6522
21	-	1045637	1039115	6522
22	+	2124514	2131036	6522
--------------------------------------------------------------------------------
Block #83
Seq_id	Strand	Start	End	Length
1	+	2278642	2300177	21535
2	+	2189808	2211773	21965
3	+	2187490	2209003	21513
4	+	2225029	2246994	21965
5	+	2184914	2206427	21513
6	+	2218743	2240701	21958
7	+	2200190	2221703	21513
8	+	2210763	2231371	20608
9	+	2219941	2241899	21958
10	+	2236880	2257410	20530
11	+	2313040	2334999	21959
12	+	2173010	2194967	21957
13	+	2236883	2257413	20530
14	+	2214557	2235165	20608
15	+	2173490	2195003	21513
16	+	2236883	2257413	20530
18	+	2212654	2234167	21513
19	+	2174660	2196173	21513
20	+	2205280	2226793	21513
21	-	980307	958765	21542
22	+	2189843	2211356	21513
--------------------------------------------------------------------------------
Block #84
Seq_id	Strand	Start	End	Length
1	+	2304793	2367226	62433
2	+	2216413	2278910	62497
3	+	2212412	2274675	62263
4	+	2251634	2314131	62497
5	+	2209836	2272099	62263
6	+	2244084	2306580	62496
7	+	2225112	2287375	62263
8	+	2234714	2298775	64061
9	+	2245282	2307780	62498
10	+	2260224	2324279	64055
11	+	2338386	2401025	62639
12	+	2198350	2260850	62500
13	+	2260227	2324282	64055
14	+	2238508	2302569	64061
15	+	2198412	2260675	62263
16	+	2260227	2324282	64055
17	-	1208921	1146658	62263
18	+	2237576	2299839	62263
19	+	2199582	2261845	62263
20	+	2230202	2292465	62263
21	-	955356	893093	62263
22	+	2214765	2277028	62263
--------------------------------------------------------------------------------
Block #85
Seq_id	Strand	Start	End	Length
1	+	2390646	2401257	10611
2	+	2414885	2425480	10595
3	+	2296523	2307119	10596
4	+	2450106	2460701	10595
5	+	2358153	2368749	10596
6	+	2400294	2410889	10595
7	+	2373427	2384023	10596
8	+	2320413	2330930	10517
9	+	2400224	2410819	10595
10	+	2345917	2356434	10517
11	+	2507192	2517785	10593
12	+	2324065	2334662	10597
13	+	2345920	2356437	10517
14	+	2324207	2334724	10517
15	+	2346737	2357333	10596
16	+	2345920	2356437	10517
17	-	1042898	1032301	10597
18	+	2406692	2417289	10597
19	+	2347899	2358495	10596
20	+	2378519	2389115	10596
21	+	2423837	2434433	10596
22	+	2363082	2373678	10596
--------------------------------------------------------------------------------
Block #86
Seq_id	Strand	Start	End	Length
1	+	2401533	2409025	7492
2	+	2426524	2433637	7113
3	+	2307395	2314804	7409
4	+	2461745	2468858	7113
5	+	2369025	2376434	7409
6	+	2411933	2419046	7113
7	+	2384299	2391708	7409
8	+	2332029	2339527	7498
9	+	2411863	2418975	7112
10	+	2357533	2365031	7498
11	+	2518829	2525942	7113
12	+	2335706	2342819	7113
13	+	2357536	2365034	7498
14	+	2335823	2343321	7498
15	+	2357609	2365018	7409
16	+	2357536	2365034	7498
17	-	1032025	1024604	7421
18	+	2417565	2424986	7421
19	+	2358771	2366180	7409
20	+	2389391	2396800	7409
21	+	2434709	2442118	7409
22	+	2373954	2381363	7409
--------------------------------------------------------------------------------
Block #87
Seq_id	Strand	Start	End	Length
1	+	2429467	2435139	5672
2	+	2462067	2467756	5689
3	+	2335218	2340906	5688
4	+	2497288	2502977	5689
5	+	2396848	2402536	5688
6	+	2444302	2449987	5685
7	+	2412122	2417810	5688
8	+	2379501	2385192	5691
9	+	2444232	2449917	5685
10	+	2409813	2415504	5691
11	+	2551200	2556889	5689
12	+	2368077	2373766	5689
13	+	2409816	2415507	5691
14	+	2388103	2393794	5691
15	+	2385432	2391120	5688
16	+	2409816	2415507	5691
17	-	1004259	998571	5688
18	+	2445413	2451101	5688
19	+	2386594	2392282	5688
20	+	2417214	2422902	5688
21	+	2462532	2468220	5688
22	+	2401777	2407465	5688
--------------------------------------------------------------------------------
Block #88
Seq_id	Strand	Start	End	Length
1	+	2436174	2442823	6649
2	+	2468854	2475543	6689
3	+	2341358	2348047	6689
4	+	2504075	2510764	6689
5	+	2402988	2409677	6689
6	+	2451098	2457774	6676
7	+	2418262	2424951	6689
8	+	2386304	2392998	6694
9	+	2451028	2457702	6674
10	+	2416616	2423310	6694
11	+	2558000	2564676	6676
12	+	2374877	2381553	6676
13	+	2416619	2423313	6694
14	+	2394906	2401600	6694
15	+	2391572	2398261	6689
16	+	2416619	2423313	6694
17	-	998119	991430	6689
18	+	2452212	2458888	6676
19	+	2392734	2399423	6689
20	+	2423354	2430043	6689
21	+	2468672	2475361	6689
22	+	2407917	2414606	6689
--------------------------------------------------------------------------------
Block #89
Seq_id	Strand	Start	End	Length
1	+	2446644	2452830	6186
2	+	2479460	2485645	6185
3	+	2352006	2358191	6185
4	+	2514681	2520866	6185
5	+	2413636	2419821	6185
6	+	2472486	2478671	6185
7	+	2428910	2435095	6185
8	+	2398373	2404557	6184
9	+	2472414	2478599	6185
10	+	2428685	2434869	6184
11	+	2568594	2574779	6185
12	+	2385471	2391656	6185
13	+	2428688	2434872	6184
14	+	2406975	2413159	6184
15	+	2402220	2408405	6185
16	+	2428688	2434872	6184
17	-	987471	981286	6185
18	+	2462806	2468991	6185
19	+	2403382	2409567	6185
20	+	2434002	2440187	6185
21	+	2479320	2485505	6185
22	+	2418565	2424750	6185
--------------------------------------------------------------------------------
Block #90
Seq_id	Strand	Start	End	Length
1	+	2460349	2474808	14459
2	+	2495877	2510340	14463
3	+	2368420	2382882	14462
4	+	2531098	2545561	14463
5	+	2430050	2444512	14462
6	+	2488897	2503355	14458
7	+	2445324	2459786	14462
8	+	2414792	2429251	14459
9	+	2488827	2503287	14460
10	+	2445104	2459563	14459
11	+	2585008	2599468	14460
12	+	2401804	2416264	14460
13	+	2445107	2459566	14459
14	+	2423394	2437853	14459
15	+	2418634	2433096	14462
16	+	2445107	2459566	14459
17	-	971057	956589	14468
18	+	2479220	2493682	14462
19	+	2419796	2434258	14462
20	+	2450416	2464878	14462
21	+	2495734	2510196	14462
22	+	2434979	2449441	14462
--------------------------------------------------------------------------------
Block #91
Seq_id	Strand	Start	End	Length
1	+	2477145	2484305	7160
2	+	2514172	2521335	7163
3	+	2385219	2392374	7155
4	+	2549393	2556556	7163
5	+	2446849	2454004	7155
6	+	2505687	2513044	7357
7	+	2462123	2469278	7155
8	+	2431608	2437977	6369
9	+	2505619	2512976	7357
10	+	2461920	2468289	6369
11	+	2601851	2609014	7163
12	+	2418670	2425832	7162
13	+	2461923	2468292	6369
14	+	2440210	2446579	6369
15	+	2435433	2442588	7155
16	+	2461923	2468292	6369
17	-	951765	945298	6467
18	+	2498616	2505771	7155
19	+	2436595	2443750	7155
20	+	2467215	2474370	7155
21	+	2512533	2519688	7155
22	+	2451778	2458933	7155
--------------------------------------------------------------------------------
Block #92
Seq_id	Strand	Start	End	Length
1	+	2484565	2496066	11501
2	+	2521595	2533089	11494
3	+	2392634	2404135	11501
4	+	2556816	2568310	11494
5	+	2454264	2465765	11501
6	+	2513304	2524802	11498
7	+	2469538	2481039	11501
8	+	2438235	2449724	11489
9	+	2513236	2524732	11496
10	+	2468547	2480036	11489
11	+	2610669	2622157	11488
12	+	2426092	2437586	11494
13	+	2468550	2480039	11489
14	+	2446837	2458326	11489
15	+	2442848	2454349	11501
16	+	2468550	2480039	11489
17	-	943581	931820	11761
18	+	2506031	2517532	11501
19	+	2444010	2455511	11501
20	+	2474630	2486131	11501
21	+	2519948	2531449	11501
22	+	2459193	2470694	11501
--------------------------------------------------------------------------------
Block #93
Seq_id	Strand	Start	End	Length
1	+	2496339	2506673	10334
2	+	2533217	2543504	10287
3	+	2404408	2414742	10334
4	+	2568438	2578725	10287
5	+	2466038	2476372	10334
6	+	2525075	2535274	10199
7	+	2481312	2491646	10334
8	+	2449997	2460319	10322
9	+	2525005	2535204	10199
10	+	2480309	2490631	10322
11	+	2622285	2632572	10287
12	+	2437714	2447999	10285
13	+	2480312	2490634	10322
14	+	2458599	2468921	10322
15	+	2454622	2464956	10334
16	+	2480312	2490634	10322
17	-	931547	921163	10384
18	+	2517805	2528138	10333
19	+	2455784	2466118	10334
20	+	2486404	2496738	10334
21	+	2531722	2542056	10334
22	+	2470967	2481301	10334
--------------------------------------------------------------------------------
Block #94
Seq_id	Strand	Start	End	Length
1	+	2506742	2535137	28395
2	+	2543573	2572793	29220
3	+	2414811	2443206	28395
4	+	2578794	2608014	29220
5	+	2476441	2504836	28395
6	+	2535343	2564621	29278
7	+	2491715	2520110	28395
8	+	2460390	2489589	29199
9	+	2535273	2564550	29277
10	+	2490702	2519901	29199
11	+	2632641	2661884	29243
12	+	2448068	2477359	29291
13	+	2490705	2519904	29199
14	+	2468992	2498191	29199
15	+	2465025	2493420	28395
16	+	2490705	2519904	29199
17	-	915709	887462	28247
18	+	2533297	2561552	28255
19	+	2466187	2494582	28395
20	+	2496807	2525202	28395
21	+	2542125	2570520	28395
22	+	2481370	2509765	28395
--------------------------------------------------------------------------------
Block #95
Seq_id	Strand	Start	End	Length
1	+	2539452	2590019	50567
2	+	2573093	2623478	50385
3	+	2443506	2493860	50354
4	+	2608314	2658699	50385
5	+	2505136	2555490	50354
6	+	2568936	2619384	50448
7	+	2520410	2570764	50354
8	+	2493884	2544170	50286
9	+	2568865	2619308	50443
10	+	2524196	2574482	50286
11	+	2662184	2712640	50456
12	+	2481674	2532298	50624
13	+	2524199	2574485	50286
14	+	2502486	2552772	50286
15	+	2493720	2544074	50354
16	+	2524199	2574485	50286
17	-	883147	832987	50160
18	+	2566359	2616497	50138
19	+	2494882	2545236	50354
20	+	2525502	2575856	50354
21	+	2570820	2621174	50354
22	+	2510065	2560419	50354
--------------------------------------------------------------------------------
Block #96
Seq_id	Strand	Start	End	Length
1	+	2590224	2666743	76519
2	+	2631564	2708343	76779
3	+	2494064	2570749	76685
4	+	2666785	2743564	76779
5	+	2555694	2632379	76685
6	+	2625985	2703015	77030
7	+	2570968	2647653	76685
8	+	2545340	2621660	76320
9	+	2625908	2702937	77029
10	+	2575652	2651972	76320
11	+	2719670	2796432	76762
12	+	2539326	2615835	76509
13	+	2575655	2651975	76320
14	+	2553942	2630262	76320
15	+	2544278	2621187	76909
16	+	2575655	2651975	76320
17	-	832669	755848	76821
18	+	2616701	2693760	77059
19	+	2545440	2622125	76685
20	+	2576060	2652745	76685
21	+	2621378	2698063	76685
22	+	2560623	2637308	76685
--------------------------------------------------------------------------------
Block #97
Seq_id	Strand	Start	End	Length
1	+	2704579	2712889	8310
2	+	2804997	2813187	8190
3	+	2711313	2719619	8306
4	+	2840218	2848408	8190
5	+	2668172	2676478	8306
6	+	2784559	2792784	8225
7	+	2683446	2691752	8306
8	+	2655120	2663135	8015
9	+	2779320	2787545	8225
10	+	2685432	2693447	8015
11	+	2899321	2907531	8210
12	+	2642520	2650744	8224
13	+	2685435	2693450	8015
14	+	2663722	2671737	8015
15	+	2656980	2665286	8306
16	+	2685435	2693450	8015
17	-	622025	613718	8307
18	-	2764256	2755949	8307
19	+	2657918	2666224	8306
20	+	2688538	2696844	8306
21	+	2733856	2742162	8306
22	+	2673101	2681407	8306
--------------------------------------------------------------------------------
Block #98
Seq_id	Strand	Start	End	Length
1	+	2719832	2730328	10496
2	+	2817357	2827769	10412
3	+	2726562	2737191	10629
4	+	2852578	2862990	10412
5	+	2683421	2694050	10629
6	+	2795189	2805584	10395
7	+	2698695	2709324	10629
8	+	2670088	2680646	10558
9	+	2789950	2800345	10395
10	+	2700400	2710958	10558
11	+	2914481	2924921	10440
12	+	2653149	2663600	10451
13	+	2700403	2710961	10558
14	+	2678690	2689248	10558
15	+	2672229	2682858	10629
16	+	2700403	2710961	10558
17	-	606776	596147	10629
18	-	2749007	2738378	10629
19	+	2673167	2683796	10629
20	+	2703787	2714416	10629
21	+	2749105	2759734	10629
22	+	2688350	2698979	10629
--------------------------------------------------------------------------------
Block #99
Seq_id	Strand	Start	End	Length
1	+	2734155	2741570	7415
2	+	2839206	2846621	7415
3	+	2741018	2748332	7314
4	+	2874428	2881843	7415
5	+	2697877	2705191	7314
6	+	2813107	2820490	7383
7	+	2713151	2720465	7314
8	+	2688633	2696048	7415
9	+	2807868	2815251	7383
10	+	2718945	2726360	7415
11	+	2933790	2941205	7415
12	+	2671028	2678443	7415
13	+	2718948	2726363	7415
14	+	2697235	2704650	7415
15	+	2686685	2693999	7314
16	+	2718948	2726363	7415
17	-	592320	585006	7314
18	-	2734551	2727237	7314
19	+	2687623	2694937	7314
20	+	2718243	2725557	7314
21	+	2763561	2770875	7314
22	+	2702806	2710120	7314
--------------------------------------------------------------------------------
Block #100
Seq_id	Strand	Start	End	Length
1	+	2741700	2750940	9240
2	+	2846751	2856006	9255
3	+	2748462	2757597	9135
4	+	2881973	2891228	9255
5	+	2705321	2714456	9135
6	+	2820620	2829655	9035
7	+	2720595	2729729	9134
8	+	2696179	2705388	9209
9	+	2815381	2824417	9036
10	+	2726491	2735700	9209
11	+	2942790	2952048	9258
12	+	2678573	2687829	9256
13	+	2726494	2735703	9209
14	+	2704781	2713990	9209
15	+	2694129	2703264	9135
16	+	2726494	2735703	9209
17	-	584876	575742	9134
18	+	2774498	2783632	9134
19	+	2695067	2704202	9135
20	+	2725687	2734822	9135
21	+	2771005	2780140	9135
22	+	2710250	2719385	9135
--------------------------------------------------------------------------------
Block #101
Seq_id	Strand	Start	End	Length
1	+	2762969	2770633	7664
2	+	2868076	2875149	7073
3	+	2766212	2773877	7665
4	+	2903298	2910371	7073
5	+	2723071	2730736	7665
6	+	2839137	2846208	7071
7	+	2738344	2746009	7665
8	+	2712500	2720185	7685
9	+	2833899	2840969	7070
10	+	2742812	2750497	7685
11	+	2961459	2968538	7079
12	+	2697347	2704417	7070
13	+	2742815	2750500	7685
14	+	2721102	2728787	7685
15	+	2711879	2719544	7665
16	+	2742815	2750500	7685
17	-	564528	556863	7665
18	+	2792245	2799910	7665
19	+	2712817	2720482	7665
20	+	2743437	2751102	7665
21	+	2788755	2796420	7665
22	+	2728000	2735665	7665
--------------------------------------------------------------------------------
Block #102
Seq_id	Strand	Start	End	Length
1	+	2772996	2795044	22048
2	+	2887755	2909476	21721
3	+	2781135	2803186	22051
4	+	2922977	2944698	21721
5	+	2737994	2760045	22051
6	+	2857248	2879203	21955
7	+	2753267	2775318	22051
8	+	2727458	2749160	21702
9	+	2852008	2873960	21952
10	+	2757770	2779472	21702
11	+	2979578	3001320	21742
12	+	2715457	2737394	21937
13	+	2757773	2779475	21702
14	+	2736060	2757762	21702
15	+	2726802	2748853	22051
16	+	2757773	2779475	21702
17	-	549604	527562	22042
18	+	2807168	2829214	22046
19	+	2727740	2749791	22051
20	+	2758345	2779965	21620
21	+	2803678	2825729	22051
22	+	2742923	2764974	22051
--------------------------------------------------------------------------------
Block #103
Seq_id	Strand	Start	End	Length
1	+	2796253	2801914	5661
2	+	2909477	2915122	5645
3	+	2803187	2810100	6913
4	+	2944699	2950344	5645
5	+	2760046	2766959	6913
6	+	2879204	2884849	5645
7	+	2775319	2782232	6913
8	+	2749161	2754911	5750
9	+	2873961	2879606	5645
10	+	2779473	2785223	5750
11	+	3001321	3006966	5645
12	+	2737395	2743040	5645
13	+	2779476	2785226	5750
14	+	2757763	2763513	5750
15	+	2748854	2755767	6913
16	+	2779476	2785226	5750
17	-	527560	521914	5646
18	+	2829215	2834862	5647
19	+	2749792	2756705	6913
20	+	2779966	2786993	7027
21	+	2825730	2832643	6913
22	+	2764975	2771888	6913
--------------------------------------------------------------------------------
Block #104
Seq_id	Strand	Start	End	Length
1	+	2812777	2818231	5454
2	+	2915392	2920810	5418
3	+	2820952	2826415	5463
4	+	2950614	2956032	5418
5	+	2777811	2783274	5463
6	+	2885119	2890530	5411
7	+	2793084	2798547	5463
8	+	2765761	2771294	5533
9	+	2879876	2885287	5411
10	+	2796073	2801606	5533
11	+	3017819	3023250	5431
12	+	2743310	2748721	5411
13	+	2796076	2801609	5533
14	+	2774363	2779896	5533
15	+	2766619	2772082	5463
16	+	2796076	2801609	5533
17	-	511062	505538	5524
18	+	2845714	2851238	5524
19	+	2767557	2773020	5463
20	+	2797845	2803308	5463
21	+	2843495	2848958	5463
22	+	2782740	2788203	5463
--------------------------------------------------------------------------------
Block #105
Seq_id	Strand	Start	End	Length
1	+	2818232	2828764	10532
2	+	2925091	2935625	10534
3	+	2826416	2836934	10518
4	+	2960313	2970847	10534
5	+	2783275	2793793	10518
6	+	2890531	2901060	10529
7	+	2798548	2809066	10518
8	+	2771295	2781764	10469
9	+	2885288	2895816	10528
10	+	2801607	2812076	10469
11	+	3024581	3035115	10534
12	+	2748722	2759251	10529
13	+	2801610	2812079	10469
14	+	2779897	2790366	10469
15	+	2772083	2782601	10518
16	+	2801610	2812079	10469
17	-	505536	495009	10527
18	+	2851239	2861756	10517
19	+	2773021	2783539	10518
20	+	2803309	2813827	10518
21	+	2848959	2859477	10518
22	+	2788204	2798722	10518
--------------------------------------------------------------------------------
Block #106
Seq_id	Strand	Start	End	Length
1	+	2828771	2841069	12298
2	+	2935632	2948230	12598
3	+	2838551	2851278	12727
4	+	2970854	2983452	12598
5	+	2795410	2808137	12727
6	+	2901067	2913664	12597
7	+	2810683	2823410	12727
8	+	2781771	2794007	12236
9	+	2895823	2908421	12598
10	+	2812083	2824319	12236
11	+	3035122	3047720	12598
12	+	2759258	2771854	12596
13	+	2812086	2824322	12236
14	+	2790373	2802609	12236
15	+	2784218	2796945	12727
16	+	2812086	2824322	12236
17	-	493391	480667	12724
18	+	2863373	2876100	12727
19	+	2785156	2797883	12727
20	+	2815444	2828171	12727
21	+	2861094	2873821	12727
22	+	2800339	2813066	12727
--------------------------------------------------------------------------------
Block #107
Seq_id	Strand	Start	End	Length
1	+	2842821	2853063	10242
2	+	2949984	2960211	10227
3	+	2853031	2863274	10243
4	+	2985206	2995433	10227
5	+	2809890	2820133	10243
6	+	2915417	2925644	10227
7	+	2825163	2835406	10243
8	+	2802476	2812653	10177
9	+	2910175	2920402	10227
10	+	2832789	2842966	10177
11	+	3049474	3059701	10227
12	+	2773608	2783835	10227
13	+	2832792	2842969	10177
14	+	2811079	2821256	10177
15	+	2798698	2808941	10243
16	+	2832792	2842969	10177
17	-	476315	466072	10243
18	+	2877853	2888096	10243
19	+	2799636	2809879	10243
20	+	2829924	2840167	10243
21	+	2875574	2885817	10243
22	+	2814819	2825062	10243
--------------------------------------------------------------------------------
Block #108
Seq_id	Strand	Start	End	Length
1	+	2858383	2870875	12492
2	+	2965502	2978141	12639
3	+	2868634	2881276	12642
4	+	3000724	3013363	12639
5	+	2825493	2838135	12642
6	+	2930935	2943558	12623
7	+	2840766	2853408	12642
8	+	2817974	2830465	12491
9	+	2925693	2938316	12623
10	+	2848287	2860778	12491
11	+	3064992	3077616	12624
12	+	2789126	2801749	12623
13	+	2848290	2860781	12491
14	+	2826577	2839068	12491
15	+	2814301	2826943	12642
16	+	2848290	2860781	12491
17	-	460711	448070	12641
18	+	2893456	2905948	12492
19	+	2815239	2827881	12642
20	+	2845527	2858169	12642
21	+	2891177	2903819	12642
22	+	2830422	2843064	12642
--------------------------------------------------------------------------------
Block #109
Seq_id	Strand	Start	End	Length
1	+	2888423	2894912	6489
2	+	2997705	3004189	6484
3	+	2898825	2905315	6490
4	+	3032927	3039411	6484
5	+	2855684	2862174	6490
6	+	2963124	2969497	6373
7	+	2870957	2877447	6490
8	+	2841852	2848453	6601
9	+	2957882	2964254	6372
10	+	2872165	2878766	6601
11	+	3093565	3099939	6374
12	+	2821317	2827688	6371
13	+	2872168	2878769	6601
14	+	2850455	2857056	6601
15	+	2844492	2850982	6490
16	+	2872168	2878769	6601
17	-	430521	424032	6489
18	+	2923501	2929990	6489
19	+	2845430	2851920	6490
20	+	2875718	2882208	6490
21	+	2921368	2927858	6490
22	+	2860613	2867103	6490
--------------------------------------------------------------------------------
Block #110
Seq_id	Strand	Start	End	Length
1	+	2900449	2916519	16070
2	+	3012697	3028805	16108
3	+	2909785	2925859	16074
4	+	3047919	3064027	16108
5	+	2866644	2882718	16074
6	+	2974821	2991479	16658
7	+	2881917	2897991	16074
8	+	2854318	2873267	18949
9	+	2969578	2986236	16658
10	+	2884631	2903580	18949
11	+	3104322	3120982	16660
12	+	2833012	2849672	16660
13	+	2884634	2903583	18949
14	+	2862921	2881870	18949
15	+	2855452	2871526	16074
16	+	2884634	2903583	18949
17	-	419562	403490	16072
18	+	2937057	2953127	16070
19	+	2856390	2872464	16074
20	+	2886678	2902752	16074
21	+	2932328	2948402	16074
22	+	2871573	2887647	16074
--------------------------------------------------------------------------------
Block #111
Seq_id	Strand	Start	End	Length
1	+	2921775	2978148	56373
2	+	3035503	3091778	56275
3	+	3028023	3084654	56631
4	+	3070725	3127000	56275
5	+	2984882	3041519	56637
6	+	3004127	3061179	57052
7	+	3000155	3056792	56637
8	+	2886835	2943062	56227
9	+	2998883	3055936	57053
10	+	2969113	3025340	56227
11	+	3147812	3204552	56740
12	+	2863559	2920613	57054
13	+	2969116	3025343	56227
14	+	2895438	2951665	56227
15	+	2973703	3030340	56637
16	+	2969116	3025343	56227
17	+	3123758	3180317	56559
18	+	3062979	3119603	56624
19	+	2974628	3031265	56637
20	+	3004916	3061553	56637
21	+	3050566	3107203	56637
22	+	2991812	3048449	56637
--------------------------------------------------------------------------------
Block #112
Seq_id	Strand	Start	End	Length
1	+	2980910	3005976	25066
2	+	3094541	3119616	25075
3	+	3084794	3110033	25239
4	+	3129763	3154838	25075
5	+	3041653	3066723	25070
6	+	3063940	3088999	25059
7	+	3056926	3081996	25070
8	+	2943196	2968287	25091
9	+	3058697	3083757	25060
10	+	3025474	3050565	25091
11	+	3207313	3232365	25052
12	+	2923374	2948434	25060
13	+	3025477	3050568	25091
14	+	2951799	2976890	25091
15	+	3030474	3055544	25070
16	+	3025477	3050568	25091
17	+	3180451	3205521	25070
18	+	3119737	3144807	25070
19	+	3031399	3056469	25070
20	+	3061687	3086757	25070
21	+	3107337	3132407	25070
22	+	3048583	3073653	25070
--------------------------------------------------------------------------------
Block #113
Seq_id	Strand	Start	End	Length
1	+	3008828	3113902	105074
2	+	3119968	3228023	108055
3	+	3112882	3219470	106588
4	+	3155190	3263245	108055
5	+	3069575	3175875	106300
6	+	3089350	3197253	107903
7	+	3084848	3191148	106300
8	+	2971009	3076661	105652
9	+	3084108	3192009	107901
10	+	3053287	3158938	105651
11	+	3232714	3340707	107993
12	+	2948785	3056722	107937
13	+	3053290	3158942	105652
14	+	2979612	3085264	105652
15	+	3058396	3164696	106300
16	+	3053290	3158942	105652
17	+	3208373	3313590	105217
18	+	3150256	3255472	105216
19	+	3059321	3165621	106300
20	+	3089609	3195909	106300
21	+	3135259	3241559	106300
22	+	3076505	3182805	106300
--------------------------------------------------------------------------------
Block #114
Seq_id	Strand	Start	End	Length
1	+	3121151	3130565	9414
2	+	3234044	3243473	9429
3	+	3225477	3234892	9415
4	+	3269266	3278695	9429
5	+	3181882	3191297	9415
6	+	3203259	3212688	9429
7	+	3197155	3206570	9415
8	+	3082687	3092226	9539
9	+	3198015	3207444	9429
10	+	3164964	3174503	9539
11	+	3348168	3357613	9445
12	+	3062728	3072157	9429
13	+	3164968	3174507	9539
14	+	3096061	3105600	9539
15	+	3170703	3180118	9415
16	+	3164968	3174507	9539
17	+	3319597	3329012	9415
18	+	3261478	3270899	9421
19	+	3171628	3181043	9415
20	+	3201916	3211331	9415
21	+	3247566	3256981	9415
22	+	3188812	3198227	9415
--------------------------------------------------------------------------------
Block #115
Seq_id	Strand	Start	End	Length
1	+	3130567	3175714	45147
2	+	3243475	3288707	45232
3	+	3234894	3280026	45132
4	+	3278697	3323929	45232
5	+	3191299	3236443	45144
6	+	3212690	3257923	45233
7	+	3206572	3251716	45144
8	+	3092228	3137503	45275
9	+	3207446	3252676	45230
10	+	3174505	3219780	45275
11	+	3359080	3404300	45220
12	+	3072159	3117390	45231
13	+	3174509	3219784	45275
14	+	3105602	3150877	45275
15	+	3180120	3225264	45144
16	+	3174509	3219784	45275
17	+	3329014	3374159	45145
18	+	3270901	3316049	45148
19	+	3181045	3226189	45144
20	+	3211333	3256477	45144
21	+	3256983	3302131	45148
22	+	3198229	3243373	45144
--------------------------------------------------------------------------------
Block #116
Seq_id	Strand	Start	End	Length
1	+	3175716	3195668	19952
2	+	3288709	3308598	19889
3	+	3280028	3299977	19949
4	+	3323931	3343820	19889
5	+	3236445	3256394	19949
6	+	3257925	3277814	19889
7	+	3251718	3271667	19949
8	+	3137505	3157353	19848
9	+	3252678	3272567	19889
10	+	3219782	3239630	19848
11	+	3405740	3425629	19889
12	+	3117392	3137281	19889
13	+	3219786	3239634	19848
14	+	3150879	3170727	19848
15	+	3225266	3245215	19949
16	+	3219786	3239634	19848
17	+	3374161	3394108	19947
18	+	3316051	3336000	19949
19	+	3226191	3246140	19949
20	+	3256479	3276428	19949
21	+	3302133	3321902	19769
22	+	3243375	3263324	19949
--------------------------------------------------------------------------------
Block #117
Seq_id	Strand	Start	End	Length
1	+	3202945	3207992	5047
2	+	3313930	3318970	5040
3	+	3307258	3312306	5048
4	+	3349152	3354192	5040
5	+	3263675	3268723	5048
6	+	3283146	3288190	5044
7	+	3278948	3283995	5047
8	+	3169002	3174055	5053
9	+	3277898	3282944	5046
10	+	3251279	3256333	5054
11	+	3430961	3436007	5046
12	+	3142612	3147659	5047
13	+	3251283	3256337	5054
14	+	3182376	3187430	5054
15	+	3252495	3257543	5048
16	+	3251283	3256337	5054
17	+	3401389	3406437	5048
18	+	3343281	3348329	5048
19	+	3253421	3258469	5048
20	+	3283715	3288754	5039
21	+	3329188	3334227	5039
22	+	3270605	3275653	5048
--------------------------------------------------------------------------------
Block #118
Seq_id	Strand	Start	End	Length
1	+	3214661	3239629	24968
2	+	3338499	3363309	24810
3	+	3317559	3342461	24902
4	+	3373721	3398552	24831
5	+	3273976	3298878	24902
6	+	3304455	3329532	25077
7	+	3289248	3314150	24902
8	+	3181276	3206487	25211
9	+	3299210	3324286	25076
10	+	3263554	3288765	25211
11	+	3453938	3478884	24946
12	+	3163925	3189003	25078
13	+	3263558	3288769	25211
14	+	3194651	3219862	25211
15	+	3262796	3287698	24902
16	+	3263558	3288769	25211
17	+	3411690	3436581	24891
18	+	3353605	3378636	25031
19	+	3263722	3288624	24902
20	+	3303173	3328027	24854
21	+	3348646	3373574	24928
22	+	3280906	3305808	24902
--------------------------------------------------------------------------------
Block #119
Seq_id	Strand	Start	End	Length
1	+	3239630	3248170	8540
2	+	3363310	3372016	8706
3	+	3342462	3351148	8686
4	+	3398553	3407259	8706
5	+	3298879	3307566	8687
6	+	3329533	3338134	8601
7	+	3314151	3322837	8686
8	+	3206488	3215000	8512
9	+	3324287	3332888	8601
10	+	3288766	3297278	8512
11	+	3480445	3488986	8541
12	+	3189004	3197605	8601
13	+	3288770	3297282	8512
14	+	3219863	3228330	8467
15	+	3287699	3296385	8686
16	+	3288770	3297282	8512
17	+	3436589	3445279	8690
18	+	3378637	3387233	8596
19	+	3288625	3297311	8686
20	+	3328028	3336714	8686
21	+	3373680	3382233	8553
22	+	3305809	3314495	8686
--------------------------------------------------------------------------------
Block #120
Seq_id	Strand	Start	End	Length
1	+	3249361	3283600	34239
2	+	3373189	3407643	34454
3	+	3352339	3386577	34238
4	+	3408432	3442886	34454
5	+	3308757	3343159	34402
6	+	3339307	3373719	34412
7	+	3324028	3358266	34238
8	+	3218367	3251569	33202
9	+	3334061	3368472	34411
10	+	3300645	3333847	33202
11	+	3490159	3524613	34454
12	+	3198778	3233184	34406
13	+	3300649	3333851	33202
14	+	3231697	3264899	33202
15	+	3297587	3331979	34392
16	+	3300649	3333851	33202
17	+	3446470	3480708	34238
18	+	3388416	3422654	34238
19	+	3298502	3332740	34238
20	+	3337905	3372143	34238
21	+	3385161	3419406	34245
22	+	3315686	3350124	34438
--------------------------------------------------------------------------------
Block #121
Seq_id	Strand	Start	End	Length
1	+	3285589	3294540	8951
2	+	3414081	3423031	8950
3	+	3388567	3397532	8965
4	+	3449324	3458274	8950
5	+	3345149	3354114	8965
6	+	3375709	3384659	8950
7	+	3360256	3369221	8965
8	+	3252454	3261377	8923
9	+	3370462	3379412	8950
10	+	3334732	3343655	8923
11	+	3532016	3540966	8950
12	+	3235174	3244123	8949
13	+	3334736	3343659	8923
14	+	3265784	3274707	8923
15	+	3333969	3342934	8965
16	+	3334736	3343659	8923
17	+	3482698	3491663	8965
18	+	3424644	3433595	8951
19	+	3334730	3343695	8965
20	+	3374133	3383098	8965
21	+	3421396	3430361	8965
22	+	3350960	3359875	8915
--------------------------------------------------------------------------------
Block #122
Seq_id	Strand	Start	End	Length
1	+	3294636	3301375	6739
2	+	3423324	3430231	6907
3	+	3400414	3407134	6720
4	+	3458567	3465474	6907
5	+	3356996	3363716	6720
6	+	3384952	3391831	6879
7	+	3372103	3378823	6720
8	+	3262925	3269853	6928
9	+	3379705	3386584	6879
10	+	3345203	3352131	6928
11	+	3541259	3548065	6806
12	+	3244416	3251295	6879
13	+	3345207	3352135	6928
14	+	3276255	3283183	6928
15	+	3345816	3352536	6720
16	+	3345207	3352135	6928
17	+	3494545	3501265	6720
18	+	3433696	3440430	6734
19	+	3346577	3353297	6720
20	+	3385980	3392700	6720
21	+	3433243	3439963	6720
22	+	3359971	3366607	6636
--------------------------------------------------------------------------------
Block #123
Seq_id	Strand	Start	End	Length
1	+	3316402	3333335	16933
2	+	3446430	3462955	16525
3	+	3421419	3438352	16933
4	+	3481673	3498198	16525
5	+	3378001	3394934	16933
6	+	3410715	3427671	16956
7	+	3393108	3410041	16933
8	+	3287711	3304530	16819
9	+	3405465	3422421	16956
10	+	3369989	3386808	16819
11	+	3569813	3586853	17040
12	+	3270176	3287132	16956
13	+	3369993	3386812	16819
14	+	3301041	3317860	16819
15	+	3366821	3383754	16933
16	+	3369993	3386812	16819
17	+	3518148	3535082	16934
18	+	3461320	3478253	16933
19	+	3367582	3384515	16933
20	+	3406985	3423918	16933
21	+	3454247	3471180	16933
22	+	3380852	3397785	16933
--------------------------------------------------------------------------------
Block #124
Seq_id	Strand	Start	End	Length
1	+	3342544	3348187	5643
2	+	3468408	3474054	5646
3	+	3447562	3453210	5648
4	+	3503651	3509297	5646
5	+	3404144	3409792	5648
7	+	3419251	3424899	5648
8	+	3311147	3316782	5635
10	+	3393425	3399060	5635
11	+	3592306	3597967	5661
13	+	3393429	3399064	5635
14	+	3324477	3330112	5635
15	+	3392964	3398612	5648
16	+	3393429	3399064	5635
18	+	3487463	3493111	5648
19	+	3393725	3399373	5648
20	+	3433128	3438776	5648
21	+	3480390	3486038	5648
22	+	3406995	3412643	5648
--------------------------------------------------------------------------------
Block #125
Seq_id	Strand	Start	End	Length
1	+	3348687	3359985	11298
2	+	3474554	3485855	11301
3	+	3453710	3465009	11299
4	+	3509797	3521098	11301
5	+	3410292	3421591	11299
6	+	3441904	3453213	11309
7	+	3425399	3436698	11299
8	+	3317245	3328408	11163
9	+	3436656	3447965	11309
10	+	3399523	3410686	11163
11	+	3599686	3610996	11310
12	+	3301364	3312672	11308
13	+	3399527	3410690	11163
14	+	3330575	3341738	11163
15	+	3399112	3410411	11299
16	+	3399527	3410690	11163
17	+	3549335	3560632	11297
18	+	3493611	3504908	11297
19	+	3399873	3411172	11299
20	+	3439276	3450575	11299
21	+	3486538	3497837	11299
22	+	3413143	3424442	11299
--------------------------------------------------------------------------------
Block #126
Seq_id	Strand	Start	End	Length
1	+	3361853	3373128	11275
2	+	3487717	3498991	11274
3	+	3466877	3478153	11276
4	+	3522960	3534234	11274
5	+	3423459	3434735	11276
6	+	3455081	3466359	11278
7	+	3438566	3449842	11276
8	+	3330270	3341547	11277
9	+	3449833	3461112	11279
10	+	3412548	3423825	11277
11	+	3612864	3624143	11279
12	+	3314540	3325819	11279
13	+	3412552	3423829	11277
14	+	3343600	3354877	11277
15	+	3412279	3423555	11276
16	+	3412552	3423829	11277
17	+	3562500	3573777	11277
18	+	3506776	3518052	11276
19	+	3413040	3424316	11276
20	+	3452443	3463719	11276
21	+	3499705	3510981	11276
22	+	3426310	3437586	11276
--------------------------------------------------------------------------------
Block #127
Seq_id	Strand	Start	End	Length
1	+	3373129	3400460	27331
2	+	3509006	3536352	27346
3	+	3478154	3505484	27330
4	+	3544249	3571595	27346
5	+	3434736	3462066	27330
6	+	3466360	3493691	27331
7	+	3449843	3477173	27330
8	+	3341548	3369007	27459
9	+	3461113	3488443	27330
10	+	3423826	3451285	27459
11	+	3624144	3651476	27332
12	+	3325820	3353151	27331
13	+	3423830	3451289	27459
14	+	3354878	3382337	27459
15	+	3423556	3450886	27330
16	+	3423830	3451289	27459
17	+	3573778	3601108	27330
18	+	3518053	3545389	27336
19	+	3424317	3451647	27330
20	+	3463720	3491050	27330
21	+	3510982	3538312	27330
22	+	3437587	3464917	27330
--------------------------------------------------------------------------------
Block #128
Seq_id	Strand	Start	End	Length
1	+	3406133	3412234	6101
2	+	3540124	3546234	6110
3	+	3509264	3515377	6113
4	+	3575367	3581477	6110
5	+	3465846	3471959	6113
6	+	3497463	3503573	6110
7	+	3480953	3487066	6113
8	+	3370513	3376636	6123
9	+	3492214	3498323	6109
10	+	3452791	3458914	6123
11	+	3655252	3661362	6110
12	+	3356923	3363033	6110
13	+	3452795	3458918	6123
14	+	3383843	3389966	6123
15	+	3454666	3460779	6113
16	+	3452795	3458918	6123
17	+	3604888	3611000	6112
18	+	3549169	3555279	6110
19	+	3455427	3461540	6113
20	+	3494830	3500943	6113
21	+	3542092	3548205	6113
22	+	3468697	3474810	6113
--------------------------------------------------------------------------------
Block #129
Seq_id	Strand	Start	End	Length
2	+	175566	188007	12441
3	+	186782	199224	12442
4	+	175567	188008	12441
4	+	210790	223231	12441
5	+	186558	198999	12441
7	+	186558	198999	12441
11	-	193340	180890	12450
11	+	219895	232386	12491
15	+	186558	198999	12441
17	+	192581	205022	12441
18	-	195108	182612	12496
19	+	186558	198999	12441
20	+	186558	198999	12441
21	+	186558	198999	12441
22	+	186558	198999	12441
--------------------------------------------------------------------------------
Block #130
Seq_id	Strand	Start	End	Length
2	+	190451	196799	6348
3	+	201527	207875	6348
4	+	190452	196800	6348
4	+	225675	232023	6348
5	+	201302	207650	6348
7	+	201231	207579	6348
11	-	177122	170757	6365
15	+	201302	207650	6348
17	+	207540	213888	6348
19	+	201302	207650	6348
20	+	201302	207650	6348
21	+	201302	207650	6348
22	+	201302	207650	6348
--------------------------------------------------------------------------------
Block #131
Seq_id	Strand	Start	End	Length
2	+	202518	211941	9423
4	+	237742	247165	9423
--------------------------------------------------------------------------------
Block #132
Seq_id	Strand	Start	End	Length
2	+	1142164	1148292	6128
4	+	1177385	1183513	6128
--------------------------------------------------------------------------------
Block #133
Seq_id	Strand	Start	End	Length
2	+	1165370	1175867	10497
4	+	1200591	1211088	10497
--------------------------------------------------------------------------------
Block #134
Seq_id	Strand	Start	End	Length
2	+	1190333	1195720	5387
4	+	1225554	1230941	5387
6	+	1234276	1239651	5375
9	+	1235492	1240866	5374
11	+	1295536	1300917	5381
12	+	1191039	1196414	5375
--------------------------------------------------------------------------------
Block #135
Seq_id	Strand	Start	End	Length
2	+	1433324	1440348	7024
4	+	1468546	1475570	7024
11	+	1536923	1543947	7024
--------------------------------------------------------------------------------
Block #136
Seq_id	Strand	Start	End	Length
2	+	2085450	2090629	5179
4	+	2120672	2125851	5179
11	+	2211731	2216910	5179
--------------------------------------------------------------------------------
Block #137
Seq_id	Strand	Start	End	Length
2	+	2363809	2381163	17354
4	+	2399030	2416384	17354
--------------------------------------------------------------------------------
Block #138
Seq_id	Strand	Start	End	Length
2	+	2383782	2388831	5049
4	+	2419003	2424052	5049
--------------------------------------------------------------------------------
Block #139
Seq_id	Strand	Start	End	Length
2	+	2714748	2724941	10193
4	+	2749969	2760162	10193
--------------------------------------------------------------------------------
Block #140
Seq_id	Strand	Start	End	Length
2	+	2783760	2792382	8622
4	+	2818981	2827603	8622
11	+	2874973	2883595	8622
--------------------------------------------------------------------------------
Block #141
Seq_id	Strand	Start	End	Length
2	+	3329043	3338374	9331
4	+	3364265	3373596	9331
6	+	3295000	3304330	9330
9	+	3289755	3299085	9330
11	+	3444482	3453813	9331
12	+	3154469	3163800	9331
20	+	3293655	3302998	9343
21	+	3339128	3348471	9343
--------------------------------------------------------------------------------
Block #142
Seq_id	Strand	Start	End	Length
2	+	3437705	3442876	5171
4	+	3472948	3478119	5171
--------------------------------------------------------------------------------
Block #143
Seq_id	Strand	Start	End	Length
2	+	3498992	3505707	6715
4	+	3534235	3540950	6715
--------------------------------------------------------------------------------
Block #144
Seq_id	Strand	Start	End	Length
3	+	219142	228598	9456
5	+	218917	228373	9456
6	+	179356	188807	9451
7	+	218846	228302	9456
8	+	177670	187121	9451
9	+	179354	188804	9450
10	+	177669	187120	9451
13	+	177670	187121	9451
14	+	177670	187121	9451
15	+	218917	228373	9456
16	+	177670	187121	9451
17	-	234967	225510	9457
18	+	213317	222773	9456
19	+	218917	228373	9456
20	+	218917	228373	9456
21	+	218917	228373	9456
22	+	218917	228373	9456
--------------------------------------------------------------------------------
Block #145
Seq_id	Strand	Start	End	Length
3	+	811737	820755	9018
5	+	808110	817128	9018
7	+	816755	825773	9018
15	+	806798	815816	9018
17	-	2590889	2581857	9032
18	+	816580	825598	9018
19	+	809758	818776	9018
20	+	811338	820356	9018
21	-	2348904	2339886	9018
22	+	811338	820356	9018
--------------------------------------------------------------------------------
Block #146
Seq_id	Strand	Start	End	Length
3	+	820757	839234	18477
5	+	817130	835604	18474
7	+	825775	844250	18475
15	+	815818	834293	18475
17	-	2579263	2560797	18466
18	+	825600	844075	18475
19	+	818778	837253	18475
20	+	820358	838833	18475
21	-	2339885	2321409	18476
22	+	820358	838832	18474
--------------------------------------------------------------------------------
Block #147
Seq_id	Strand	Start	End	Length
3	+	1335933	1347321	11388
5	+	1336210	1347598	11388
7	+	1357317	1368705	11388
15	+	1334668	1346056	11388
19	+	1334265	1345653	11388
20	+	1359849	1371237	11388
21	-	1823274	1811886	11388
22	+	1347033	1358421	11388
--------------------------------------------------------------------------------
Block #148
Seq_id	Strand	Start	End	Length
3	+	2106870	2113647	6777
5	+	2104294	2111071	6777
7	+	2119570	2126347	6777
15	+	2092870	2099647	6777
17	-	1246019	1239257	6762
18	+	2129435	2136212	6777
19	+	2094040	2100817	6777
20	+	2124660	2131437	6777
21	-	1060928	1054150	6778
22	+	2109223	2116000	6777
--------------------------------------------------------------------------------
Block #149
Seq_id	Strand	Start	End	Length
3	+	2594330	2602880	8550
6	-	1182841	1174293	8548
8	-	1176585	1168036	8549
9	-	1184049	1175500	8549
10	-	1202900	1194351	8549
13	-	1202902	1194353	8549
14	-	1180384	1171835	8549
16	-	1202902	1194353	8549
--------------------------------------------------------------------------------
Block #150
Seq_id	Strand	Start	End	Length
3	+	2936465	2941937	5472
5	+	2893324	2898796	5472
7	+	2908597	2914069	5472
15	+	2882132	2887604	5472
17	+	3029742	3035215	5473
18	+	2968969	2974442	5473
19	+	2883070	2888542	5472
20	+	2913358	2918830	5472
21	+	2959008	2964480	5472
22	+	2898253	2903725	5472
--------------------------------------------------------------------------------
Block #151
Seq_id	Strand	Start	End	Length
5	+	2278388	2285006	6618
7	+	2293663	2300280	6617
15	+	2266964	2273582	6618
17	-	1140368	1133749	6619
19	+	2268134	2274752	6618
20	+	2298754	2305372	6618
21	-	811795	805176	6619
22	+	2283317	2289935	6618
--------------------------------------------------------------------------------
Block #152
Seq_id	Strand	Start	End	Length
5	+	2292793	2321108	28315
7	+	2308067	2336382	28315
15	+	2281369	2309684	28315
17	-	1125962	1097648	28314
19	+	2282539	2310854	28315
20	+	2313159	2341474	28315
21	+	2358477	2386792	28315
22	+	2297722	2326037	28315
--------------------------------------------------------------------------------
Block #153
Seq_id	Strand	Start	End	Length
5	+	2322003	2336313	14310
7	+	2337277	2351587	14310
15	+	2310579	2324897	14318
17	-	1096753	1082441	14312
19	+	2311749	2326059	14310
20	+	2342369	2356679	14310
21	+	2387687	2401997	14310
22	+	2326932	2341242	14310
--------------------------------------------------------------------------------
Block #154
Seq_id	Strand	Start	End	Length
6	+	1217050	1223471	6421
9	+	1218268	1224687	6419
--------------------------------------------------------------------------------
Block #155
Seq_id	Strand	Start	End	Length
6	+	1223473	1234274	10801
9	+	1224689	1235490	10801
17	-	2202656	2192003	10653
--------------------------------------------------------------------------------
Block #156
Seq_id	Strand	Start	End	Length
6	+	2332431	2337858	5427
9	+	2333632	2339059	5427
--------------------------------------------------------------------------------
Block #157
Seq_id	Strand	Start	End	Length
6	+	2709225	2716068	6843
11	+	2802642	2809485	6843
--------------------------------------------------------------------------------
Block #158
Seq_id	Strand	Start	End	Length
6	+	3395182	3405775	10593
9	+	3389933	3400526	10593
12	+	3254644	3265237	10593
--------------------------------------------------------------------------------
Block #159
Seq_id	Strand	Start	End	Length
6	+	3433763	3441256	7493
9	+	3428513	3436008	7495
12	+	3293224	3300719	7495
17	+	3541178	3548601	7423
--------------------------------------------------------------------------------
Block #160
Seq_id	Strand	Start	End	Length
8	+	1204494	1217497	13003
10	+	1230809	1243812	13003
13	+	1230811	1243814	13003
14	+	1208293	1221296	13003
16	+	1230811	1243814	13003
--------------------------------------------------------------------------------
Block #161
Seq_id	Strand	Start	End	Length
8	+	1629038	1635105	6067
10	+	1655354	1661421	6067
13	+	1655357	1661424	6067
14	+	1632837	1638904	6067
16	+	1655357	1661424	6067
--------------------------------------------------------------------------------
Block #162
Seq_id	Strand	Start	End	Length
8	+	2353926	2372491	18565
10	+	2379430	2397995	18565
13	+	2379433	2397998	18565
14	+	2357720	2376285	18565
16	+	2379433	2397998	18565
--------------------------------------------------------------------------------
Block #163
Seq_id	Strand	Start	End	Length
8	+	2635787	2640862	5075
10	+	2666099	2671174	5075
13	+	2666102	2671177	5075
14	+	2644389	2649464	5075
16	+	2666102	2671177	5075
--------------------------------------------------------------------------------
Block #164
Seq_id	Strand	Start	End	Length
10	+	870240	881844	11604
12	+	863612	875186	11574
13	+	870242	881846	11604
16	+	870242	881846	11604
20	+	944272	955876	11604
--------------------------------------------------------------------------------
Block #165
Seq_id	Strand	Start	End	Length
10	+	2917103	2936985	19882
13	+	2917106	2936988	19882
16	+	2917106	2936988	19882
--------------------------------------------------------------------------------
Block #166
Seq_id	Strand	Start	End	Length
10	+	2952160	2962169	10009
13	+	2952163	2962172	10009
16	+	2952163	2962172	10009
--------------------------------------------------------------------------------
