>LEPN.0521.00005
+1 +2 +3 +4 +5 +6 +7 +8 +10 +11 +12 +13 +14 +15 +16 +17 +18 +19 +20 +21 +22 +24 +25 +26 +27 +28 +29 +30 +31 +32 +33 +34 +35 +36 +37 +38 +39 +40 +41 +42 +43 +44 +45 +49 +50 +51 +52 +53 +54 +55 +56 +57 +62 +63 +64 +65 +66 +67 +68 +69 +70 +71 +73 +75 +76 +77 +78 +79 +80 +81 +82 +83 +84 +85 +86 +87 +88 +89 +90 +91 +92 +93 +94 +95 +96 +97 +98 +99 +100 +101 +102 +103 +104 +105 +106 +107 +109 +110 +111 +112 +113 +114 +116 +117 +118 +119 +120 +121 +122 +123 +124 +125 +126 +127 +128 +129 +130 +132 +133 +134 +135 +136 +137 +139 +140 +141 +142 +143 +144 +145 +146 +147 +148 +149 +150 +151 +152 +153 +154 +155 +156 +157 +159 +160 +161 +162 +163 +164 +165 +166 +167 +168 +169 +170 @
>LEPN.0521.00004
+1 +2 +3 +4 +5 +6 +7 +8 +10 +11 +12 +13 +14 -15 +16 +17 +18 +19 +20 +21 +22 +24 +25 +26 +27 +28 +29 +30 +31 +32 +33 +34 +35 +36 +37 +38 +39 +40 +41 +42 +43 +44 +45 +49 +50 +51 +52 +53 +54 +55 +56 +57 +62 +63 +64 +65 +66 +67 +68 +69 +70 +71 +73 +75 +76 +77 +78 +79 +80 +81 +82 +83 +84 +85 +86 +87 +88 +89 +90 +91 +92 +93 +94 +95 +96 +97 +98 +99 +100 +101 +102 +103 +104 +105 +106 +107 +109 +110 +111 +112 +113 +114 +116 +117 +118 +119 +120 +121 +122 +123 +124 +125 +126 +127 +128 +129 +130 +132 +133 +134 +135 +136 +137 +139 +197 +140 +141 +142 +143 +144 +145 +146 +147 +148 +149 +150 +151 +152 +153 +154 +155 +156 +157 +159 +160 +161 +162 +163 +164 +165 +166 +167 +168 +169 +170 @
>LEPN.0521.00011
+1 +2 +3 +4 +5 +6 +7 +8 +10 +11 +12 +13 +14 +15 +16 +17 +18 +19 +20 +21 +22 +24 +25 +26 +27 +28 +29 +30 +31 +32 +33 +34 +35 +36 +37 +38 +39 +40 +41 +42 +43 +44 +45 +49 +50 +51 +52 +53 +54 +55 +56 +62 +63 +64 +65 +66 +67 +68 +69 +70 +71 +73 +75 +76 +77 +78 +79 +80 +81 +82 +83 +84 +85 +86 +87 +88 +89 +90 +91 +92 +93 +94 +95 +96 +97 +98 +99 +100 +101 +102 +103 +104 +105 +106 +107 +109 +110 +111 +112 +113 +114 +116 +117 +118 +119 +120 +121 +122 +123 +124 +125 +126 +127 +128 +129 +130 +132 +133 +134 +135 +136 +137 +139 +197 +140 +141 +142 +143 +144 +145 +146 +147 +148 +149 -57 +150 +151 +152 +153 +154 +155 +156 +157 +159 +160 +161 +162 +163 +164 +165 +166 +167 +168 +169 +170 @
>LEPN.0521.00003
+1 +2 +3 +4 +5 +6 +7 +8 +10 +11 +12 +13 +14 -15 +16 +17 +18 +19 +20 +21 +22 +24 +25 +26 +27 +28 +29 +30 +31 +32 +33 +34 +35 +36 +37 +38 +39 +40 +41 +42 +43 +44 +45 +49 +50 +51 +52 +53 +54 +55 +56 +57 +62 +63 +64 +65 +66 +67 +68 +69 +70 +71 +73 +75 +76 +77 +78 +79 +80 +81 +82 +83 +84 +85 +86 +87 +88 +89 +90 +91 +92 +93 +94 +95 +96 +97 +98 +99 +100 +101 +102 +103 +104 +105 +106 +107 +109 +110 +111 +112 +113 +114 +116 +117 +118 +119 +120 +121 +122 +123 +124 +125 +126 +127 +128 +129 +130 +132 +133 +134 +135 +136 +137 +139 +197 +140 +141 +142 +143 +144 +145 +146 +147 +148 +149 +150 +151 +152 +153 +154 +155 +156 +157 +159 +160 +161 +162 +163 +164 +165 +166 +167 +168 +169 +170 @
>LEPN.0521.00014
+1 +2 +3 +4 +5 +6 +7 +8 +10 +11 +12 +13 +14 +15 +16 +17 +18 +19 +20 +21 +22 +24 +25 +26 +27 +28 +29 +30 +31 +32 +33 +34 +35 +36 +37 +38 +39 +40 +41 +42 +43 +44 +45 +49 +50 +51 +52 +53 +54 +55 +56 +62 +63 +64 +65 +66 +67 +68 +69 +70 +71 +73 +75 +76 +77 +78 +79 +80 +81 +82 +83 +84 +85 +86 +87 +88 +89 +90 +91 +92 +93 +94 +95 +96 +97 +98 +99 +100 +101 +102 +103 +104 +105 +106 +107 +109 +110 +111 +112 +113 +114 +116 +117 +118 +119 +120 +121 +122 +123 +124 +125 +126 +127 +128 +129 +130 +132 +133 +134 +135 +136 +137 +139 +197 +140 +141 +142 +143 +144 +145 +146 +147 +148 +149 -57 +150 +151 +152 +153 +154 +155 +156 +157 +159 +160 +161 +162 +163 +164 +165 +166 +167 +168 +169 +170 @
>LEPN.0521.00022
+1 +2 +3 +4 +5 +6 +7 -8 +10 +11 +12 +13 +14 +15 +16 +17 +18 +19 +20 +21 +22 +24 +25 +26 +27 +28 +29 +30 +31 +32 +33 +34 +35 +36 +37 +38 +39 +40 +41 +42 +43 +44 +45 +49 +50 +51 +52 +53 +54 +55 +56 +57 +62 +63 +64 +65 +66 +67 +68 +69 +70 +71 +73 +75 +76 +77 +78 +79 +80 +81 +82 +83 +84 +85 +86 +87 +88 +89 +90 +91 +92 +93 +94 +95 +96 +97 +98 +99 +100 +101 +102 +103 +104 +105 +106 +107 +109 +110 +111 +112 +113 +114 +116 +117 +118 +119 +120 +121 +122 +123 +124 +125 +126 +127 +128 +129 +130 +132 +133 +134 +135 +136 +137 +139 +197 +140 +141 +142 +143 +144 +145 +146 +147 +148 +149 +150 +151 +152 +153 +154 +155 +156 +157 +159 +160 +161 +162 +163 +164 +165 +167 +168 +169 +170 @
>LEPN.0521.00017
+1 +2 +3 +4 +5 +6 +7 +8 +10 +11 +12 +13 +14 +15 +16 +17 +18 +19 +20 +21 +22 +24 +25 +26 +27 +28 +29 +30 +31 +32 +33 +34 +35 +36 +37 +38 +39 +40 +41 +42 +43 +44 +45 +49 +50 +51 +52 +53 +54 +55 +56 +62 +63 +64 +65 +66 +67 +68 +69 +70 +71 +73 +75 +76 +77 +78 +79 +80 +81 +82 +83 +84 +85 +86 +87 +88 +89 +90 +91 +92 +93 +94 +95 +96 +97 +98 +99 +100 +101 +102 +103 +104 +105 +106 +107 +109 +110 +111 +112 +113 +114 +116 +117 +118 +119 +120 +121 +122 +123 +124 +125 +126 +127 +128 +129 +130 +132 +133 +134 +135 +136 +137 +139 +197 +140 +141 +142 +143 +144 +145 +146 +147 +148 +149 -57 +150 +151 +152 +153 +154 +155 +156 +157 +159 +160 +161 +162 +163 +164 +165 +166 +167 +168 +169 +170 @
>LEPN.0521.00008
+1 +2 +3 +4 +5 +6 +7 +8 +10 +11 +12 +13 +14 +15 +16 +17 +18 +19 +20 +21 +22 +24 +25 +26 +27 +28 +29 +30 +31 +32 +33 +34 +35 +36 +37 +38 +39 +40 +41 +42 +43 +44 +45 +49 +50 +51 +52 +53 +54 +55 +56 +57 +62 +63 +64 +65 +66 +67 +68 +69 +70 +71 +73 +75 +76 +77 +78 +79 +80 +81 +82 +83 +84 +85 +86 +87 +88 +89 +90 +91 +92 +93 +94 +95 +96 +97 +98 +99 +100 +101 +102 +103 +104 +105 +106 +107 +109 +110 +111 +112 +113 +114 +116 +117 +118 +119 +120 +121 +122 +123 +124 +125 +126 +127 +128 +129 +130 +132 +133 +134 +135 +136 +137 +139 +197 +140 +141 +142 +143 +144 +145 +146 +147 +148 +149 +150 +151 +152 +153 +154 +155 +156 +157 +159 +160 +161 +162 +163 +164 +165 +166 +167 +168 +169 +170 @
>LEPN.0521.00018
+1 +2 +3 +4 +5 +6 +7 -8 +10 +11 +12 +13 +14 +15 +16 +17 +18 +19 +20 +21 +22 +24 +25 +26 +27 +28 +29 +30 +31 +32 +33 +34 +35 +36 +37 +38 +39 +40 +41 +42 +43 +44 +45 +49 +50 +51 +52 +53 +54 +55 +56 +57 +62 +63 +64 +65 +66 +67 +68 +69 +70 +71 +73 +75 +76 +77 +78 +79 +80 +81 +82 +83 +84 +85 +86 +87 +88 +89 +90 +91 +92 +93 +94 +95 +96 +97 +98 +99 +100 +101 +102 +103 +104 +105 +106 +107 +109 +110 +111 +112 +113 +114 +116 +117 +118 +119 +120 +121 +122 +123 +124 +125 +126 +127 +128 +129 +130 +132 +133 +134 +135 +136 +137 +139 +197 +140 +141 +142 +143 +144 +145 +146 +147 +148 +149 +150 +151 +152 +153 +154 +155 +156 +157 +159 +160 +161 +162 +163 +164 +165 +167 +168 +169 +170 @
>LEPN.0521.00010
+1 +2 +3 +4 +5 +6 +7 +8 +10 +11 +12 +13 +14 +15 +16 +17 +18 +19 +20 +21 +22 +24 +25 +26 +27 +28 +29 +30 +31 +32 +33 +34 +35 +36 +37 +38 +39 +40 +41 +42 +43 +44 +45 +49 +50 +51 +52 +53 +54 +55 +56 +57 +62 +63 +64 +65 +66 +67 +68 +69 +70 +71 +73 +75 +76 +77 +78 +79 +80 +81 +82 +83 +84 +85 +86 +87 +88 +89 +90 +91 +92 +93 +94 +95 +96 +97 +98 +99 +100 +101 +102 +103 +104 +105 +106 +107 +109 +110 +111 +112 +113 +114 +116 +117 +118 +119 +120 +121 +122 +123 +124 +125 +126 +127 +128 +129 +130 +132 +133 +134 +135 +136 +137 +139 +197 +140 +141 +142 +143 +144 +145 +146 +147 +148 +149 +150 +151 +152 +153 +154 +155 +156 +157 +159 +160 +161 +162 +163 +164 +165 +166 +167 +168 +169 +170 @
>LEPN.0521.00001
+1 +2 +3 +4 +5 +6 +7 +8 +10 +11 +12 +13 +14 +15 +16 +17 +18 +19 +20 +21 +22 +24 +25 +26 +27 +28 +29 +30 +31 +32 +33 +34 +35 +36 +37 +38 +39 +40 +41 +42 +43 +44 +45 +49 +50 +51 +52 +53 +54 +55 +56 +57 +62 +63 +64 +65 +66 +67 +68 +69 +70 +71 +73 +75 +76 +77 +78 +79 +80 +81 +82 +83 +84 +85 +86 +87 +88 +89 +90 +91 +92 +93 +94 +95 +96 +97 +98 +99 +100 +101 +102 +103 +104 +105 +106 +107 +109 +110 +111 +112 +113 +114 +116 +117 +118 +119 +120 +121 +122 +123 +124 +125 +126 +127 +128 +129 +130 +132 +133 +134 +135 +136 +137 +139 +197 +140 +141 +142 +143 +144 +145 +146 +147 +148 +149 +150 +151 +152 +153 +154 +155 +156 +157 +159 +160 +161 +162 +163 +164 +165 +166 +167 +168 +169 +170 @
>LEPN.0521.00019
+1 +2 +3 +4 +5 +6 +7 +8 +10 +11 +12 +13 +14 +15 +16 +17 +18 +19 +20 +21 +22 +24 +25 +26 +27 +28 +29 +30 +31 +32 +33 +34 +35 +36 +37 +38 +39 +40 +41 +42 +43 +44 +45 +49 +50 +51 +52 +53 +54 +55 +56 +57 +62 +63 +64 +65 +66 +67 +68 +69 +70 +71 +73 +75 +76 +77 +78 +79 +80 +81 +82 +83 +84 +85 +86 +87 +88 +89 +90 +91 +92 +93 +94 +95 +96 +97 +98 +99 +100 +101 +102 +103 +104 +105 +106 +107 +109 +110 +111 +112 +113 +114 +116 +117 +118 +119 +120 +121 +122 +123 +124 +125 +126 +127 +128 +129 +130 +132 +133 +134 +135 +136 +137 +139 +197 +140 +141 +142 +143 +144 +145 +146 +147 +148 +149 +150 +151 +152 +153 +154 +155 +156 +157 +159 +160 +161 +162 +163 +164 +165 +167 +168 +169 +170 @
>LEPN.0521.00007
+1 +2 +3 +4 +5 +6 +7 +8 +10 +11 +12 +13 +14 +15 +16 +17 +18 +19 +20 +21 +22 +24 +25 +26 +27 +28 +29 +30 +31 +32 +33 +34 +35 +36 +37 +38 +39 +40 +41 +42 +43 +44 +45 +49 +50 +51 +52 +53 +54 +55 +56 +57 +62 +63 +64 +65 +66 +67 +68 +69 +70 +71 +73 +75 +76 +77 +78 +79 +80 +81 +82 +83 +84 +85 +86 +87 +88 +89 +90 +91 +92 +93 +94 +95 +96 +97 +98 +99 +100 +101 +102 +103 +104 +105 +106 +107 +109 +110 +111 +112 +113 +114 +116 +117 +118 +119 +120 +121 +122 +123 +124 +125 +126 +127 +128 +129 +130 +132 +133 +134 +135 +136 +137 +139 +197 +140 +141 +142 +143 +144 +145 +146 +147 +148 +149 +150 +151 +152 +153 +154 +155 +156 +157 +159 +160 +161 +162 +163 +164 +165 +166 +167 +168 +169 +170 @
>LEPN.0521.00006
+1 +2 +3 +4 +5 +6 +7 +8 +10 +11 +12 +13 +14 +15 +16 +17 +18 +19 +20 +21 +22 +24 +25 +26 +27 +28 +29 +30 +31 +32 +33 +34 +35 +36 +37 +38 +39 +40 +41 +42 +43 +44 +45 +49 +50 +51 +52 +53 +54 +55 +56 +57 +62 +63 +64 +65 +66 +67 +68 +69 +70 +71 +73 +75 +76 +77 +78 +79 +80 +81 +82 +83 +84 +85 +86 +87 +88 +89 +90 +91 +92 +93 +94 +95 +96 +97 +98 +99 +100 +101 +102 +103 +104 +105 +106 +107 +109 +110 +111 +112 +113 +114 +116 +117 +118 +119 +120 +121 +122 +123 +124 +125 +126 +127 +128 +129 +130 +132 +133 +134 +135 +136 +137 +139 +197 +140 +141 +142 +143 +144 +145 +146 +147 +148 +149 +150 +151 +152 +153 +154 +155 +156 +157 +159 +160 +161 +162 +163 +164 +165 +166 +167 +168 +169 +170 @
>LEPN.0521.00002
+1 +2 +3 +4 +5 +6 +7 +8 +10 +11 +12 +13 +14 +15 +16 +17 +18 +19 +20 +21 +22 +24 +25 +26 +27 +28 +29 +30 +31 +32 +33 +34 +35 +36 +37 +38 +39 +40 +41 +42 +43 +44 +45 +49 +50 +51 +52 +53 +54 +55 +56 +62 +63 +64 +65 +66 +67 +68 +69 +70 +71 +73 +75 +76 +77 +78 +79 +80 +81 +82 +83 +84 +85 +86 +87 +88 +89 +90 +91 +92 +93 +94 +95 +96 +97 +98 +99 +100 +101 +102 +103 +104 +105 +106 +107 +109 +110 +111 +112 +113 +114 +116 +117 +118 +119 +120 +121 +122 +123 +124 +125 +126 +127 +128 +129 +130 +132 +133 +134 +135 +136 +137 +139 +197 +140 +141 +142 +143 +144 +145 +146 +147 +148 +149 -57 +150 +151 +152 +153 +154 +155 +156 +157 +159 +160 +161 +162 +163 +164 +165 +166 +167 +168 +169 +170 @
>LEPN.0521.00009
+1 +2 +3 +4 +5 +6 +7 +8 +10 +11 +12 +13 +14 +15 +16 +17 +18 +19 +20 +21 +22 +24 +25 +26 +27 +28 +29 +30 +31 +32 +33 +34 +35 +36 +37 +38 +39 +40 +41 +42 +43 +44 +45 +49 +50 +51 +52 +53 +54 +55 +56 +57 +62 +63 +64 +65 +66 +67 +68 +69 +70 +71 +73 +75 +76 +77 +78 +79 +80 +81 +82 +83 +84 +85 +86 +87 +88 +89 +90 +91 +92 +93 +94 +95 +96 +97 +98 +99 +100 +101 +102 +103 +104 +105 +106 +107 +109 +110 +111 +112 +113 +114 +116 +117 +118 +119 +120 +121 +122 +123 +124 +125 +126 +127 +128 +129 +130 +132 +133 +134 +135 +136 +137 +139 +197 +140 +141 +142 +143 +144 +145 +146 +147 +148 +149 +150 +151 +152 +153 +154 +155 +156 +157 +159 +160 +161 +162 +163 +164 +165 +166 +167 +168 +169 +170 @
>LEPN.0521.00016
+1 +2 +3 +4 +5 +6 +7 +8 +10 +11 +12 +13 +14 +15 +16 +17 +18 +19 -149 -148 -147 -146 -145 -144 -143 -142 -141 -140 -197 -139 -137 -136 -135 -134 -133 -132 -130 -129 -128 -127 -126 -125 -124 -123 -122 -121 -120 -119 -118 -117 -111 -110 -109 -107 -106 -105 -104 -103 -102 -101 -100 -99 -98 -97 -96 -95 -94 -93 -92 -91 -90 -89 -88 -87 -86 -85 -84 -83 -82 -81 -80 -79 -78 -77 -76 -75 -73 -71 -70 -69 -68 -67 -66 -65 -64 -63 -62 -56 -55 -54 -53 -52 -51 -50 -49 -45 -44 -43 -42 -41 -40 -39 -38 -37 -36 -35 -34 -33 -32 -31 -30 -29 -28 -27 -26 -25 -24 -22 -21 -20 -57 +150 +151 +152 +153 +154 +155 +156 +157 +159 +160 +161 +162 +163 +164 +165 +167 +168 +169 +170 @
>LEPN.0521.00015
+1 +2 +3 +4 +5 +6 +7 +8 +10 +11 +12 +13 +14 +15 +16 +17 +18 +19 +20 +21 +22 +24 +25 +26 +27 +28 +29 +30 +31 +32 +33 +34 +35 +36 +37 +38 +39 +40 +41 +42 +43 +44 +45 +49 +50 +51 +52 +53 +54 +55 +56 +62 +63 +64 +65 +66 +67 +68 +69 +70 +71 +73 +75 +76 +77 +78 +79 +80 +81 +82 +83 +84 +85 +86 +87 +88 +89 +90 +91 +92 +93 +94 +95 +96 +97 +98 +99 +100 +101 +102 +103 +104 +105 +106 +107 +109 +110 +111 +112 +113 +114 +116 +117 +118 +119 +120 +121 +122 +123 +124 +125 +126 +127 +128 +129 +130 -135 -134 -133 -132 +136 +137 +139 +197 +140 +141 +142 +143 +144 +145 +146 +147 +148 +149 -57 +150 +151 +152 +153 +154 +155 +156 +157 +159 +160 +161 +162 +163 +164 +165 +166 +167 +168 +169 +170 @
>LEPN.0521.00021
+1 +2 +3 +4 +5 +6 +7 +8 +10 +11 +12 +13 +14 +15 +16 +17 +18 +19 +20 +21 +22 +24 +25 +26 +27 +28 +29 +30 +31 +32 +33 +34 +35 +36 +37 +38 +39 +40 +41 +42 +43 +44 +45 +49 +50 +51 +52 +53 +54 +55 +56 +62 +63 +64 +65 +66 +67 +68 +69 +70 +71 +73 +75 +76 +77 +78 +79 +80 +81 +82 +83 +84 +85 +86 +87 +88 +89 +90 +91 +92 +93 +94 +95 +96 +97 +98 +99 +100 +101 +102 +103 +104 +105 +106 +107 +109 +110 +111 +112 +113 +114 +116 +117 +118 +119 +120 +121 +122 +123 +124 +125 +126 +127 +128 +129 +130 +132 +133 +134 +135 +136 +137 +139 +197 +140 +141 +142 +143 +144 +145 +146 +147 +148 +149 -57 +150 +151 +152 +153 +154 +155 +156 +157 +159 +160 +161 +162 +163 +164 +165 +166 +167 +168 +169 +170 @
>LEPN.0521.00012
+1 +2 +3 +4 +5 +6 +7 +8 +10 +11 +12 +13 +14 +15 +16 +17 +18 +19 +20 +21 +22 +24 +25 +26 +27 +28 +29 +30 +31 +32 +33 +34 +35 +36 +37 +38 +39 +40 +41 +42 +43 +44 +45 +49 +50 +51 +52 +53 +54 +55 +56 +62 +63 +64 +65 +66 +67 +68 +69 +70 +71 +73 +75 +76 +77 +78 +79 +80 +81 +82 +83 +84 +85 +86 +87 +88 +89 +90 +91 +92 +93 +94 +95 +96 +97 +98 +99 +100 +101 +102 +103 +104 +105 +106 +107 +109 +110 +111 +112 +113 +114 +116 +117 +118 +119 +120 +121 +122 +123 +124 +125 +126 +127 +128 +129 +130 +132 +133 +134 +135 +136 +137 +139 +197 +140 +141 +142 +143 +144 +145 +146 +147 +148 +149 -57 +150 +151 +152 +153 +154 +155 +156 +157 +159 +160 +161 +162 +163 +164 +165 +166 +167 +168 +169 +170 @
>LEPN.0521.00020
+1 +2 +3 +4 +5 +6 +7 +8 +10 +11 +12 +13 +14 +15 +16 +17 +18 +19 +20 +21 +22 +24 +25 +26 +27 +28 +29 +30 +31 +32 +33 +34 +35 +36 +37 +38 +39 -117 -116 -114 -113 -112 -111 -110 -109 -107 -106 -105 -104 -103 -102 -101 -100 -99 -98 -97 -96 -95 -94 -93 -92 -91 -90 -89 -88 -87 -86 -85 -84 -83 -82 -81 -80 -79 -78 -77 -76 -75 -73 -71 -70 -69 -68 -67 -66 -65 -64 -63 -62 -56 -55 -54 -53 -52 -51 -50 -49 -45 -44 -43 -42 -41 -40 +118 +119 +120 +121 +122 +123 +124 +125 +126 +127 +128 +129 +130 +132 +133 +134 +135 +136 +137 +139 +197 +140 +141 +142 +143 +144 +145 +146 +147 +148 +149 -57 +150 +151 +152 +153 +154 +155 +156 +157 +159 +160 +161 +162 +163 +164 +165 +166 +167 +168 +169 +170 @
>LEPN.0521.00013
+1 +2 +3 +4 +5 +6 +7 +8 +10 +11 +12 +13 +14 +15 +16 +17 +18 +19 +20 +21 +22 +24 +25 +26 +27 +28 +29 +30 +31 +32 +33 +34 +35 +36 +37 +38 +39 +40 +41 +42 +43 +44 +45 +49 +50 +51 +52 +53 +54 +55 +56 +62 +63 +64 +65 +66 +67 +68 +69 +70 +71 +73 +75 +76 +77 +78 +79 +80 +81 +82 +83 +84 +85 +86 +87 +88 +89 +90 +91 +92 +93 +94 +95 +96 +97 +98 +99 +100 +101 +102 +103 +104 +105 +106 +107 +109 +110 +111 +112 +113 +114 +116 +117 +118 +119 +120 +121 +122 +123 +124 +125 +126 +127 +128 +129 +130 +132 +133 +134 +135 +136 +137 +139 +197 +140 +141 +142 +143 +144 +145 +146 +147 +148 +149 -57 +150 +151 +152 +153 +154 +155 +156 +157 +159 +160 +161 +162 +163 +164 +165 +166 +167 +168 +169 +170 @
