>BUMA.0521.00010.2
+1 +2 +3 +6 +7 +8 +9 +12 +13 +14 +15 +17 +18 +19 +20 +21 +22 +23 +24 +25 +26 +27 +28 +29 +30 +31 +32 +33 +35 +36 +37 +38 +39 +40 +41 +42 +43 +44 +46 +47 +48 +49 +50 +56 +57 +64 +65 +66 +67 +69 +70 +71 @
>BUMA.0521.00011.2
-7 -6 -1 -71 -3 -2 +64 +65 -57 +66 +67 +69 +70 +50 -49 -48 -47 -46 -44 +75 +76 -43 +77 -42 -41 -40 -39 -33 -32 -31 -30 -29 -28 -27 -26 +18 +19 +20 +21 +78 -25 -24 -23 -22 +79 +80 +81 -17 -15 -14 -13 -12 +35 +36 +37 +38 +82 +56 -9 -8 @
>BUMA.0521.00012.1
+88 +89 +90 +91 +92 +93 +94 +95 +96 +97 +98 +99 +100 +101 +102 +103 +104 +105 +106 +107 +108 +109 +110 +111 +112 +113 +114 +117 +118 +119 +120 +121 +122 +123 +124 +125 +126 +127 +128 +129 +130 +131 +132 +136 +137 +138 +139 +140 +141 +144 +145 +146 +147 +148 +150 +151 +152 +153 +154 +155 +156 +157 +158 +159 +160 +161 +162 +163 +164 +169 +170 +171 +172 +178 +179 +180 +181 +182 +183 +184 +185 +186 +187 +188 +189 +190 +191 +192 +193 +194 +195 +196 +197 +198 +199 +200 +204 +206 +207 +208 +209 +210 +211 +212 +213 +214 +215 @
>BUMA.0521.00008.2
-43 +77 -42 -41 -40 -39 -33 -30 -29 -28 -27 -26 +18 +19 +20 +21 +216 +217 +78 -25 -24 -23 -22 +79 +80 +81 -17 -15 -14 -13 -12 +35 +36 +37 +38 +82 +56 -50 -3 -2 -70 -69 -67 -66 +57 -65 -64 +71 +1 +6 +7 +8 +9 -44 +75 +76 @
>BUMA.0521.00009.2
+23 +24 +25 -78 -217 -216 -15 -14 -13 -12 +35 +36 +37 +38 +82 +56 -9 -8 -7 -6 +49 +50 -3 -2 +64 +65 -57 +66 +67 +69 +70 +71 +1 -48 -47 -46 -44 +75 +76 -43 +77 -42 -41 -40 -39 -33 -32 -31 -30 -29 -28 -27 -26 +18 +19 +20 +21 +17 -81 -80 -79 +22 @
>BUMA.0521.00009.1
+101 +102 +103 -145 -144 +114 -131 -130 -129 -128 -127 -126 -125 -124 -123 -122 -121 -139 -138 -137 -136 +117 +118 +119 -111 -110 -109 -108 -107 -106 -105 -104 +120 +132 +140 +141 -113 -112 +146 +147 +148 -99 -98 +182 +183 +184 +185 +186 +187 +188 +189 +190 +191 +192 +193 +194 +195 +196 +197 +198 +199 +200 -210 -209 -208 -207 -206 +90 +91 -204 +211 +212 +213 +214 +215 +88 +89 +92 +93 +94 +95 +96 +97 -181 -180 -179 -178 -172 -171 -170 -169 +218 -164 -163 +157 +158 +159 +160 +161 +162 -156 -155 -154 -153 -152 -151 -150 +100 @
>BUMA.0521.00010.1
-200 +199 -198 -197 -196 -195 -194 -193 -192 -191 +148 -99 -98 -190 +182 -156 -155 -154 -153 -152 -151 -150 +100 +101 +102 +103 +104 +105 +106 +107 +108 +109 +110 +111 +112 +113 +118 -120 +130 +131 -123 -122 +124 -129 -128 -127 -126 -125 +132 +136 +137 -139 -138 -121 +140 +141 -117 -114 +144 +145 +146 +147 +187 +188 +189 +183 +184 +185 +186 +157 +158 +159 +160 +161 +162 +163 +164 +169 +170 +171 +172 +178 +179 +219 +180 +181 -97 -96 -95 -94 -93 -92 -212 -211 +204 -91 -90 +206 +207 -210 -209 +213 +214 +215 +88 +89 -208 @
>BUMA.0521.00014.2
-22 +79 +80 +81 -17 -21 -20 -19 -18 +26 +27 +28 +29 +30 +31 +32 +33 +39 +40 +41 +42 -77 +43 -76 -75 +44 +46 +47 +48 -1 -71 -70 -69 -67 -66 +57 -65 -64 +2 +3 -50 -49 +6 +7 +8 +9 -56 -82 -38 -37 -36 -35 +12 +13 +14 +15 +216 +217 +78 -25 -24 -23 @
>BUMA.0521.00015.1
+101 +102 +103 -145 -144 +114 -131 -130 -129 -128 -127 -126 -125 -124 -123 -122 -121 -139 -138 -137 -136 +117 +118 +119 -111 -110 -109 -108 -107 -106 -105 -104 +120 +132 +140 +141 -113 -112 +146 +147 +148 -99 -98 +182 +183 +184 +185 +186 +187 +188 +189 +190 +191 +192 +193 +194 +195 +196 +197 +198 +199 +200 -210 -209 -208 -207 -206 +90 +91 -204 +211 +212 +213 +214 +215 +88 +89 +92 +93 +94 +95 +96 +97 -181 -180 -219 -179 -178 -172 -171 -170 +218 -164 -163 +157 +158 +159 +160 +161 +162 -156 -155 -154 -153 -152 -151 -150 +100 @
>BUMA.0521.00013.1
+101 +102 +103 -139 -138 -137 -136 +121 +117 +120 +104 +105 +106 +107 +108 +109 +110 +111 +112 +113 +118 +119 +125 +126 +127 +128 +129 +132 -131 -130 +140 +141 -124 -123 -122 -114 +144 +145 +146 +147 +99 -148 -98 +182 +183 +184 +185 +186 +187 +188 +189 +190 +191 +192 +193 +194 +195 +196 +197 +198 +199 +200 -88 -215 -214 -213 -212 -211 -210 -209 -208 -207 -206 +90 +91 -204 +89 +92 +93 +94 +95 +96 +97 -181 -180 -219 -179 -178 -172 -171 -170 -169 +218 -164 -163 -162 -161 -160 -159 -158 -157 -156 -154 +155 -153 -152 -151 -150 +100 @
>BUMA.0521.00014.1
+101 +102 +103 -145 -144 +114 -131 -130 -129 -128 -127 -126 -125 -124 -123 -122 -121 -139 -138 -137 -136 +117 +118 +119 -111 -110 -109 -108 -107 -106 -105 -104 +120 +132 +140 +141 -113 -112 +146 +147 +148 -99 -98 +182 +183 +184 +185 +186 +187 +188 +189 +190 +191 +192 +193 +194 +195 +196 +197 +198 +199 +200 -210 -209 -208 -207 -206 +90 +91 -204 +211 +212 +213 +214 +215 +88 +89 +92 +93 +94 +95 +96 +97 -181 -180 -219 -179 -178 -172 -171 -170 -169 +218 -164 -163 +158 +159 +160 +161 +162 -156 -155 -154 -153 -152 -151 -150 +100 @
>BUMA.0521.00003.2
-56 +66 -48 -47 -46 -44 +75 +76 -43 +77 -42 -41 -40 -39 -33 -82 -38 -37 -36 -35 +12 +13 +14 +15 +17 -81 -80 -79 +216 +217 +78 -25 -24 -23 -22 -21 -20 -19 -18 +26 +27 +28 +29 +30 +31 +32 -67 -3 -2 +57 -65 -64 +71 +1 +6 +7 +8 +9 @
>BUMA.0521.00001.2
-46 -44 +75 +76 -43 +77 -42 -41 -40 -39 -33 -82 -38 -37 -36 -35 +12 +13 +14 +15 +17 -81 -80 -79 +22 +23 +24 +25 -78 -217 -216 -21 -20 -19 -18 +26 +27 +28 +29 +30 +31 +32 +56 -9 -8 -7 -6 -1 -71 -70 +49 +50 -66 +64 +65 -57 +69 +2 +3 +67 -48 -47 @
>BUMA.0521.00002.1
+91 -204 +211 +212 +213 +214 +215 +88 -200 -199 -198 -197 -196 +219 -179 -178 -172 -171 -170 -169 +218 -164 -163 +157 +158 +159 +160 +161 +162 -156 -155 -154 -153 -152 -103 -102 +111 +112 +113 +118 -151 -150 +100 +101 -110 -109 -108 -107 -106 -105 -104 +119 +120 +130 +131 +124 +125 +126 +127 +128 +129 +132 -123 -122 -121 +136 +137 +138 +139 +140 +141 -117 -114 +144 +145 +146 +147 +99 -148 -98 +182 +183 +184 +185 +186 +187 +188 +189 +190 +191 +192 +193 +194 +195 +180 +181 -97 -96 -95 -94 -93 -92 -89 -210 -209 -208 -207 -206 +90 @
>BUMA.0521.00004.1
+128 +129 +132 -131 -130 -120 -119 +104 +105 +106 +107 +108 +109 +110 +136 +137 +150 +151 -118 -139 -138 +100 +101 +102 +103 +152 +153 +154 +155 +183 +184 +185 +186 +187 +188 +189 +190 +191 +192 +193 +194 +195 +180 +181 -97 -96 -95 -94 -93 -92 -89 -88 -215 -214 -213 -212 -211 +204 -91 -90 +206 +207 +208 +209 +210 -200 -199 -198 -182 +156 -162 -161 -160 -159 -158 +163 +164 -218 +169 +170 +171 +172 +178 +179 -219 +196 +197 +98 +148 -99 -147 -146 -145 -144 +114 +117 -141 -140 -113 -112 -111 +121 +122 +123 +124 +125 +126 +127 @
>BUMA.0521.00002.2
+24 +25 -78 -217 -216 +79 +80 +81 -17 -15 -14 -13 -12 +35 +36 +37 +38 +82 +33 +39 +40 +41 +42 -77 +43 -76 -75 +44 +46 +47 +48 -66 -70 -69 +49 +50 -67 -3 -2 +57 -65 -64 +71 +1 +6 +7 +8 +9 -56 -32 -31 -30 -29 -28 -27 -26 +18 +19 +20 +21 +22 +23 @
>BUMA.0521.00006.2
-82 -38 -37 -36 -35 +12 +13 +14 +15 +17 -81 -80 -79 +22 +23 +24 +25 -78 -217 -216 -21 -20 -19 -18 +26 +27 +28 +29 +30 +31 +32 +33 +39 +40 +41 +42 -77 +43 -76 -75 +44 +46 +47 +48 -70 -69 +49 -50 +64 +65 -57 +2 +3 +66 +67 +71 +1 +6 +7 +8 +9 -56 @
>BUMA.0521.00007.1
-136 -132 +125 +126 +127 +128 +129 -139 -138 -121 -156 -155 +154 -153 -152 -151 -150 +100 +101 +102 +103 -145 -144 +114 +117 +131 -123 -122 +124 -99 +183 +184 +185 +186 +157 +158 +159 +160 +161 +162 +163 +164 +218 +169 +170 +171 +172 -212 -211 +204 -91 -90 +206 +207 -210 -209 +213 +214 +215 +88 +89 +92 +93 +94 +95 +96 +97 -181 -180 -179 -178 -208 -199 -198 -197 -196 -195 -194 -193 -192 -191 -182 +190 +98 -189 -188 -187 -147 -146 +104 +105 +106 +107 +108 +109 +110 +111 -113 -112 +118 -120 -119 +130 -141 -140 -137 @
>BUMA.0521.00004.2
+13 +14 +15 +17 -81 -80 -79 +22 +23 +24 +25 -78 -217 -216 -21 -20 -19 -18 +26 +27 +28 +29 +30 +56 +50 -70 -66 +64 +65 -57 +2 +3 +71 +1 +6 +7 +8 +9 -49 +69 -48 -47 -46 -44 +75 +76 -43 +77 -42 -41 -40 -39 -33 -82 -38 -37 -36 -35 +12 @
>BUMA.0521.00013.2
-25 -24 -23 -22 -21 -20 -19 -18 +26 +27 +28 +29 +30 +33 +39 +40 +41 +42 -77 +43 -76 -75 +44 +46 +47 +48 -67 -66 +64 +65 -57 +2 +3 -50 -49 +69 +70 +71 +1 +6 +7 +8 +9 -56 -82 -38 -37 -36 -35 +12 +13 +14 +15 +17 -81 -80 -79 +216 +217 +78 @
>BUMA.0521.00005.1
-158 -157 -145 -144 +114 +117 +121 +122 +123 +124 +118 +120 +130 +131 -132 +125 +126 +127 +128 +129 -119 -139 -138 +136 +137 +140 +141 -113 -112 -111 -110 -109 -108 -107 -106 -105 -104 -103 -102 -153 -152 -151 -150 +100 +101 +154 +155 +156 +146 +147 +99 -148 -98 +182 +183 +184 +185 +186 +187 +188 +189 +160 +161 +162 +163 +190 +191 +192 +193 +194 +195 +196 +197 +198 +199 +200 +204 -91 -90 +206 +207 +208 +209 +210 +211 +212 +213 +214 +215 +88 +89 +92 +93 +94 +95 +96 +97 -181 -180 -219 -179 -178 -172 -171 -170 -169 +218 -164 -159 @
>BUMA.0521.00020.2
+23 +24 +25 -78 -217 -216 -15 -14 -13 -12 +35 +36 +37 +38 +82 +56 -9 -8 -7 -6 +49 +50 -3 -2 +64 +65 -57 +66 +67 +69 +70 +71 +1 -48 -47 -46 -44 +75 +76 -43 +77 -42 -41 -40 -39 -33 -32 -31 -30 -29 -28 -27 -26 +18 +19 +20 +21 +17 -81 -80 -79 +22 @
>BUMA.0521.00021.2
+23 +24 +25 -78 -217 -216 -15 -14 -13 -12 +35 +36 +37 +38 +82 +56 -9 -8 -7 -6 +49 +50 -3 -2 +64 +65 -57 +66 +67 +69 +70 +71 +1 -48 -47 -46 -44 +75 +76 -43 +77 -42 -41 -40 -39 -33 -32 -31 -30 -29 -28 -27 -26 +18 +19 +20 +21 +17 -81 -80 -79 +22 @
>BUMA.0521.00027.2
+22 +23 +24 +25 -78 -217 -216 -15 -14 -13 -12 +35 +36 +37 +38 +82 +56 -9 -8 -7 -6 +49 +50 -3 -2 +64 +65 -57 +66 +67 +69 +70 +71 +1 -48 -47 -46 -44 +75 +76 -43 +77 -42 -41 -40 -39 -33 -32 -31 -30 -29 -28 -27 -26 +18 +19 +20 +21 +17 -81 -80 -79 @
>BUMA.0521.00024.1
+101 +102 +103 -145 -144 +114 -131 -130 -129 -128 -127 -126 -125 -124 -123 -122 -121 -139 -138 -137 -136 +117 +118 +119 -111 -110 -109 -108 -107 -106 -105 -104 +120 +132 +140 +141 +195 +196 +197 +198 +199 +200 -210 -209 -208 -207 -206 +90 +91 -204 +211 +212 +213 +214 +215 +88 +89 +92 +93 +94 +95 +96 +97 -181 -180 -219 -179 -178 -172 -171 -170 -169 +218 -164 -163 +157 +158 +159 +160 +161 +162 -156 -155 -154 -153 -152 -151 -150 +100 @
>BUMA.0521.00015.2
+23 +24 +25 -78 -217 -216 -15 -14 -13 -12 +35 +36 +37 +38 +82 +56 -9 -8 -7 -6 +49 +50 -3 -2 +64 +65 -57 +66 +67 +69 +70 +71 +1 -48 -47 -46 -44 +75 +76 -43 +77 -42 -41 -40 -39 -33 -32 -31 -30 -29 -28 -27 -26 +18 +19 +20 +21 +17 -81 -80 -79 +22 @
>BUMA.0521.00030.1
+121 -131 -130 -120 -119 -118 -145 -144 +114 +117 +146 +147 +148 -99 +155 +156 +182 +183 +184 +185 +186 +187 +188 +189 +190 +219 +179 +191 +192 +193 +194 +195 +196 +197 +198 +199 +200 -210 -209 -208 -207 -206 +90 +91 -204 +211 +212 +213 +214 +215 +88 +89 +92 +93 +94 +95 +96 +97 -181 -180 -178 -172 -171 -170 -169 -164 -163 -162 -161 -160 -159 -158 -157 +98 -154 -153 -152 -151 -150 +100 +101 +102 +103 +104 +105 +106 +107 +108 +109 +110 +111 +112 +113 -141 -140 -139 -138 -137 -136 -132 -129 -128 -127 -126 -125 -124 +122 +123 @
>BUMA.0521.00008.1
+214 +215 +88 +89 +90 +91 +92 +93 +94 +95 +96 +97 +98 +99 +100 +101 +102 +103 +104 +105 +106 +107 +108 +109 +110 +111 +112 +113 +114 +117 +118 +119 +120 +121 +122 +123 +124 +125 +126 +127 +128 +129 +130 +131 +132 +136 +137 +138 +139 +140 +141 +144 +145 +146 +147 +148 +150 +151 +152 +153 +154 +155 +156 +157 +158 +159 +160 +161 +162 +163 +164 +169 +170 +171 +172 +178 +179 +180 +181 +182 +183 +184 +185 +186 +187 +188 +189 +190 +191 +192 +193 +194 +195 +196 +197 +198 +199 +200 +204 +206 +207 +208 +209 +210 +211 +212 +213 @
>BUMA.0521.00016.2
+23 +24 +25 -78 -217 -216 -15 -14 -13 -12 +35 +36 +37 +38 +82 +56 -9 -8 -7 -6 +49 +50 -3 -2 +64 +65 -57 +66 +67 +69 +70 +71 +1 -48 -47 -46 -44 +75 +76 -43 +77 -42 -41 -40 -39 -33 -32 -31 -30 -29 -28 -27 -26 +18 +19 +20 +21 +17 -81 -80 -79 +22 @
>BUMA.0521.00027.1
+117 +118 +119 -111 -110 -109 -108 -107 -106 -105 -104 +120 +132 +140 +141 -113 -112 +146 +147 +148 -99 -98 +182 +183 +184 +185 +186 +187 +188 +189 +190 +191 +192 +193 +194 +195 +196 +197 +198 +199 +200 -210 -209 -208 -207 -206 +90 +91 -204 +211 +212 +213 +214 +215 +88 +89 +92 +93 +94 +95 +96 +97 -181 -180 -219 -179 -178 -172 -171 -170 -169 +218 -164 -163 +158 +159 +160 +161 +162 -156 -155 -154 -153 -152 -151 -150 +100 +101 +102 +103 -145 -144 +114 -131 -130 -129 -128 -127 -126 -125 -124 -123 -122 -121 -139 -138 -137 -136 @
>BUMA.0521.00022.1
+101 +102 +103 -145 -144 +114 -131 -130 -129 -128 -127 -126 -125 -124 -123 -122 -121 -139 -138 -137 -136 +117 +118 +119 -111 -110 -109 -108 -107 -106 -105 -104 +120 +132 +140 +141 -113 -112 +146 +147 +148 -99 -98 +182 +183 +184 +185 +186 +187 +188 +189 +190 +191 +192 +193 +194 +195 +196 +197 +198 +199 +200 -210 -209 -208 -207 -206 +90 +91 -204 +211 +212 +213 +214 +215 +88 +89 +92 +93 +94 +95 +96 +97 -181 -180 -219 -179 -178 -172 -171 -170 -169 +218 -164 -163 +157 +158 +159 +160 +161 +162 -156 -155 -154 -153 -152 -151 -150 +100 @
>BUMA.0521.00031.2
+23 +24 +25 -78 -217 -216 -21 -20 -19 -18 +26 +27 +28 +29 +30 +31 +32 +56 -9 -8 -7 -6 -1 -71 -70 +49 +50 -66 +64 +65 -57 +69 +2 +3 +67 -48 -47 -46 -44 +75 +76 -43 +77 -42 -41 -40 -39 -33 -82 -38 -37 -36 -35 +12 +13 +14 +15 +17 -81 -80 -79 +22 @
>BUMA.0521.00023.2
+23 +24 +25 -78 -217 -216 -15 -14 -13 -12 +35 +36 +37 +38 +82 +56 -9 -8 -7 -6 +49 +50 -3 -2 +64 +65 -57 +66 +67 +69 +70 +71 +1 -48 -47 -46 -44 +75 +76 -43 +77 -42 -41 -40 -39 -33 -32 -31 -30 -29 -28 -27 -26 +18 +19 +20 +21 +17 -81 -80 -79 +22 @
>BUMA.0521.00005.2
+48 +49 -50 -3 -2 +64 +65 -57 +66 +67 +69 +70 +71 +1 +6 +7 +8 +9 -56 -82 -38 -37 -36 -35 +12 +13 +14 +15 +17 -81 -80 -79 +22 +23 +24 +25 -78 -217 -216 -21 -20 -19 -18 +26 +27 +28 +29 +30 +31 +32 +33 +39 +40 +41 +42 -77 +43 -76 -75 +44 +46 +47 @
>BUMA.0521.00017.2
+23 +24 +25 -78 -217 -216 -21 -20 -19 -18 +26 +27 +28 +29 +30 +31 +32 +33 +39 +40 +41 +42 -77 +43 -76 -75 +44 +46 +47 +48 +49 -50 -3 -2 +64 +65 -57 +66 +67 +69 +70 +71 +1 +6 +7 +8 +9 -56 -82 -38 -37 -36 -35 +12 +13 +14 +15 +17 -81 -80 -79 +22 @
>BUMA.0521.00007.2
-9 -8 -7 -6 -3 -2 -1 -71 -69 -67 -66 +56 +64 +65 -57 -50 -49 -48 -47 -46 -44 -43 -42 -41 -40 -39 -32 -31 -30 -29 -28 -27 -26 -81 -80 -79 +216 +78 -25 -24 -23 -22 -21 -20 -19 -18 -17 -15 -14 -13 -12 +36 +37 +38 +33 @
>BUMA.0521.00020.1
+101 +102 +103 -145 -144 +114 -131 -130 -129 -128 -127 -126 -125 -124 -123 -122 -121 -139 -138 -137 -136 +117 +118 +119 -111 -110 -109 -108 -107 -106 -105 -104 +120 +132 +140 +141 -113 -112 +146 +147 +148 -99 -98 +182 +183 +184 +185 +186 +187 +188 +189 +191 +192 +193 +194 +195 +196 +197 +198 +199 +200 -210 -209 -208 -207 -206 +90 +91 -204 +211 +212 +213 +214 +215 +88 +89 +92 +93 +94 +95 +96 +97 -181 -180 -219 -179 -178 -172 -171 -170 -169 +218 -164 -163 +157 +158 +159 +160 +161 +162 -156 -155 -154 -153 -152 -151 -150 +100 @
>BUMA.0521.00021.1
+101 +102 +103 -145 -144 +114 -131 -130 -129 -128 -127 -126 -125 -124 -123 -122 -121 -139 -138 -137 -136 +117 +118 +119 -111 -110 -109 -108 -107 -106 -105 -104 +120 +132 +140 +141 -113 -112 +146 +147 +148 -99 -98 +182 +183 +184 +185 +186 +187 +188 +189 +190 +191 +192 +193 +194 +195 +196 +197 +198 +199 +200 -210 -209 -208 -207 -206 +90 +91 -204 +211 +212 +213 +214 +215 +88 +89 +92 +93 +94 +95 +96 +97 -181 -180 -219 -179 -178 -172 -171 -170 +218 -164 -163 +157 +158 +159 +160 +161 +162 -156 -155 -154 -153 -152 -151 -150 +100 @
>BUMA.0521.00017.1
+101 +154 +155 +156 +157 +158 +159 +160 +161 +162 +163 +190 +191 +192 +193 +194 +195 +196 +197 +198 +199 +200 +204 -91 -90 +206 +207 +208 +209 +210 +211 +212 +213 +214 +215 +88 +89 +92 +93 +94 +95 +96 +97 -181 -180 -219 -179 -178 -172 -171 -170 -169 +218 -164 -189 -188 -187 -186 -185 -184 -183 -182 +98 +148 -99 -147 -146 +112 +113 +150 +151 +152 +153 +102 +103 -145 -144 +114 +111 -137 -136 +138 +139 +119 +120 +130 +131 +124 +125 +126 +127 +128 +129 +132 -123 -122 -121 -118 -117 -110 -109 -108 -107 -106 -105 -104 +140 +141 +100 @
>BUMA.0521.00023.1
+101 +102 +103 -145 -144 +114 -131 -130 -129 -128 -127 -126 -125 -124 -123 -122 -121 -139 -138 -137 -136 +117 +118 +119 -111 -110 -109 -108 -107 -106 -105 -104 +120 +132 +140 +141 -113 -112 +146 +147 +148 -99 -98 +182 +183 +184 +185 +186 +187 +188 +189 +190 +191 +192 +193 +194 +195 +196 +197 +198 +199 +200 -210 -209 -208 -207 -206 +90 +91 -204 +211 +212 +213 +214 +215 +88 +89 +92 +93 +94 +95 +96 +97 -181 -180 -219 -179 -178 -172 -171 -170 -169 +218 -164 -163 +158 +159 +160 +161 +162 -156 -155 -154 -153 -152 -151 -150 +100 @
>BUMA.0521.00032.2
+76 -43 +77 -42 -41 -40 -39 -33 -32 -31 -30 -29 -28 -27 -26 +18 +19 +20 +21 +216 +217 +78 -25 -24 -23 -22 +79 +80 +81 -17 -15 -14 -13 -12 +35 +36 +37 +38 +82 +56 -50 -3 -2 +64 +65 -57 +66 +67 +69 +70 +71 +1 +6 +7 +8 +9 -49 -48 -47 -46 -44 +75 @
>BUMA.0521.00001.1
+153 -154 +155 +156 -162 -161 -160 -159 -158 -157 +163 +164 -218 +169 +170 +171 +172 +178 +179 +198 +199 +200 -210 -209 -208 -207 -206 +90 +91 -204 +211 +212 +213 +214 +215 +88 +89 +92 +93 +94 +95 +96 +97 -181 -180 -195 -194 -193 -192 -191 -190 -189 -188 -187 -186 -185 -184 -183 +182 +98 +148 -99 -147 -146 -145 -144 +114 +117 -141 -140 +136 +137 +138 +139 +121 +122 +123 +124 +125 +126 +127 +128 +129 +132 +219 -197 -196 -131 -130 -120 -119 +104 +105 +106 +107 +108 +109 +110 +111 +112 +100 +101 +102 +103 -118 -113 +150 +151 +152 @
>BUMA.0521.00019.2
+23 +24 +25 -78 -217 -216 -15 -14 -13 -12 +35 +36 +37 +38 +82 +56 -9 -8 -7 -6 +49 +50 -3 -2 +64 +65 -57 +66 +67 +69 +70 +71 +1 -48 -47 -46 -44 +75 +76 -43 +77 -42 -41 -40 -39 -33 -32 -31 -30 -29 -28 -27 -26 +18 +19 +20 +21 +17 -81 -80 -79 +22 @
>BUMA.0521.00024.2
+23 +24 +188 +189 +190 +191 +192 +193 +194 -113 -112 +146 +147 +148 -99 -98 +182 +183 +184 +185 +186 +187 +25 -78 -217 -216 -15 -14 -13 -12 +35 +36 +37 +38 +82 +56 -9 -8 -7 -6 +49 +50 -3 -2 +64 +65 -57 +66 +67 +69 +70 +71 +1 -44 +75 +76 -43 +77 -42 -41 -40 -39 -33 -32 -31 -30 -29 -28 -27 -26 +18 +19 +20 +21 +17 -81 -80 -79 +22 @
>BUMA.0521.00019.1
+101 +102 +103 -145 -144 +114 -131 -130 -129 -128 -127 -126 -125 -124 -123 -122 -121 -139 -138 -137 -136 +117 +118 +119 -111 -110 -109 -108 -107 -106 -105 -104 +120 +132 +140 +141 -113 -112 +146 +147 +148 -99 -98 +182 +183 +184 +185 +186 +187 +188 +189 +190 +191 +192 +193 +194 +195 +196 +197 +198 +199 +200 -210 -209 -208 -207 -206 +90 +91 -204 +211 +212 +213 +214 +215 +88 +89 +92 +93 +94 +95 +96 +97 -181 -180 -219 -179 -178 -172 -171 -170 -169 +218 -164 -163 +157 +158 +159 +160 +161 +162 -156 -155 -154 -153 -152 -151 -150 +100 @
>BUMA.0521.00016.1
+101 +102 +103 -145 -144 +114 -131 -130 -129 -128 -127 -126 -125 -124 -123 -122 -121 -139 -138 -137 -136 +117 +118 +119 -111 -110 -109 -108 -107 -106 -105 -104 +120 +132 +140 +141 -113 -112 +146 +147 +148 -99 -98 +182 +183 +184 +185 +186 +187 +188 +189 +190 +191 +192 +193 +194 +195 +196 +197 +198 +199 +200 -210 -209 -208 -207 -206 +90 +91 -204 +211 +212 +213 +214 +215 +88 +89 +92 +93 +94 +95 +96 +97 -181 -180 -219 -179 -178 -172 -171 -170 -169 +218 -164 -163 +158 +159 +160 +161 +162 -156 -155 -154 -153 -152 -151 -150 +100 @
>BUMA.0521.00026.2
-40 -39 -33 -32 -31 -30 -29 -28 -27 -26 +18 +19 +20 +21 +17 -81 -80 -79 +22 +23 +24 +25 -13 -12 +35 +36 +37 +38 +82 +56 -9 -8 -7 -6 +50 -3 -2 +64 +65 -57 +66 -44 +75 +76 -43 +77 -42 -41 @
>BUMA.0521.00018.2
-22 +79 +80 +81 -17 -15 -14 -13 -12 +35 +36 +37 +38 +82 +33 +39 +40 +41 +42 -77 +43 -76 -75 +44 +46 +47 +48 -67 -3 -2 -69 +57 -65 -64 +66 -50 -49 +70 +71 +1 +6 +7 +8 +9 -56 -32 -31 -30 -29 -28 -27 -26 +18 +19 +20 +21 +216 +217 +78 -25 -24 -23 @
>BUMA.0521.00012.2
-70 -69 -67 -66 +57 -65 -64 +71 +1 +6 +7 +8 +9 -44 +75 +76 -43 +77 -42 -41 -40 -39 -33 -30 -29 -28 -27 -26 +18 +19 +20 +21 +216 +217 +78 -25 -24 -23 -22 +79 +80 +81 -17 -15 -14 -13 -12 +35 +36 +37 +38 +82 +56 -50 -3 -2 @
>BUMA.0521.00025.1
+101 +102 +103 -118 -113 +150 +151 +152 +153 -154 +155 +156 -162 -161 -160 -159 -158 -157 +163 +164 -218 +169 +170 +171 +172 +178 +179 +198 +199 +200 -210 -209 -208 -207 -206 +90 +91 -204 +211 +212 +213 +214 +215 +88 +89 +92 +93 +94 +95 +96 +97 -181 -180 -195 -194 -193 -192 -191 -190 -189 -188 -187 -186 -185 -184 -183 +182 +98 +148 -99 -147 -146 -145 -144 +114 +117 -141 -140 +136 +137 +138 +139 +121 +122 +123 +124 +125 +126 +127 +128 +129 +132 +219 -197 -196 -131 -130 -120 -119 +104 +105 +106 +107 +108 +109 +110 +111 +112 +100 @
>BUMA.0521.00030.2
+64 +65 -57 +2 +3 +66 +67 +71 +1 -56 -82 -38 -37 -36 -35 +12 +13 +14 +15 +17 -81 -80 -79 +22 +23 +24 +25 -78 -217 -216 -21 -20 -19 -18 +26 +27 +28 +29 +30 +33 +39 +40 +41 +42 +50 +49 @
>BUMA.0521.00031.1
+101 +102 +103 -118 -113 +150 +151 +152 +153 -154 +155 +156 -162 -161 -160 -159 -158 -157 +163 +164 -218 +169 +170 +171 +172 +178 +179 +198 +199 +200 -210 -209 -208 -207 -206 +90 +91 -204 +211 +212 +213 +214 +215 +88 +89 +92 +93 +94 +95 +96 +97 -181 -180 -195 -194 -193 -192 -191 -190 -189 -188 -187 -186 -185 -184 -183 +182 +98 +148 -99 -147 -146 -145 -144 +114 +117 -141 -140 +136 +137 +138 +139 +121 +122 +123 +124 +125 +126 +127 +128 +129 +132 +219 -197 -196 -131 -130 -120 -119 +104 +105 +106 +107 +108 +109 +110 +111 +112 +100 @
>BUMA.0521.00029.2
-15 -14 -13 -12 +35 +36 +37 +38 +82 +33 +39 +40 +41 +42 -77 +43 -76 -75 +44 +46 +47 +48 -67 -3 -2 -69 +57 -65 -64 +66 -50 -49 +70 +71 +1 +6 +7 +8 +9 -56 -32 -31 -30 -29 -28 -27 -26 +18 +19 +20 +21 +216 +217 +78 -25 -24 -23 -22 +79 +80 +81 -17 @
>BUMA.0521.00006.1
+99 -148 -147 -146 -117 -114 +144 +145 +118 +119 +120 +130 +131 -121 -123 -122 +124 +125 +126 +127 +128 +129 +132 +136 +137 +138 +139 +140 +141 -113 -112 -111 -110 -109 -108 -107 -106 -105 -104 -103 -102 -101 -100 +156 +182 +183 +184 +185 +186 +187 +188 +189 +190 +219 +179 +191 +192 +193 +194 +195 +196 +197 +198 +199 -91 -90 +206 +207 +208 +209 +210 -200 -204 +211 +212 +213 +214 +215 +88 +89 +92 +93 +94 +95 +96 +97 -181 -180 -178 -172 -171 -170 -169 -218 -164 -163 -162 -161 -160 -159 -158 -157 +98 -154 -153 -152 -151 -150 -155 @
>BUMA.0521.00029.1
+218 -164 -163 +157 +158 +159 +160 +161 +162 -156 -155 +154 -153 -152 -151 -150 +113 +118 -103 -102 -101 -100 -112 -111 -110 -109 -108 -107 -106 -105 -104 +119 +120 +130 +131 +196 +197 -219 -132 -129 -128 -127 -126 -125 -124 -123 -122 -121 -139 -138 -137 -136 +140 +141 -117 -114 +144 +145 +146 +147 +99 -148 -98 -182 +183 +184 +185 +186 +187 +188 +189 +190 +191 +192 +193 +194 +195 +180 +181 -97 -96 -95 -94 -93 -92 -89 -88 -215 -214 -213 -212 -211 +204 -91 -90 +206 +207 +208 +209 +210 -200 -199 -198 -179 -178 -172 -171 -170 -169 @
>BUMA.0521.00018.1
+101 +102 +103 -118 -113 +150 +151 +152 +153 -154 +155 +156 -162 -161 -160 -159 -158 -157 +163 +164 -218 +169 +170 +171 +172 +178 +179 +198 +199 +200 -210 -209 -208 -207 -206 +90 +91 -204 +211 +212 +213 +214 +215 +88 +89 +92 +93 +94 +95 +96 +97 -181 -180 -195 -194 -193 -192 -191 -190 -189 -188 -187 -186 -185 -184 -183 +182 +98 +148 -99 -147 -146 -145 -144 +114 +117 -141 -140 +136 +137 +138 +139 +121 +122 +123 +124 +125 +126 +127 +128 +129 +132 +219 -197 -196 -131 -130 -120 -119 +104 +105 +106 +107 +108 +109 +110 +111 +112 +100 @
>BUMA.0521.00022.2
+23 +24 +25 -78 -217 -216 -15 -14 -13 -12 +35 +36 +37 +38 +82 +56 -9 -8 -7 -6 +49 +50 -3 -2 +64 +65 -57 +66 +67 +69 +70 +71 +1 -48 -47 -46 -44 +75 +76 -43 +77 -42 -41 -40 -39 -33 -32 -31 -30 -29 -28 -27 -26 +18 +19 +20 +21 +17 -81 -80 -79 +22 @
>BUMA.0521.00032.1
+108 +109 +110 +117 +118 +121 +122 +123 -132 -129 -128 -127 -126 -125 -124 -131 -130 -120 -119 -139 -138 +136 +137 -111 -114 +144 +145 -103 -102 -153 -152 -151 -150 -113 -112 +146 +147 +99 -148 -98 +182 +183 +184 +185 +186 +187 +188 +189 +164 -218 +169 +170 +171 +172 +178 +179 +219 +180 +181 -97 -96 -95 -94 -93 -92 -89 -88 -215 -214 -213 -212 -211 -210 -209 -208 -207 -206 +90 +91 -204 -200 -199 -198 -197 -196 -195 -194 -193 -192 -191 -190 -163 -162 -161 -160 -159 -158 -157 -156 -155 -154 -101 -100 -141 -140 +104 +105 +106 +107 @
>BUMA.0521.00026.1
-210 -209 -208 -207 -206 +90 +91 -204 +211 +212 +213 +214 +215 +88 +89 +92 +93 +94 +95 +96 +97 -181 -180 -219 -179 -178 -172 -171 -170 -169 -164 -163 +157 +158 +159 +160 +161 +162 -156 -155 -154 -153 -152 -151 -150 +100 +101 +102 +103 -145 -144 +114 -131 -130 -129 -128 -127 -126 -125 -124 -123 -122 +136 +137 +138 +139 +121 +117 +118 +119 -111 -110 -109 -108 -107 -106 -105 -104 +120 +132 +140 +141 -113 -112 +146 +147 +148 -99 -98 +182 +183 +184 +185 +186 +187 +188 +189 +190 +191 +192 +193 +194 +195 +196 +197 +198 +199 +200 @
>BUMA.0521.00003.1
-192 -191 -190 -189 -188 -187 -186 -185 -184 -183 -182 +98 +148 -99 -147 -146 -145 -144 +114 +117 -141 -140 -139 -138 -137 -136 +121 +122 +123 -132 -129 -128 -127 -126 -125 -124 -131 -130 -120 -119 +104 +105 +106 +107 +108 +109 +110 -101 -100 +150 +151 -118 -113 -112 -111 +102 +103 +152 +153 +154 +155 +156 -162 -161 -160 -159 -158 -157 +163 +164 -218 +169 +170 +171 +172 +178 +179 -219 +196 +197 +198 +199 +200 -88 -215 -214 -213 -212 -211 +204 -91 -90 +206 +207 +208 +209 +210 +89 +92 +93 +94 +95 +96 +97 -181 -180 -195 -194 -193 @
>BUMA.0521.00028.1
-141 -140 -139 -138 -137 -136 -132 -129 -128 -127 -126 -125 -124 +122 +123 +121 -131 -130 -120 -119 -118 -145 -144 +114 +117 +146 +147 +148 -99 +155 +156 +182 +183 +184 +185 +186 +187 +188 +189 +190 +219 +179 +191 +192 +193 +194 +195 +196 +197 +198 +199 +200 -210 -209 -208 -207 -206 +90 +91 -204 +211 +212 +213 +214 +215 +88 +89 +92 +93 +94 +95 +96 +97 -181 -180 -178 -172 -171 -170 -169 -164 -163 -162 -161 -160 -159 -158 -157 +98 -154 -153 -152 -151 -150 +100 +101 +102 +103 +104 +105 +106 +107 +108 +109 +110 +111 +112 +113 @
>BUMA.0521.00011.1
-138 +136 +137 +140 +141 -113 -112 -111 -110 -109 -108 -107 -106 -105 -104 -103 -102 -101 -100 +150 +151 +152 +153 +154 +155 +156 +182 +183 +184 +185 +186 +187 +188 +189 +164 -218 +169 +170 +171 +172 +178 +179 +219 +180 +181 -97 -96 -95 -94 -93 -92 -89 -88 -215 -214 -213 -212 -211 -210 -209 -208 -207 -206 +90 +91 -204 -200 -199 -198 -197 -196 -195 -194 -193 -192 -191 -190 -163 -162 -161 -160 -159 -158 -157 +98 -99 -147 -146 -145 -144 +114 +117 +118 +119 +120 +130 +131 -132 -129 -128 -127 -126 -125 -124 -123 -122 -121 -139 @
>BUMA.0521.00025.2
-22 +79 +80 +81 -17 -15 -14 -13 -12 +35 +36 +37 +38 +82 +33 +39 +40 +41 +42 -77 +43 -76 -75 +44 +46 +47 +48 -67 -3 -2 -69 +57 -65 -64 +66 -50 -49 +70 +71 +1 +6 +7 +8 +9 -56 -32 -31 -30 -29 -28 -27 -26 +18 +19 +20 +21 +216 +217 +78 -25 -24 -23 @
>BUMA.0521.00028.2
-79 +22 +23 +24 +25 -78 -217 -216 -21 -20 -19 -18 +26 +27 +28 +29 +30 +33 +39 +40 +41 +42 +50 +49 +64 +65 -57 +2 +3 +66 +67 +71 +1 -56 -82 -38 -37 -36 -35 +12 +13 +14 +15 +17 -81 -80 @
