25
155
150
487
977
344
298
1122
467
347
982
571
315
865
17
26
423
679
1085
962
1023
456
289
292
1003
96
422
425
130
142
519
415
600
105
100
466
478
254
465
984
538
260
1110
290
1092
301
116
603
895
74
147
1024
326
336
983
265
875
75
569
161
320
1000
392
149
455
976
166
430
1082
435
568
966
169
382
256
1060
72
1106
436
410
472
584
970
544
535
475
874
120
285
1006
131
959
140
972
601
300
578
308
534
898
964
549
602
327
263
1002
557
454
385
460
167
1012
680
1083
958
610
13
988
981
451
979
420
614
387
258
1058
520
82
27
251
579
127
987
885
106
900
431
346
591
18
567
1059
893
20
532
971
967
1107
141
321
266
115
102
373
1111
585
117
418
956
960
21
531
521
992
877
381
36
293
1001
955
316
1066
148
302
883
267
310
83
16
609
1013
540
432
309
599
368
594
899
586
125
371
383
295
1018
546
623
464
64
417
986
985
1056
892
338
572
15
360
397
121
388
66
566
581
963
152
268
390
886
339
313
461
165
974
701
160
563
588
396
897
340
1019
564
1011
33
384
97
257
457
299
1115
1009
135
593
565
536
678
85
168
529
29
394
462
158
596
297
345
1084
65
702
370
421
547
878
973
703
682
98
128
876
1109
434
1010
19
1108
118
1007
989
965
411
533
539
543
896
607
374
144
1118
884
968
1055
325
264
562
1063
361
104
35
453
1008
287
358
93
1025
1104
961
63
1064
681
103
288
452
139
1062
426
597
145
580
473
375
1091
894
79
1016
252
608
364
541
613
704
389
459
548
94
545
343
1017
253
890
980
136
477
286
99
1026
95
570
14
957
414
395
419
156
474
542
587
1065
372
337
143
78
157
978
991
365
558
857
159
249
369
248
611
398
363
1061
146
561
1015
