>BUMA.0521.00010.2
+1 +2 +3 +4 +5 +6 +7 +8 +9 +10 +11 +12 +13 +14 +15 +16 +17 +18 +19 +20 +21 +22 +23 +24 +25 +26 +27 +28 +29 +30 +31 +32 +33 +34 +35 +36 +37 +38 +39 +40 +41 +42 +43 +44 +45 +46 +47 +48 +49 +50 +51 +52 +53 +54 +55 +56 +57 +58 +59 +60 +61 +62 +63 +64 +65 +66 +67 +68 +69 +70 +71 +72 +73 +74 +75 +76 +77 +78 +79 +80 $
>BUMA.0521.00011.2
-7 -6 -5 -1 -80 -3 -2 +58 +59 +60 +61 +62 +81 +82 +83 +72 +73 -64 -71 -70 -69 -68 -67 -66 -65 +74 +75 +78 +79 +57 -56 -55 -54 -53 -52 -51 -50 -49 -48 -47 +84 +85 +86 -46 +87 -45 -44 -43 -42 -36 -35 -34 -33 -32 -31 -30 -29 +18 +19 +20 +21 +22 +88 -28 -27 -26 -25 -24 -23 +89 +90 +91 -17 -16 -15 -14 -13 -12 +38 +39 +40 +41 +92 +93 +94 +65 +95 +96 +63 +97 +37 -11 -10 -9 -8 $
>BUMA.0521.00012.1
+98 +99 +100 +101 +102 +103 +104 +105 +106 +107 +108 +109 +110 +111 +112 +113 +114 +115 +116 +117 +118 +119 +120 +121 +122 +123 +124 +125 +126 +127 +128 +129 +130 +131 +132 +133 +134 +135 +136 +137 +138 +139 +140 +141 +142 +143 +144 +145 +146 +147 +148 +149 +150 +151 +152 +153 +154 +155 +156 +157 +158 +159 +160 +161 +162 +163 +164 +165 +166 +167 +168 +169 +170 +171 +172 +173 +174 +175 +176 +177 +178 +179 +180 +181 +182 +183 +184 +185 +186 +21 +187 +188 +189 +190 +191 +192 +193 +194 +195 +196 +197 +198 +199 +200 +201 +202 +203 +204 +205 +206 +207 +208 +209 +210 +211 +212 +213 +214 +215 +216 +217 +218 +219 +220 +221 +222 +223 +224 +225 +226 +227 +228 +229 +230 +231 +232 +233 +234 +235 +236 +237 +238 +239 +240 +241 +242 $
>BUMA.0521.00008.2
+86 -46 +87 -45 -44 -43 -42 -36 -33 -32 -31 -30 -29 +18 +19 +20 +21 +22 +243 +244 +88 -28 -27 -26 -25 -24 -23 +89 +90 +91 -17 -16 -15 -14 -13 -12 +38 +39 +40 +41 +92 +93 +94 +65 +95 +96 +63 -57 -3 -2 +58 +59 +60 +61 +62 +81 +82 +83 -79 -78 -75 -74 +65 +66 +67 +68 +64 -73 -72 +80 +1 +5 +6 +7 +8 +9 +10 +11 -48 -47 +84 +85 $
>BUMA.0521.00009.2
+25 +26 +27 +28 -88 -244 -243 -15 -14 -13 -12 +38 +39 +40 +41 +92 +63 +97 +37 -11 -10 -9 -8 -7 -6 -5 +55 +56 +57 -3 -2 +58 +59 +60 +61 +62 +72 +73 -64 -68 -67 -66 -65 -68 -67 -66 -65 +74 +75 +78 +79 +80 +1 -54 -53 -52 -51 -50 -49 -48 -47 +84 +85 +86 -46 +87 -45 -44 -43 -42 -36 -35 -34 -33 -32 -31 -30 -29 +18 +19 +20 +21 +22 +17 -91 -90 -89 +23 +24 $
>BUMA.0521.00009.1
+112 +113 +114 +115 +116 -161 -160 +127 -145 -144 -143 -142 -141 -140 -139 -138 -137 -136 -135 -146 -155 -154 -153 -152 -151 -150 -149 -148 +128 +129 +128 +129 +130 +131 +132 +133 -124 -123 -122 -121 -120 -119 -118 -117 +134 +147 +156 +157 +158 -159 -126 -125 +162 +163 +164 -110 -109 -108 +204 +205 +206 +207 +208 +209 +210 +211 +212 +213 +214 +215 +216 +217 +218 +219 +220 +221 +222 +223 +224 +225 +193 +194 +195 +196 +197 +198 +237 -236 -235 -234 -233 -232 +100 +101 -229 +238 +239 +240 +241 +242 +98 +99 +102 +103 +104 +105 +106 +107 -203 -202 -201 -200 -199 -192 -191 -190 -189 -188 -187 -21 -186 +245 -185 -184 -183 +175 +176 +177 +178 +179 +180 +181 +182 -174 -173 -172 -171 -170 -169 -168 -167 -166 -165 -166 -165 +111 $
>BUMA.0521.00010.1
-224 +223 -222 -221 -220 -219 -218 -217 -216 -215 +164 -110 -109 -108 -214 -213 +204 -175 -174 -173 -172 -171 -170 -169 -168 -167 -166 -165 +111 +112 +113 +114 +115 +117 +118 +119 +120 +121 +122 +123 +124 +125 +126 +132 -134 +144 +145 -137 -136 +138 -143 -142 -141 -140 -139 +147 +150 +151 +152 -149 -148 +146 -155 -154 -153 -135 +156 +157 +158 -159 -131 -130 -129 -128 -127 +160 +161 +162 +163 +209 +210 +211 +212 +205 +206 +207 +208 +176 +177 +178 +179 +180 +181 +182 +183 +184 +185 +186 +21 +187 +188 +189 +190 +191 +192 +199 +200 +201 +246 +202 +203 -107 -106 -105 -104 -103 -102 -239 -238 +229 -101 -100 +230 +231 +232 +233 +226 +227 +228 -237 +247 -236 -235 +240 +241 +242 +98 +99 -234 -198 -197 -196 -195 -194 -193 -225 $
>BUMA.0521.00014.2
-24 -23 +89 +90 +91 -17 -22 -21 -20 -19 -18 +29 +30 +31 +32 +33 +34 +35 +36 +42 +43 +44 +45 -87 +46 -86 -85 -84 +47 +48 +49 +50 +51 +52 +53 +54 -1 -80 -79 -78 -75 -74 +65 +66 +67 +68 +64 -73 -72 -83 -82 -81 -62 -61 -60 -59 -58 +2 +3 -57 -56 -55 +5 +6 +7 +8 +9 -97 -63 -92 -41 -40 -39 -38 +12 +13 +14 +15 +243 +244 +88 -28 -27 -26 -25 $
>BUMA.0521.00015.1
+112 +113 +114 +115 +116 -161 -160 +127 -145 -144 -143 -142 -141 -140 -139 -138 -137 -136 -135 -146 -155 -154 -153 -152 -151 -150 -149 -148 +128 +129 +128 +129 +130 +131 +132 +133 -124 -123 -122 -121 -120 -119 -118 -117 +134 +147 +156 +157 +158 -159 -126 -125 +162 +163 +164 -110 -109 -108 +204 +205 +206 +207 +208 +209 +210 +211 +212 +213 +214 +215 +216 +217 +218 +219 +220 +221 +222 +223 +224 +225 +193 +194 +195 +196 +197 +198 +237 -236 -235 -234 -233 -232 -231 -230 +100 +101 -229 +238 +239 +240 +241 +242 +98 +99 +102 +103 +104 +105 +106 +107 -203 -202 -246 -201 -200 -199 -192 -191 -190 -188 -187 -21 -186 -188 -187 -21 -186 -188 -187 -21 -186 +245 -185 -184 -183 +175 +176 +177 +178 +179 +180 +181 +182 -174 -173 -172 -171 -170 -169 -168 -167 -166 -165 +111 $
>BUMA.0521.00013.1
+112 +113 +114 +115 +116 -155 -154 -153 -152 -151 -150 -149 -148 +146 +135 +131 +134 +117 +118 +119 +120 +121 +122 +123 +124 +125 +126 +132 +133 +139 +140 +141 +142 +143 +147 -145 -144 +156 +157 +158 -159 -138 -137 -136 -130 -129 -128 -127 +160 +161 +162 +163 +109 +110 -164 -108 +204 +205 +206 +207 +208 +209 +210 +211 +212 +213 +214 +215 +216 +217 +218 +219 +220 +221 +222 +223 +224 +225 -98 -242 -241 -240 -239 -238 +196 +197 +198 +226 +227 -237 -236 -235 -234 -233 -232 -231 -230 +100 +101 -229 -195 -194 -193 +99 +102 +103 +104 +105 +106 +107 -203 -202 -246 -201 -200 -199 -192 -191 -190 -189 -188 -187 -21 -186 +245 -185 -184 -183 -182 -181 -180 -179 -178 -177 -176 -175 -174 -172 +173 -171 -170 -169 -168 -167 -166 -165 +111 $
>BUMA.0521.00014.1
+112 +113 +114 +115 +116 -161 -160 +127 -145 -144 -143 -142 -141 -140 -139 -138 -137 -136 -135 -146 -155 -154 -153 -152 -151 -150 -149 -148 +128 +129 +130 +131 +132 +133 -124 -123 -122 -121 -120 -119 -118 -117 +134 +147 +156 +157 +158 -159 -126 -125 +162 +163 +164 -110 -109 -108 +204 +205 +206 +207 +208 +209 +210 +211 +212 +213 +214 +215 +216 +217 +218 +219 +220 +221 +222 +223 +224 +225 +193 +194 +195 +196 +197 +198 +237 -236 -235 -234 -233 -232 -231 -230 +100 +101 -229 +238 +239 +240 +241 +242 +98 +99 +102 +103 +104 +105 +106 +107 -203 -202 -246 -201 -200 -199 -192 -191 -190 -189 -188 -187 -21 -186 +245 -185 -184 -183 +175 +177 +178 +179 +180 +181 +182 -174 -173 -172 -171 -170 -169 -168 -167 -166 -165 +111 $
>BUMA.0521.00003.2
+10 +11 -37 -63 -96 -95 -65 +74 -54 -53 -52 -51 -50 -48 -47 +84 +85 +86 -46 +87 -45 -44 -43 -42 -36 -92 -41 -40 -39 -38 +12 +13 +14 +15 +16 +17 -91 -90 -89 +243 +244 +88 -28 -27 -26 -25 -24 -23 -22 -21 -20 -19 -18 +29 +30 +31 +32 +33 +34 +35 +93 +94 +65 +66 +67 +68 -75 -3 -2 +59 +60 +61 +62 +81 +82 +83 +64 -73 -72 +80 +1 +5 +6 +7 +8 +9 +5 $
>BUMA.0521.00001.2
-52 -51 -50 -49 -48 -47 +84 +85 +86 -46 +87 -45 -44 -43 -42 -36 -92 -41 -40 -39 -38 +12 +13 +14 +15 +16 +17 -91 -90 -89 +23 +24 +25 +26 +27 +28 -88 -244 -243 -22 -21 -20 -19 -18 +29 +30 +31 +32 +33 +34 +35 +93 +94 +65 +95 +96 +63 +37 -11 -10 -9 -8 -7 -6 -5 -1 -80 -79 +55 +56 +57 -74 +65 +66 +67 +68 +69 +70 +71 +72 +73 -64 +77 +78 -83 -82 -81 -62 -61 -60 -59 +2 +3 +75 -54 -53 $
>BUMA.0521.00002.1
+101 -229 +238 +239 +240 +241 +242 +98 -198 -197 -196 -195 -194 -193 -225 -224 -223 -222 -221 -220 +246 -201 -200 -199 -192 -191 -190 -189 -188 -187 -21 -186 +245 -185 -184 -183 +175 +176 +177 +178 +179 +180 +181 +182 -174 -173 -172 -171 -170 -169 -116 -115 -114 -113 +124 +125 +126 +132 -168 -167 -166 -165 +111 +112 -123 -122 -121 -120 -119 -118 -117 +133 +134 +144 +145 +138 +139 +140 +141 +142 +143 +147 -137 -136 -135 -146 +148 +149 +151 +152 +153 +154 +155 +156 +157 +158 -159 -131 -130 -129 -128 -127 +160 +161 +162 +163 +109 +110 -164 -108 +204 +205 +206 +207 +208 +209 +210 +211 +212 +213 +214 +215 +216 +217 +218 +219 +202 +203 -107 -106 -105 -104 -103 -102 -99 +226 +227 +228 -237 -236 -235 -234 -233 -232 -231 -230 +100 $
>BUMA.0521.00004.1
+142 +143 +147 -145 -144 -134 -133 +117 +118 +119 +120 +121 +122 +123 +148 +149 +151 +152 +165 +166 +167 +168 -132 -155 -154 -153 +111 +112 +113 +114 +115 +116 +169 +170 +171 +172 +173 +205 +206 +207 +208 +209 +210 +211 +212 +213 +214 +215 +216 +217 +218 +219 +202 +203 -107 -106 -105 -104 -103 -102 -99 -98 -242 -241 -240 -239 -238 +229 -101 -100 +230 +231 +232 +233 +234 +235 +236 +237 -228 -227 -226 -198 -197 -196 -195 -194 -193 -225 -224 -223 -222 -204 +174 -182 -181 -180 -179 -178 -177 -175 +183 +184 +185 -245 +186 +21 +187 +188 +189 +190 +191 +192 +199 +200 +201 -246 +220 +221 +108 +164 -110 -109 -163 -162 -161 -160 +127 +128 +129 +130 +131 +159 -158 -157 -156 -126 -125 -124 +146 +135 +136 +137 +138 +139 +140 +141 $
>BUMA.0521.00002.2
+26 +27 +28 -88 -244 -243 +89 +90 +91 -17 -16 -15 -14 -13 -12 +38 +39 +40 +41 +92 +36 +42 +43 +44 +45 -87 +46 -86 -85 -84 +47 +48 +50 +51 +52 +53 +54 -74 +65 +66 +67 +68 +69 +70 +71 -79 -78 -77 -76 +55 +56 +57 -75 -3 -2 +59 +60 +61 +62 +81 +82 +83 +64 -73 -72 +80 +1 +5 +6 +7 +8 +9 +10 +11 -37 -63 -96 -95 -65 -94 -93 -35 -34 -33 -32 -31 -30 -29 +18 +19 +20 +21 +22 +23 +24 +25 $
>BUMA.0521.00006.2
-94 -93 -92 -41 -40 -39 -38 +12 +13 +14 +15 +16 +17 -91 -90 -89 +23 +24 +25 +26 +27 +28 -88 -244 -243 -22 -21 -20 -19 -18 +29 +30 +31 +32 +33 +34 +35 +36 +42 +43 +44 +45 -87 +46 -86 -85 -84 +47 +48 +49 +50 +51 +52 +53 +54 -79 -78 -77 -76 +55 +56 -57 +72 +73 -64 -62 -61 -60 -59 +2 +3 -69 -68 -67 -66 -65 +74 +75 +80 +1 +5 +6 +7 +8 +9 -97 -63 -96 -95 -65 $
>BUMA.0521.00007.1
-151 -150 -147 +139 +140 +141 +142 +143 -155 -154 -153 -135 +146 -174 -173 +172 -171 -170 -169 -168 -167 -166 -165 +111 +112 +113 +114 +115 +116 -161 -160 +127 +128 +129 +130 +131 +145 -137 -136 +138 +175 -110 -109 +205 +206 +207 +208 +176 +177 +178 +179 +180 +181 +182 +183 +184 +185 +245 +186 +21 +187 +188 +189 +190 +191 +192 -239 -238 +229 -101 -100 +230 +231 +232 +233 +226 +227 +228 -237 +247 -236 -235 +240 +241 +242 +98 +99 +102 +103 +104 +105 +106 +107 -203 -202 -201 -200 -234 -198 -197 -196 -195 -194 -193 -223 -222 -221 -220 -219 -218 -217 -216 -215 -204 +213 +214 +108 -212 -211 -210 -209 -163 -162 +117 +118 +119 +120 +121 +122 +123 +124 -126 -125 +132 -134 -133 +144 +159 -158 -157 -156 +148 +149 -152 $
>BUMA.0521.00004.2
+13 +14 +15 +16 +17 -91 -90 -89 +23 +24 +25 +26 +27 +28 -88 -244 -243 -22 -21 -20 -19 -18 +29 +30 +31 +32 +33 +93 +94 +65 +95 +96 +63 +57 -79 -74 +65 +66 +67 +68 +69 +70 +71 +72 +73 -64 -83 -82 -81 -62 -61 -60 -59 +2 +3 +80 +1 +5 +6 +7 +8 +9 +10 +11 -56 -55 +76 +77 +78 -54 -53 -52 -51 -50 -48 -47 +84 +85 +86 -46 +87 -45 -44 -43 -42 -36 -92 -41 -40 -39 -38 +12 $
>BUMA.0521.00013.2
-27 -26 -25 -24 -23 -22 -21 -20 -19 -18 +29 +30 +31 +32 +33 +36 +42 +43 +44 +45 -87 +46 -86 -85 -84 +47 +48 +49 +50 +51 +52 +53 +54 -75 -74 +65 +66 +67 +68 +69 +70 +71 +59 +60 +61 +62 +81 +82 +83 +72 +73 -64 +2 +3 -57 -56 -55 +76 +77 +78 +79 +80 +1 +5 +6 +7 +8 +9 -63 -96 -95 -65 -94 -93 -92 -41 -40 -39 -38 +12 +13 +14 +15 +16 +17 -91 -90 -89 +243 +244 +88 -28 $
>BUMA.0521.00005.1
-177 -176 -175 -161 -160 +127 +128 +129 +130 +131 +146 +135 +136 +137 +138 +132 +134 +144 +145 -147 +139 +140 +141 +142 +143 -133 -155 -154 -153 +150 +151 +152 -149 -148 +156 +157 +158 -159 -126 -125 -124 -123 -122 -121 -120 -119 -118 -117 -116 -115 -114 -113 -171 -170 -169 -168 -167 -166 -165 +111 +112 +172 +173 +174 +162 +163 +109 +110 -164 -108 +204 +205 +206 +207 +208 +209 +210 +211 +212 +179 +180 +181 +182 +183 +213 +214 +215 +216 +217 +218 +219 +220 +221 +222 +223 +224 +225 +193 +194 +195 +196 +197 +198 +226 +227 +228 +229 -101 -100 +230 +231 +232 +233 +234 +235 +236 -237 +238 +239 +240 +241 +242 +98 +99 +102 +103 +104 +105 +106 +107 -203 -202 -246 -201 -200 -199 -192 -191 -190 -189 -188 -187 -21 -186 +245 -185 -184 -178 $
>BUMA.0521.00020.2
+25 +26 +27 +28 -88 -244 -243 -15 -14 -13 -12 +38 +39 +40 +41 +92 +63 +97 +37 -11 -10 -9 -8 -7 -6 -5 +55 +56 +57 -3 -2 +58 +59 +60 +61 +62 +72 +73 -64 -68 -67 -66 -65 +74 +75 +78 +79 +80 +1 -54 -53 -52 -51 -50 -49 -48 -47 +84 +85 +86 -46 +87 -45 -44 -43 -42 -36 -35 -34 -33 -32 -31 -30 -29 +18 +19 +20 +21 +22 +17 -91 -90 -89 +23 +24 $
>BUMA.0521.00021.2
+25 +26 +27 +28 -88 -244 -243 -15 -14 -13 -12 +38 +39 +40 +41 +92 +63 +97 +37 -9 -8 -7 -6 -5 +55 +56 +57 -3 -2 +58 +59 +60 +61 +62 +58 +59 +60 +61 +62 +81 +82 +83 +72 +73 -64 -68 -67 -66 -65 +74 +75 +78 +79 +80 +1 -54 -53 -52 -51 -50 -49 -48 -47 +84 +85 +86 -46 +87 -45 -44 -43 -42 -36 -35 -34 -33 -32 -31 -30 -29 +18 +19 +20 +21 +22 +17 -91 -90 -89 +23 +24 $
>BUMA.0521.00027.2
+23 +24 +25 +26 +27 +28 -88 -244 -243 -15 -14 -13 -12 +38 +39 +40 +41 +92 +63 +97 -9 -8 -7 -6 -5 +55 +56 +57 -3 -2 +58 +59 +60 +61 +62 +81 +82 +83 +72 +73 -64 -68 -67 -66 -65 +74 +75 +78 +79 +80 +1 -54 -53 -52 -51 -50 -49 -48 -47 +84 +85 +86 -46 +87 -45 -44 -43 -42 -36 -35 -34 -33 -32 -31 -30 -29 +18 +19 +20 +21 +22 +17 -91 -90 -89 $
>BUMA.0521.00024.1
+112 +113 +114 +115 +116 -161 -160 +127 -145 -144 -143 -142 -141 -140 -139 -138 -137 -136 -135 -146 -155 -154 -153 -152 -151 -150 -149 -148 +128 +129 +130 +131 +132 +133 -124 -123 -122 -121 -120 -119 -118 -117 +134 +147 +156 +157 +158 -159 +219 +220 +221 +222 +223 +224 +225 +193 +194 +195 +196 +197 +198 +193 +194 +195 +196 +197 +198 +193 +194 +195 +196 +197 +198 +237 -236 -235 -234 -233 -232 -231 -230 +100 +101 -229 +238 +239 +240 +241 +242 +98 +99 +102 +103 +104 +105 +106 +107 -203 -202 -246 -201 -200 -199 -192 -191 -190 -189 -188 -187 -21 -186 +245 -185 -184 -183 +175 +176 +177 +178 +179 +180 +181 +182 -174 -173 -172 -171 -170 -169 -168 -167 -166 -165 +111 $
>BUMA.0521.00015.2
+25 +26 +27 +28 -88 -244 -243 -15 -14 -13 -12 +38 +39 +40 +41 +92 +63 +97 +37 -11 -10 -9 -8 -7 -6 -5 +55 +56 +57 -3 -2 +58 +59 +60 +61 +62 +72 +73 -64 -68 -67 -66 -65 +74 +75 +78 +79 +80 +1 -54 -53 -52 -51 -50 -49 -48 -47 +84 +85 +86 -46 +87 -45 -44 -43 -42 -36 -35 -34 -33 -32 -31 -30 -29 +18 +19 +20 +21 +22 +17 -91 -90 -89 +23 +24 $
>BUMA.0521.00030.1
-159 +146 +135 -145 -144 -134 -133 -132 -161 -160 +127 +128 +129 +130 +131 +162 +163 +164 -110 -109 +173 +174 +175 +204 +205 +206 +207 +208 +209 +210 +211 +212 +213 +214 +246 +201 +215 +216 +217 +218 +219 +220 +221 +222 +223 +224 +225 +193 +194 +195 +196 +197 +198 -237 -236 -235 -234 -233 -232 -231 -230 +100 +101 -229 +238 +239 +240 +241 +242 +98 +99 +102 +103 +104 +105 +106 +107 -203 -202 -200 -199 -192 -191 -190 -189 -188 -187 -21 -186 -185 -184 -183 -182 -181 -180 -179 -178 -177 -176 +108 -172 -171 -170 -169 -168 -167 -166 -165 +111 +112 +113 +114 +115 +116 +117 +118 +119 +120 +121 +122 +123 +124 +125 +126 +159 -158 -157 -156 -155 -154 -153 -152 -151 -147 -143 -142 -141 -140 -139 -138 +136 +137 -150 -149 -148 +158 $
>BUMA.0521.00008.1
+241 +242 +98 +99 +100 +101 +102 +103 +104 +105 +106 +107 +108 +109 +110 +111 +112 +113 +114 +115 +116 +117 +118 +119 +120 +121 +122 +123 +124 +125 +126 +127 +128 +129 +130 +131 +132 +133 +134 +135 +136 +137 +138 +139 +140 +141 +142 +143 +144 +145 +146 +147 +148 +149 +150 +151 +152 +153 +154 +155 +156 +157 +158 +159 +160 +161 +162 +163 +164 +165 +166 +167 +168 +169 +170 +171 +172 +173 +174 +175 +176 +177 +178 +179 +180 +181 +182 +183 +184 +185 +186 +21 +187 +188 +189 +190 +191 +192 +193 +194 +195 +196 +197 +198 +199 +200 +201 +202 +203 +204 +205 +206 +207 +208 +209 +210 +211 +212 +213 +214 +215 +216 +217 +218 +219 +220 +221 +222 +223 +224 +225 +226 +227 +228 +229 +230 +231 +232 +233 +234 +235 +236 +237 +238 +239 +240 $
>BUMA.0521.00016.2
+25 +26 +27 +28 -88 -244 -243 -15 -14 -13 -12 +38 +39 +40 +41 +92 +63 +97 -9 -8 -7 -6 -5 +55 +56 +57 -3 -2 +58 +59 +60 +61 +62 +81 +82 +83 +72 +73 -64 -68 -67 -66 -65 +74 +75 +78 +79 +80 +1 -54 -53 -52 -51 -50 -49 -48 -47 +84 +85 +86 -46 +87 -45 -44 -43 -42 -36 -35 -34 -33 -32 -31 -30 -29 +18 +19 +20 +21 +22 +17 -91 -90 -89 +23 +24 $
>BUMA.0521.00027.1
+129 +130 +131 +132 +133 -124 -123 -122 -121 -120 -119 -118 -117 +134 +147 +156 +157 +158 -159 -126 -125 +162 +163 +164 -110 -109 -108 +204 +205 +206 +207 +208 +209 +210 +211 +212 +213 +214 +215 +216 +217 +218 +219 +220 +221 +222 +223 +224 +225 +193 +194 +195 +196 +197 +198 +237 -236 -235 -234 -233 -232 -231 -230 +100 +101 -229 +238 +239 +240 +241 +242 +98 +99 +102 +103 +104 +105 +106 +107 -203 -202 -246 -201 -200 -199 -192 -191 -190 -189 -188 -187 -21 -186 +245 -185 -184 -183 +175 +177 +178 +179 +180 +181 +182 -174 -173 -172 -171 -170 -169 -168 -167 -166 -165 +111 +112 +113 +114 +115 +116 -161 -160 +127 -145 -144 -143 -142 -141 -140 -139 -138 -137 -136 -135 -146 -155 -154 -153 -152 -151 -150 -149 -148 +128 +129 +130 -149 $
>BUMA.0521.00022.1
+112 +113 +114 +115 +116 -161 -160 +127 -145 -144 -143 -142 -141 -140 -139 -138 -137 -136 -135 -146 -155 -154 -153 -152 -151 -150 -149 -148 +128 +129 +128 +129 +130 +131 +132 +133 -124 -123 -122 -121 -120 -119 -118 -117 +134 +147 +156 +157 +158 -159 -126 -125 +162 +163 +164 -110 -109 -108 +204 +205 +206 +207 +208 +209 +210 +211 +212 +213 +214 +215 +216 +217 +218 +219 +220 +221 +222 +223 +224 +225 +193 +194 +195 +196 +197 +198 +237 -236 -235 -234 -233 -232 -231 -230 +100 +101 -229 +238 +239 +240 +241 +242 +98 +99 +102 +103 +104 +105 +106 +107 -203 -202 -246 -201 -200 -199 -192 -191 -190 -189 -188 -187 -21 -186 +245 -185 -184 -183 +175 +176 +177 +178 +179 +180 +181 +182 -174 -173 -172 -171 -170 -169 -168 -167 -166 -165 -166 -165 -166 -165 +111 $
>BUMA.0521.00031.2
+25 +26 +27 +28 -88 -244 -243 -22 -21 -20 -19 -18 +29 +30 +31 +32 +33 +34 +35 +93 +94 +65 +95 +96 +63 +37 -11 -10 -9 -8 -7 -6 -5 -1 -80 -79 +55 +56 +57 -74 +65 +66 +67 +68 +69 +70 +71 +72 +73 -64 +77 +78 -83 -82 -81 -62 -61 -60 -59 +2 +3 +75 -54 -53 -52 -51 -50 -49 -48 -47 +84 +85 +86 -46 +87 -45 -44 -43 -42 -36 -92 -41 -40 -39 -38 +12 +13 +14 +15 +16 +17 -91 -90 -89 +23 +24 $
>BUMA.0521.00023.2
+25 +26 +27 +28 -88 -244 -243 -15 -14 -13 -12 +38 +39 +40 +41 +92 +63 +97 -9 -8 -7 -6 -5 +55 +56 +57 -3 -2 +58 +59 +60 +61 +62 +81 +82 +83 +72 +73 -64 -68 -67 -66 -65 +74 +75 +78 +79 +80 +1 -54 -53 -52 -51 -50 -49 -48 -47 +84 +85 +86 -46 +87 -45 -44 -43 -42 -36 -35 -34 -33 -32 -31 -30 -29 +18 +19 +20 +21 +22 +17 -91 -90 -89 +23 +24 $
>BUMA.0521.00005.2
+54 +55 +56 -57 -3 -2 +58 +59 +60 +61 +62 +81 +82 +83 +72 +73 -64 -71 -70 -69 -68 -67 -66 -65 +74 +75 +78 +79 +80 +1 +5 +6 +7 +8 +9 +10 +11 -37 -97 -63 -96 -95 -65 -94 -93 -92 -41 -40 -39 -38 +12 +13 +14 +15 +16 +17 -91 -90 -89 +23 +24 +25 +26 +27 +28 -88 -244 -243 -22 -21 -20 -19 -18 +29 +30 +31 +32 +33 +34 +35 +36 +42 +43 +44 +45 -87 +46 -86 -85 -84 +47 +48 +49 +50 +51 +52 +53 $
>BUMA.0521.00017.2
+25 +26 +27 +28 -88 -244 -243 -22 -21 -20 -19 -18 +29 +30 +31 +32 +33 +34 +35 +36 +42 +43 +44 +45 -87 +46 -86 -85 -84 +47 +48 +49 +50 +51 +52 +53 +54 +55 +56 -57 -3 -2 +58 +59 +60 +61 +62 +81 +82 +83 +72 +73 -64 -71 -70 -69 -68 -67 -66 -65 +74 +75 +78 +79 +80 +1 +5 +6 +7 +8 +9 +10 +11 -37 -97 -63 -96 -95 -65 -94 -93 -92 -41 -40 -39 -38 +12 +13 +14 +15 +16 +17 -91 -90 -89 +23 +24 $
>BUMA.0521.00007.2
-10 -9 -8 -7 -6 -5 -4 -3 -2 -1 -80 -78 -77 -76 -75 -74 +96 +63 +97 +93 +94 +65 +66 +67 +68 +69 +70 +71 +72 +73 -64 -83 -82 -81 -62 -61 -60 -59 -58 -57 -56 -55 -54 -53 -52 -51 -50 -49 -48 -47 -46 -45 -44 -43 -42 -35 -34 -33 -32 -31 -30 -29 -91 -90 -89 +243 +88 -27 -26 -25 -24 -23 -22 -21 -20 -19 -18 -17 -16 -15 -14 -13 -12 +39 +40 +41 +36 -11 $
>BUMA.0521.00020.1
+112 +113 +114 +115 +116 -161 -160 +127 -145 -144 -143 -142 -141 -140 -139 -138 -137 -136 -135 -146 -155 -154 -153 -152 -151 -150 -149 -148 +128 +129 +128 +129 +130 +131 +132 +133 -124 -123 -122 -121 -120 -119 -118 -117 +134 +147 +156 +157 +158 -159 -126 -125 +162 +163 +164 -110 -109 -108 +204 +205 +206 +207 +208 +209 +210 +211 +212 +214 +214 +214 +214 +215 +216 +217 +218 +219 +220 +221 +222 +223 +224 +225 +193 +194 +195 +196 +197 +198 +237 -236 -235 -234 -233 -232 -231 -230 +100 +101 -229 +238 +239 +240 +241 +242 +98 +99 +102 +103 +104 +105 +106 +107 -203 -202 -246 -201 -200 -199 -192 -191 -190 -189 -188 -187 -21 -186 +245 -185 -184 -183 +175 +176 +177 +178 +179 +180 +181 +182 -174 -173 -172 -171 -170 -169 -168 -167 -166 -166 -165 +111 $
>BUMA.0521.00021.1
+112 +113 +114 +115 +116 -161 -160 +127 -145 -144 -143 -142 -141 -140 -139 -138 -137 -136 -135 -146 -155 -154 -153 -152 -151 -150 -149 -148 +128 +129 +128 +129 +130 +131 +132 +133 -124 -123 -122 -121 -120 -119 -118 -117 +134 +147 +156 +157 +158 -159 -126 -125 +162 +163 +164 -110 -109 -108 +204 +205 +206 +207 +208 +209 +210 +211 +212 +213 +214 +215 +216 +217 +218 +219 +220 +221 +222 +223 +224 +225 +193 +194 +195 +196 +197 +198 +237 -236 -235 -234 -233 -232 -231 -230 +100 +101 -229 +238 +239 +240 +241 +242 +98 +99 +102 +103 +104 +105 +106 +107 -203 -202 -246 -201 -200 -199 -192 -191 -190 +245 -185 -184 -183 +175 +176 +177 +178 +179 +180 +181 +182 -174 -173 -172 -171 -170 -169 -168 -167 -166 -165 -166 -165 -166 -165 +111 $
>BUMA.0521.00017.1
+112 +172 +173 +174 +175 +176 +177 +178 +179 +180 +181 +182 +183 +213 +214 +215 +216 +217 +218 +219 +220 +221 +222 +223 +224 +225 +193 +194 +195 +196 +197 +198 +229 -101 -100 +230 +231 +232 +233 +234 +235 +236 -237 +238 +239 +240 +241 +242 +98 +99 +102 +103 +104 +105 +106 +107 -203 -202 -246 -201 -200 -199 -192 -191 -190 -189 -188 -187 -21 -186 +245 -185 -184 -212 -211 -210 -209 -208 -207 -206 -205 -204 +108 +164 -110 -109 -163 -162 +125 +126 +165 +166 +165 +166 +167 +168 +169 +170 +171 +113 +114 +115 +116 -161 -160 +127 +124 +148 +149 -152 -151 -150 +153 +154 +155 +133 +134 +144 +145 +138 +139 +140 +141 +142 +143 +147 -137 -136 -135 -146 -132 -131 -130 -129 -128 -123 -122 -121 -120 -119 -118 -117 +156 +157 +158 -159 +111 $
>BUMA.0521.00023.1
+112 +113 +114 +115 +116 -161 -160 +127 -145 -144 -143 -142 -141 -140 -139 -138 -137 -136 -135 -146 -155 -154 -153 -152 -151 -150 -149 -148 +128 +129 +130 -149 -148 +128 +129 +130 +131 +132 +133 -124 -123 -122 -121 -120 -119 -118 -117 +134 +147 +156 +157 +158 -159 -126 -125 +162 +163 +164 -110 -109 -108 +204 +205 +206 +207 +208 +209 +210 +211 +212 +213 +214 +215 +216 +217 +218 +219 +220 +221 +222 +223 +224 +225 +193 +194 +195 +196 +197 +198 +237 -236 -235 -234 -233 -232 -231 -230 +100 +101 -229 +238 +239 +240 +241 +242 +98 +99 +102 +103 +104 +105 +106 +107 -203 -202 -246 -201 -200 -199 -192 -191 -190 -189 -188 -187 -21 -186 +245 -185 -184 -183 +175 +177 +178 +179 +180 +181 +182 -174 -173 -172 -171 -170 -169 -168 -167 -166 -165 +111 $
>BUMA.0521.00032.2
+85 +86 -46 +87 -45 -44 -43 -42 -36 -35 -34 -33 -32 -31 -30 -29 +18 +19 +20 +21 +22 +243 +244 +88 -28 -27 -26 -25 -24 -23 +89 +90 +91 -17 -16 -15 -14 -13 -12 +38 +39 +40 +41 +92 +93 +94 +65 +95 +96 +63 -57 -3 -2 +58 +59 +60 +61 +62 +81 +82 +83 +72 +73 -64 -71 -70 -69 -68 -67 -66 -65 +74 +75 +78 +79 +80 +1 +5 +6 +7 +8 +9 +10 +11 -37 -97 -56 -55 -54 -53 -52 -51 -50 -49 -48 -47 +84 $
>BUMA.0521.00001.1
+170 +171 -172 +173 +174 -182 -181 -180 -179 -178 -177 -176 -175 +183 +184 +185 -245 +186 +21 +187 +188 +189 +190 +191 +192 +199 +200 +201 +222 +223 +224 +225 +193 +194 +195 +196 +197 +198 +226 +227 +228 -237 -236 -235 -234 -233 -232 +100 +101 -229 +238 +239 +240 +241 +242 +98 +99 +102 +103 +104 +105 +106 +107 -203 -202 -219 -218 -217 -216 -215 -214 -213 -212 -211 -210 -209 -208 -207 -206 -205 +204 +108 +164 -110 -109 -163 -162 -161 -160 +127 +128 +129 +130 +131 +159 -158 -157 -156 +151 +152 +153 +154 +155 -149 -148 +146 +135 +136 +137 +138 +139 +140 +141 +142 +143 +147 +246 -221 -220 -145 -144 -134 -133 +117 +118 +119 +120 +121 +122 +123 +124 +125 +111 +112 +113 +114 +115 +116 -132 -126 +165 +166 +167 +168 +169 $
>BUMA.0521.00019.2
+25 +26 +27 +28 -88 -244 -243 -15 -14 -13 -12 +38 +39 +40 +41 +92 +63 +97 +37 -11 -10 -9 -8 -7 -6 -5 +55 +56 +57 -3 -2 +58 +59 +60 +61 +62 +72 +73 -64 -68 -67 -66 -65 +74 +75 +78 +79 +80 +1 -54 -53 -52 -51 -50 -49 -48 -47 +84 +85 +86 -46 +87 -45 -44 -43 -42 -36 -35 -34 -33 -32 -31 -30 -29 +18 +19 +20 +21 +22 +17 -91 -90 -89 +23 +24 $
>BUMA.0521.00024.2
+25 +26 +210 +211 +212 +213 +214 +215 +216 +217 +218 -126 -125 +162 +163 +164 -110 -109 -108 +204 +205 +206 +207 +208 +209 +27 +28 -88 -244 -243 -15 -14 -13 -12 +38 +39 +40 +41 +92 +63 +97 +37 -11 -10 -9 -8 -7 -6 -5 +55 +56 +57 -3 -2 +58 +59 +60 +61 +62 +81 +82 +83 +72 +73 -64 -68 -67 -66 -65 +74 +75 +78 +79 +80 +1 -48 -47 +84 +85 +86 -46 +87 -45 -44 -43 -42 -36 -35 -34 -33 -32 -31 -30 -29 +18 +19 +20 +21 +22 +17 -91 -90 -89 +23 +24 $
>BUMA.0521.00019.1
+112 +113 +114 +115 +116 -161 -160 +127 -145 -144 -143 -142 -141 -140 -139 -138 -137 -136 -135 -146 -155 -154 -153 -152 -151 -150 -149 -148 +128 +129 +128 +129 +128 +129 +130 +131 +132 +133 -124 -123 -122 -121 -120 -119 -118 -117 +134 +147 +156 +157 +158 -159 -126 -125 +162 +163 +164 -110 -109 -108 +204 +205 +206 +207 +208 +209 +210 +211 +212 +213 +214 +215 +216 +217 +218 +219 +220 +221 +222 +223 +224 +225 +193 +194 +195 +196 +197 +198 +237 -236 -235 -234 -233 -232 -231 -230 +100 +101 -229 +238 +239 +240 +241 +242 +98 +99 +102 +103 +104 +105 +106 +107 -203 -202 -246 -201 -200 -199 -192 -191 -190 -189 -188 -187 -21 -186 +245 -185 -184 -183 +175 +176 +177 +178 +179 +180 +181 +182 -174 -173 -172 -171 -170 -169 -168 -167 -166 -165 -166 -165 +111 $
>BUMA.0521.00016.1
+112 +113 +114 +115 +116 -161 -160 +127 -145 -144 -143 -142 -141 -140 -139 -138 -137 -136 -135 -146 -155 -154 -153 -152 -151 -150 -149 -148 +128 +129 +130 +131 +132 +133 -124 -123 -122 -121 -120 -119 -118 -117 +134 +147 +156 +157 +158 -159 -126 -125 +162 +163 +164 -110 -109 -108 +204 +205 +206 +207 +208 +209 +210 +211 +212 +213 +214 +215 +216 +217 +218 +219 +220 +221 +222 +223 +224 +225 +193 +194 +195 +196 +197 +198 +237 -236 -235 -234 -233 -232 -231 -230 +100 +101 -229 +238 +239 +240 +241 +242 +98 +99 +102 +103 +104 +105 +106 +107 -203 -202 -246 -201 -200 -199 -192 -191 -190 -189 -188 -187 -21 -186 +245 -185 -184 -183 +175 +177 +178 +179 +180 +181 +182 -174 -173 -172 -171 -170 -169 -168 -167 -166 -165 +111 $
>BUMA.0521.00026.2
-43 -42 -36 -35 -34 -33 -32 -31 -30 -29 +18 +19 +20 +21 +22 +17 -91 -90 -89 +23 +24 +25 +26 +27 +28 -13 -12 +38 +39 +40 +41 +92 +63 +97 +37 -11 -10 -9 -8 -7 -6 -5 +57 -3 -2 +58 +59 +60 +61 +62 +81 +82 +83 +72 +73 -64 -68 -67 -66 -65 +74 -48 -47 +84 +85 +86 -46 +87 -45 -44 $
>BUMA.0521.00018.2
-24 -23 +89 +90 +91 -17 -16 -15 -14 -13 -12 +38 +39 +40 +41 +92 +36 +42 +43 +44 +45 -87 +46 -86 -85 -84 +47 +48 +49 +50 +51 +52 +53 +54 -75 -3 -2 +59 +60 +61 +62 +81 +82 +83 -78 -77 +64 -73 -72 -71 -70 -69 -68 -67 -66 -65 +74 -57 -56 -55 +79 +80 +1 +5 +6 +7 +8 +9 +10 +11 -37 -63 -96 -95 -65 -94 -93 -35 -34 -33 -32 -31 -30 -29 +18 +19 +20 +21 +22 +243 +244 +88 -28 -27 -26 -25 $
>BUMA.0521.00012.2
+61 +62 +81 +82 +83 -79 -78 -75 -74 +65 +66 +67 +68 +64 -73 -72 +80 +1 +5 +6 +7 +8 +9 +10 +11 -48 -47 +84 +85 +86 -46 +87 -45 -44 -43 -42 -36 -33 -32 -31 -30 -29 +18 +19 +20 +21 +22 +243 +244 +88 -28 -27 -26 -25 -24 -23 +89 +90 +91 -17 -16 -15 -14 -13 -12 +38 +39 +40 +41 +92 +93 +94 +65 +95 +96 +63 -57 -3 -2 +58 +59 +60 $
>BUMA.0521.00025.1
+112 +113 +114 +115 +116 -132 -126 +165 +166 +167 +168 +169 +170 +171 -172 +173 +174 -182 -181 -180 -179 -178 -177 -176 -175 +183 +184 +185 -245 +186 +21 +187 +188 +189 +190 +191 +192 +199 +200 +201 +222 +223 +224 +225 +193 +194 +195 +196 +197 +198 +226 +227 +228 -237 -236 -235 -234 -233 -232 +100 +101 -229 +238 +239 +240 +241 +242 +98 +99 +102 +103 +104 +105 +106 +107 -203 -202 -219 -218 -217 -216 -215 -214 -213 -212 -211 -210 -209 -208 -207 -206 -205 +204 +108 +164 -110 -109 -163 -162 -161 -160 +127 +128 +129 +130 +131 +159 -158 -157 -156 +151 +152 +153 +154 +155 -149 -148 +146 +135 +136 +137 +138 +139 +140 +141 +142 +143 +147 +246 -221 -220 -145 -144 -134 -133 +117 +118 +119 +120 +121 +122 +123 +124 +125 +111 $
>BUMA.0521.00030.2
+72 +73 -64 -83 -82 -81 -62 -61 -60 -59 +2 +3 -69 -68 -67 -66 -65 +74 +75 +80 +1 -63 -96 -95 -65 -94 -93 -92 -41 -40 -39 -38 +12 +13 +14 +15 +16 +17 -91 -90 -89 +23 +24 +25 +26 +27 +28 -88 -244 -243 -22 -21 -20 -19 -18 +29 +30 +31 +32 +33 +36 +42 +43 +44 +45 +57 +55 +56 $
>BUMA.0521.00031.1
+112 +113 +114 +115 +116 -132 -126 +165 +166 +167 +168 +169 +170 +171 -172 +173 +174 -182 -181 -180 -179 -178 -177 -176 -175 +183 +184 +185 -245 +186 +21 +187 +188 +189 +190 +191 +192 +199 +200 +201 +222 +223 +224 +225 +193 +194 +195 +196 +197 +198 +226 +227 +228 -237 -236 -235 -234 -233 -232 +100 +101 -229 +238 +239 +240 +241 +242 +98 +99 +102 +103 +104 +105 +106 +107 -203 -202 -219 -218 -217 -216 -215 -214 -213 -212 -211 -210 -209 -208 -207 -206 -205 +204 +108 +164 -110 -109 -163 -162 -161 -160 +127 +128 +129 +130 +131 +159 -158 -157 -156 +151 +152 +153 +154 +155 -149 -148 +146 +135 +136 +137 +138 +139 +140 +141 +142 +143 +147 +246 -221 -220 -145 -144 -134 -133 +117 +118 +119 +120 +121 +122 +123 +124 +125 +111 $
>BUMA.0521.00029.2
-15 -14 -13 -12 +38 +39 +40 +41 +92 +36 +42 +43 +44 +45 -87 +46 -86 -85 -84 +47 +48 +49 +50 +51 +52 +53 +54 -75 -3 -2 +59 +60 +61 +62 +81 +82 +83 -78 -77 +64 -73 -72 -71 -70 -69 -68 -67 -66 -65 +74 -57 -56 -55 +79 +80 +1 +5 +6 +7 +8 +9 +10 +11 -37 -63 -96 -95 -65 -94 -93 -35 -34 -33 -32 -31 -30 -29 +18 +19 +20 +21 +22 +243 +244 +88 -28 -27 -26 -25 -24 -23 +89 +90 +91 -17 -16 $
>BUMA.0521.00006.1
+110 -164 -163 -162 -131 -130 -129 -128 -127 +160 +161 +132 +133 +134 +144 +145 -135 -146 +148 +149 +150 -137 -136 +138 +139 +140 +141 +142 +143 +147 +151 +152 +153 +154 +155 +156 +157 +158 -159 -126 -125 -124 -123 -122 -121 -120 -119 -118 -117 -116 -115 -114 -113 -112 -111 +174 +175 +204 +205 +206 +207 +208 +209 +210 +211 +212 +213 +214 +246 +201 +215 +216 +217 +218 +219 +220 +221 +222 +223 -101 -100 +230 +231 +232 +233 +234 +235 +236 +237 -228 -227 -226 -198 -197 -196 -195 -194 -193 -225 -224 -229 +238 +239 +240 +241 +242 +98 +99 +102 +103 +104 +105 +106 +107 -203 -202 -200 -199 -192 -191 -190 -189 -188 -187 -21 -186 -245 -185 -184 -183 -182 -181 -180 -179 -178 -177 -176 +108 -172 -171 -170 -169 -168 -167 -166 -165 -173 +109 $
>BUMA.0521.00029.1
-21 -186 +245 -185 -184 -183 +175 +176 +177 +178 +179 +180 +181 +182 -174 -173 +172 -171 -170 -169 -168 -167 -166 -165 +126 +132 -116 -115 -114 -113 -112 -111 -125 -124 -123 -122 -121 -120 -119 -118 -117 +133 +134 +144 +145 +220 +221 -246 -147 -143 -142 -141 -140 -139 -138 -137 -136 -135 -146 +148 +149 -155 -154 -153 -152 -151 +156 +157 +158 -159 -131 -130 -129 -128 -127 +160 +161 +162 +163 +109 +110 -164 -108 -204 +205 +206 +207 +208 +209 +210 +211 +212 +213 +214 +215 +216 +217 +218 +219 +202 +203 -107 -106 -105 -104 -103 -102 -99 -98 -242 -241 -240 -239 -238 +229 -101 -100 +232 +233 +234 +235 +236 +237 -228 -227 -226 -198 -197 -196 -195 -194 -193 -225 -224 -223 -222 -201 -200 -199 -192 -191 -190 -189 -188 -187 -21 -186 -185 $
>BUMA.0521.00018.1
+112 +113 +114 +115 +116 -132 -126 +165 +166 +167 +168 +169 +170 +171 -172 +173 +174 -182 -181 -180 -179 -178 -177 -176 -175 +183 +184 +185 -245 +186 +21 +187 +188 +189 +190 +191 +192 +199 +200 +201 +222 +223 +224 +225 +193 +194 +195 +196 +197 +198 +226 +227 +228 -237 -236 -235 -234 -233 -232 +100 +101 -229 +238 +239 +240 +241 +242 +98 +99 +102 +103 +104 +105 +106 +107 -203 -202 -219 -218 -217 -216 -215 -214 -213 -212 -211 -210 -209 -208 -207 -206 -205 +204 +108 +164 -110 -109 -163 -162 -161 -160 +127 +128 +129 +130 +131 +159 -158 -157 -156 +151 +152 +153 +154 +155 -149 -148 +146 +135 +136 +137 +138 +139 +140 +141 +142 +143 +147 +246 -221 -220 -145 -144 -134 -133 +117 +118 +119 +120 +121 +122 +123 +124 +125 +111 $
>BUMA.0521.00022.2
+25 +26 +27 +28 -88 -244 -243 -15 -14 -13 -12 +38 +39 +40 +41 +92 +63 +97 +37 -9 -8 -7 -6 -5 +55 +56 +57 -3 -2 +58 +59 +60 +61 +62 +81 +82 +83 +72 +73 -64 -68 -67 -66 -65 +74 +75 +78 +79 +80 +1 -54 -53 -52 -51 -50 -49 -48 -47 +84 +85 +86 -46 +87 -45 -44 -43 -42 -36 -35 -34 -33 -32 -31 -30 -29 +18 +19 +20 +21 +22 +17 -91 -90 -89 +23 +24 $
>BUMA.0521.00032.1
+121 +122 +123 +128 +129 +130 +131 +132 +146 +135 +136 +137 -147 -143 -142 -141 -140 -139 -138 -145 -144 -134 -133 -155 -154 -153 +150 +151 +152 -149 -148 -124 -127 +160 +161 -116 -115 -114 -113 -171 -170 -169 -168 -167 -166 -165 -126 -125 +162 +163 +109 +110 -164 -108 +204 +205 +206 +207 +208 +209 +210 +211 +212 +184 +185 -245 +186 +21 +187 +188 +189 +190 +191 +192 +199 +200 +201 +246 +202 +203 -107 -106 -105 -104 -103 -102 -99 -98 -242 -241 -240 -239 -238 +237 -236 -235 -234 -233 -232 -231 -230 +100 +101 -229 -198 -197 -196 -195 -194 -193 -225 -224 -223 -222 -221 -220 -219 -218 -217 -216 -215 -214 -213 -183 -182 -181 -180 -179 -178 -177 -176 -175 -174 -173 -172 -112 -111 +159 -158 -157 -156 +117 +118 +119 +120 $
>BUMA.0521.00026.1
+198 +193 +194 +195 +196 +197 +198 +237 -236 -235 -234 -233 -232 -231 -230 +100 +101 -229 +238 +239 +240 +241 +242 +98 +99 +102 +103 +104 +105 +106 +107 -203 -202 -246 -201 -200 -199 -192 -191 -190 -189 -188 -187 -21 -186 -185 -184 -183 +175 +176 +177 +178 +179 +180 +181 +182 -174 -173 -172 -171 -170 -169 -168 -167 -166 -165 +111 +112 +113 +114 +115 +116 -161 -160 +127 -145 -144 -143 -142 -141 -140 -139 -138 -137 -136 +148 +149 +150 +151 +152 +153 +154 +155 +146 +135 +128 +129 +130 +131 +132 +133 -124 -123 -122 -121 -120 -119 -118 -117 +134 +147 +156 +157 +158 -159 -126 -125 +162 +163 +164 -110 -109 -108 +204 +205 +206 +207 +208 +209 +210 +211 +212 +213 +214 +215 +216 +217 +218 +219 +220 +221 +222 +223 +224 +225 +193 +194 $
>BUMA.0521.00003.1
-216 -215 -214 -213 -212 -211 -210 -209 -208 -207 -206 -205 -204 +108 +164 -110 -109 -163 -162 -161 -160 +127 +128 +129 +130 +131 +159 -158 -157 -156 -155 -154 -153 -152 -151 -149 -148 +146 +135 +136 +137 -147 -143 -142 -141 -140 -139 -138 -145 -144 -134 -133 +117 +118 +119 +120 +121 +122 +123 -112 -111 +165 +166 +167 +168 -132 -126 -125 -124 +113 +114 +115 +116 +169 +170 +171 +172 +173 +174 -182 -181 -180 -179 -178 -177 -176 -175 +183 +184 +185 -245 +186 +21 +187 +188 +189 +190 +191 +192 +199 +200 +201 -246 +220 +221 +222 +223 +224 +225 +193 +194 +195 +196 +197 +198 -98 -242 -241 -240 -239 -238 +229 -101 -100 +232 +233 +234 +235 +236 +237 -228 -227 -226 +99 +102 +103 +104 +105 +106 +107 -203 -202 -219 -218 -217 $
>BUMA.0521.00028.1
-158 -157 -156 -155 -154 -153 -152 -151 -147 -143 -142 -141 -140 -139 -138 +136 +137 -150 -149 -148 +158 -159 +146 +135 -145 -144 -134 -133 -132 -161 -160 +127 +128 +129 +130 +131 +162 +163 +164 -110 -109 +173 +174 +175 +204 +205 +206 +207 +208 +209 +210 +211 +212 +213 +214 +246 +201 +215 +216 +217 +218 +219 +220 +221 +222 +223 +224 +225 +193 +194 +195 +196 +197 +198 -237 -236 -235 -234 -233 -232 -231 -230 +100 +101 -229 +238 +239 +240 +241 +242 +98 +99 +102 +103 +104 +105 +106 +107 -203 -202 -200 -199 -192 -191 -190 -189 -188 -187 -21 -186 -185 -184 -183 -182 -181 -180 -179 -178 -177 -176 +108 -172 -171 -170 -169 -168 -167 -166 -165 +111 +112 +113 +114 +115 +116 +117 +118 +119 +120 +121 +122 +123 +124 +125 +126 +159 $
>BUMA.0521.00011.1
-154 -153 +150 +151 +152 -149 -148 +156 +157 +158 -159 -126 -125 -124 -123 -122 -121 -120 -119 -118 -117 -116 -115 -114 -113 -112 -111 +165 +166 +167 +168 +169 +170 +171 +172 +173 +174 +204 +205 +206 +207 +208 +209 +210 +211 +212 +184 +185 -245 +186 +21 +187 +188 +189 +190 +191 +192 +199 +200 +201 +246 +202 +203 -107 -106 -105 -104 -103 -102 -99 -98 -242 -241 -240 -239 -238 -237 -236 -235 -234 -233 -232 -231 -230 +100 +101 -229 -198 -197 -196 -195 -194 -193 -225 -224 -223 -222 -221 -220 -219 -218 -217 -216 -215 -214 -213 -183 -182 -181 -180 -179 -178 -177 -176 -175 +108 -110 -109 -163 -162 -161 -160 +127 +128 +129 +130 +131 +132 +133 +134 +144 +145 -147 -143 -142 -141 -140 -139 -138 -137 -136 -135 -146 -155 $
>BUMA.0521.00025.2
-24 -23 +89 +90 +91 -17 -16 -15 -14 -13 -12 +38 +39 +40 +41 +92 +36 +42 +43 +44 +45 -87 +46 -86 -85 -84 +47 +48 +49 +50 +51 +52 +53 +54 -75 -3 -2 +59 +60 +61 +62 -78 -77 +64 -73 -72 -71 -70 -69 -68 -67 -66 -65 +74 -57 -56 -55 +79 +80 +1 +5 +6 +7 +8 +9 +10 +11 -37 -63 -96 -95 -65 -94 -93 -35 -34 -33 -32 -31 -30 -29 +18 +19 +20 +21 +22 +243 +244 +88 -28 -27 -26 -25 $
>BUMA.0521.00028.2
-89 +23 +24 +25 +26 +27 +28 -88 -244 -243 -22 -21 -20 -19 -18 +29 +30 +31 +32 +33 +36 +42 +43 +44 +45 +57 +55 +56 +72 +73 -64 -83 -82 -81 -62 -61 -60 -59 +2 +3 -69 -68 -67 -66 -65 +74 +75 +80 +1 -63 -96 -95 -65 -94 -93 -92 -41 -40 -39 -38 +12 +13 +14 +15 +16 +17 -91 -90 $
