>BUMA.0521.00010.2
+1 +2 +3 +4 +5 +6 +7 +8 +9 +10 +11 +12 +13 +14 +15 +16 +17 +18 +19 +20 +21 +22 +23 +24 +25 +26 +27 +28 +29 +30 +31 +32 +33 +34 +35 +36 +37 +38 +39 +40 +41 +42 +43 +44 +45 +46 +47 +48 +49 +50 +51 +52 +53 +54 +55 +56 +57 +58 +59 +60 +61 +62 +63 +64 +65 +66 +67 +68 +69 +70 +71 $
>BUMA.0521.00011.2
-7 -6 -5 -1 -71 -3 -2 +51 +52 +53 +54 +55 +72 +73 +74 +64 +65 -57 -63 -62 -61 -60 -59 -58 +66 +67 +69 +70 +50 -49 -48 -47 -46 -45 -44 +75 +76 -43 +77 -42 -41 -40 -39 -33 -32 -31 -30 -29 -28 -27 -26 +18 +19 +20 +21 +78 -25 -24 -23 -22 +79 +80 +81 -17 -16 -15 -14 -13 -12 +35 +36 +37 +38 +82 +83 +84 +58 +85 +86 +56 +87 +34 -11 -10 -9 -8 $
>BUMA.0521.00012.1
+88 +89 +90 +91 +92 +93 +94 +95 +96 +97 +98 +99 +100 +101 +102 +103 +104 +105 +106 +107 +108 +109 +110 +111 +112 +113 +114 +115 +116 +117 +118 +119 +120 +121 +122 +123 +124 +125 +126 +127 +128 +129 +130 +131 +132 +133 +134 +135 +136 +137 +138 +139 +140 +141 +142 +143 +144 +145 +146 +147 +148 +149 +150 +151 +152 +153 +154 +155 +156 +157 +158 +159 +160 +161 +162 +163 +164 +165 +166 +167 +168 +169 +170 +171 +172 +173 +174 +175 +176 +177 +178 +179 +180 +181 +182 +183 +184 +185 +186 +187 +188 +189 +190 +191 +192 +193 +194 +195 +196 +197 +198 +199 +200 +201 +202 +203 +204 +205 +206 +207 +208 +209 +210 +211 +212 +213 +214 +215 $
>BUMA.0521.00008.2
-43 +77 -42 -41 -40 -39 -33 -30 -29 -28 -27 -26 +18 +19 +20 +21 +216 +217 +78 -25 -24 -23 -22 +79 +80 +81 -17 -16 -15 -14 -13 -12 +35 +36 +37 +38 +82 +83 +84 +58 +85 +86 +56 -50 -3 -2 +51 +52 +53 +54 +55 +72 +73 +74 -70 -69 -67 -66 +58 +59 +60 +57 -65 -64 +71 +1 +5 +6 +7 +8 +9 +10 +11 -44 +75 +76 $
>BUMA.0521.00009.2
+23 +24 +25 -78 -217 -216 -15 -14 -13 -12 +35 +36 +37 +38 +82 +56 +87 +34 -11 -10 -9 -8 -7 -6 -5 +49 +50 -3 -2 +51 +52 +53 +54 +55 +64 +65 -57 -60 -59 -58 -60 -59 -58 +66 +67 +69 +70 +71 +1 -48 -47 -46 -45 -44 +75 +76 -43 +77 -42 -41 -40 -39 -33 -32 -31 -30 -29 -28 -27 -26 +18 +19 +20 +21 +17 -81 -80 -79 +22 $
>BUMA.0521.00009.1
+101 +102 +103 -145 -144 +114 -131 -130 -129 -128 -127 -126 -125 -124 -123 -122 -121 -139 -138 -137 -136 -135 -134 -133 +115 +116 +115 +116 +117 +118 +119 -111 -110 -109 -108 -107 -106 -105 -104 +120 +132 +140 +141 +142 -143 -113 -112 +146 +147 +148 -99 -98 +182 +183 +184 +185 +186 +187 +188 +189 +190 +191 +192 +193 +194 +195 +196 +197 +198 +199 +200 +173 +174 +175 +176 +177 -210 -209 -208 -207 -206 +90 +91 -204 +211 +212 +213 +214 +215 +88 +89 +92 +93 +94 +95 +96 +97 -181 -180 -179 -178 -172 -171 -170 -169 -168 -167 -166 +218 -165 -164 -163 +157 +158 +159 +160 +161 +162 -156 -155 -154 -153 -152 -151 -150 -149 -149 +100 $
>BUMA.0521.00010.1
-200 +199 -198 -197 -196 -195 -194 -193 -192 -191 +148 -99 -98 -190 +182 -156 -155 -154 -153 -152 -151 -150 -149 +100 +101 +102 +103 +104 +105 +106 +107 +108 +109 +110 +111 +112 +113 +118 -120 +130 +131 -123 -122 +124 -129 -128 -127 -126 -125 +132 +135 +136 +137 -134 -133 -139 -138 -121 +140 +141 +142 -143 -117 -116 -115 -114 +144 +145 +146 +147 +187 +188 +189 +183 +184 +185 +186 +157 +158 +159 +160 +161 +162 +163 +164 +165 +166 +167 +168 +169 +170 +171 +172 +178 +179 +219 +180 +181 -97 -96 -95 -94 -93 -92 -212 -211 +204 -91 -90 +205 +206 +207 +201 +202 +203 +220 -210 -209 +213 +214 +215 +88 +89 -208 -177 -176 -175 -174 -173 $
>BUMA.0521.00014.2
-22 +79 +80 +81 -17 -21 -20 -19 -18 +26 +27 +28 +29 +30 +31 +32 +33 +39 +40 +41 +42 -77 +43 -76 -75 +44 +45 +46 +47 +48 -1 -71 -70 -69 -67 -66 +58 +59 +60 +57 -65 -64 -74 -73 -72 -55 -54 -53 -52 -51 +2 +3 -50 -49 +5 +6 +7 +8 +9 -87 -56 -82 -38 -37 -36 -35 +12 +13 +14 +15 +216 +217 +78 -25 -24 -23 $
>BUMA.0521.00015.1
+101 +102 +103 -145 -144 +114 -131 -130 -129 -128 -127 -126 -125 -124 -123 -122 -121 -139 -138 -137 -136 -135 -134 -133 +115 +116 +115 +116 +117 +118 +119 -111 -110 -109 -108 -107 -106 -105 -104 +120 +132 +140 +141 +142 -143 -113 -112 +146 +147 +148 -99 -98 +182 +183 +184 +185 +186 +187 +188 +189 +190 +191 +192 +193 +194 +195 +196 +197 +198 +199 +200 +173 +174 +175 +176 +177 -210 -209 -208 -207 -206 -205 +90 +91 -204 +211 +212 +213 +214 +215 +88 +89 +92 +93 +94 +95 +96 +97 -181 -180 -219 -179 -178 -172 -171 -170 -168 -167 -166 -168 -167 -166 -168 -167 -166 +218 -165 -164 -163 +157 +158 +159 +160 +161 +162 -156 -155 -154 -153 -152 -151 -150 -149 +100 $
>BUMA.0521.00013.1
+101 +102 +103 -139 -138 -137 -136 -135 -134 -133 +121 +117 +120 +104 +105 +106 +107 +108 +109 +110 +111 +112 +113 +118 +119 +125 +126 +127 +128 +129 +132 -131 -130 +140 +141 +142 -143 -124 -123 -122 -116 -115 -114 +144 +145 +146 +147 +99 -148 -98 +182 +183 +184 +185 +186 +187 +188 +189 +190 +191 +192 +193 +194 +195 +196 +197 +198 +199 +200 -88 -215 -214 -213 -212 -211 +176 +177 +201 +202 -210 -209 -208 -207 -206 -205 +90 +91 -204 -175 -174 -173 +89 +92 +93 +94 +95 +96 +97 -181 -180 -219 -179 -178 -172 -171 -170 -169 -168 -167 -166 +218 -165 -164 -163 -162 -161 -160 -159 -158 -157 -156 -154 +155 -153 -152 -151 -150 -149 +100 $
>BUMA.0521.00014.1
+101 +102 +103 -145 -144 +114 -131 -130 -129 -128 -127 -126 -125 -124 -123 -122 -121 -139 -138 -137 -136 -135 -134 -133 +115 +116 +117 +118 +119 -111 -110 -109 -108 -107 -106 -105 -104 +120 +132 +140 +141 +142 -143 -113 -112 +146 +147 +148 -99 -98 +182 +183 +184 +185 +186 +187 +188 +189 +190 +191 +192 +193 +194 +195 +196 +197 +198 +199 +200 +173 +174 +175 +176 +177 -210 -209 -208 -207 -206 -205 +90 +91 -204 +211 +212 +213 +214 +215 +88 +89 +92 +93 +94 +95 +96 +97 -181 -180 -219 -179 -178 -172 -171 -170 -169 -168 -167 -166 +218 -165 -164 -163 +158 +159 +160 +161 +162 -156 -155 -154 -153 -152 -151 -150 -149 +100 $
>BUMA.0521.00003.2
+10 +11 -34 -56 -86 -85 -58 +66 -48 -47 -46 -44 +75 +76 -43 +77 -42 -41 -40 -39 -33 -82 -38 -37 -36 -35 +12 +13 +14 +15 +16 +17 -81 -80 -79 +216 +217 +78 -25 -24 -23 -22 -21 -20 -19 -18 +26 +27 +28 +29 +30 +31 +32 +83 +84 +58 +59 +60 -67 -3 -2 +52 +53 +54 +55 +72 +73 +74 +57 -65 -64 +71 +1 +5 +6 +7 +8 +9 +5 $
>BUMA.0521.00001.2
-46 -45 -44 +75 +76 -43 +77 -42 -41 -40 -39 -33 -82 -38 -37 -36 -35 +12 +13 +14 +15 +16 +17 -81 -80 -79 +22 +23 +24 +25 -78 -217 -216 -21 -20 -19 -18 +26 +27 +28 +29 +30 +31 +32 +83 +84 +58 +85 +86 +56 +34 -11 -10 -9 -8 -7 -6 -5 -1 -71 -70 +49 +50 -66 +58 +59 +60 +61 +62 +63 +64 +65 -57 +69 -74 -73 -72 -55 -54 -53 -52 +2 +3 +67 -48 -47 $
>BUMA.0521.00002.1
+91 -204 +211 +212 +213 +214 +215 +88 -177 -176 -175 -174 -173 -200 -199 -198 -197 -196 +219 -179 -178 -172 -171 -170 -169 -168 -167 -166 +218 -165 -164 -163 +157 +158 +159 +160 +161 +162 -156 -155 -154 -153 -152 -103 -102 +111 +112 +113 +118 -151 -150 -149 +100 +101 -110 -109 -108 -107 -106 -105 -104 +119 +120 +130 +131 +124 +125 +126 +127 +128 +129 +132 -123 -122 -121 +133 +134 +136 +137 +138 +139 +140 +141 +142 -143 -117 -116 -115 -114 +144 +145 +146 +147 +99 -148 -98 +182 +183 +184 +185 +186 +187 +188 +189 +190 +191 +192 +193 +194 +195 +180 +181 -97 -96 -95 -94 -93 -92 -89 +201 +202 +203 -210 -209 -208 -207 -206 -205 +90 $
>BUMA.0521.00004.1
+128 +129 +132 -131 -130 -120 -119 +104 +105 +106 +107 +108 +109 +110 +133 +134 +136 +137 +149 +150 +151 -118 -139 -138 +100 +101 +102 +103 +152 +153 +154 +155 +183 +184 +185 +186 +187 +188 +189 +190 +191 +192 +193 +194 +195 +180 +181 -97 -96 -95 -94 -93 -92 -89 -88 -215 -214 -213 -212 -211 +204 -91 -90 +205 +206 +207 +208 +209 +210 -203 -202 -201 -177 -176 -175 -174 -173 -200 -199 -198 -182 +156 -162 -161 -160 -159 -158 +163 +164 +165 -218 +166 +167 +168 +169 +170 +171 +172 +178 +179 -219 +196 +197 +98 +148 -99 -147 -146 -145 -144 +114 +115 +116 +117 +143 -142 -141 -140 -113 -112 -111 +121 +122 +123 +124 +125 +126 +127 $
>BUMA.0521.00002.2
+24 +25 -78 -217 -216 +79 +80 +81 -17 -16 -15 -14 -13 -12 +35 +36 +37 +38 +82 +33 +39 +40 +41 +42 -77 +43 -76 -75 +44 +46 +47 +48 -66 +58 +59 +60 +61 +62 +63 -70 -69 -68 +49 +50 -67 -3 -2 +52 +53 +54 +55 +72 +73 +74 +57 -65 -64 +71 +1 +5 +6 +7 +8 +9 +10 +11 -34 -56 -86 -85 -58 -84 -83 -32 -31 -30 -29 -28 -27 -26 +18 +19 +20 +21 +22 +23 $
>BUMA.0521.00006.2
-84 -83 -82 -38 -37 -36 -35 +12 +13 +14 +15 +16 +17 -81 -80 -79 +22 +23 +24 +25 -78 -217 -216 -21 -20 -19 -18 +26 +27 +28 +29 +30 +31 +32 +33 +39 +40 +41 +42 -77 +43 -76 -75 +44 +45 +46 +47 +48 -70 -69 -68 +49 -50 +64 +65 -57 -55 -54 -53 -52 +2 +3 -61 -60 -59 -58 +66 +67 +71 +1 +5 +6 +7 +8 +9 -87 -56 -86 -85 -58 $
>BUMA.0521.00007.1
-136 -135 -132 +125 +126 +127 +128 +129 -139 -138 -121 -156 -155 +154 -153 -152 -151 -150 -149 +100 +101 +102 +103 -145 -144 +114 +115 +116 +117 +131 -123 -122 +124 -99 +183 +184 +185 +186 +157 +158 +159 +160 +161 +162 +163 +164 +165 +218 +166 +167 +168 +169 +170 +171 +172 -212 -211 +204 -91 -90 +205 +206 +207 +201 +202 +203 +220 -210 -209 +213 +214 +215 +88 +89 +92 +93 +94 +95 +96 +97 -181 -180 -179 -178 -208 -177 -176 -175 -174 -173 -199 -198 -197 -196 -195 -194 -193 -192 -191 -182 +190 +98 -189 -188 -187 -147 -146 +104 +105 +106 +107 +108 +109 +110 +111 -113 -112 +118 -120 -119 +130 +143 -142 -141 -140 +133 +134 -137 $
>BUMA.0521.00004.2
+13 +14 +15 +16 +17 -81 -80 -79 +22 +23 +24 +25 -78 -217 -216 -21 -20 -19 -18 +26 +27 +28 +29 +30 +83 +84 +58 +85 +86 +56 +50 -70 -66 +58 +59 +60 +61 +62 +63 +64 +65 -57 -74 -73 -72 -55 -54 -53 -52 +2 +3 +71 +1 +5 +6 +7 +8 +9 +10 +11 -49 +68 +69 -48 -47 -46 -44 +75 +76 -43 +77 -42 -41 -40 -39 -33 -82 -38 -37 -36 -35 +12 $
>BUMA.0521.00013.2
-25 -24 -23 -22 -21 -20 -19 -18 +26 +27 +28 +29 +30 +33 +39 +40 +41 +42 -77 +43 -76 -75 +44 +45 +46 +47 +48 -67 -66 +58 +59 +60 +61 +62 +63 +52 +53 +54 +55 +72 +73 +74 +64 +65 -57 +2 +3 -50 -49 +68 +69 +70 +71 +1 +5 +6 +7 +8 +9 -56 -86 -85 -58 -84 -83 -82 -38 -37 -36 -35 +12 +13 +14 +15 +16 +17 -81 -80 -79 +216 +217 +78 $
>BUMA.0521.00005.1
-158 -157 -145 -144 +114 +115 +116 +117 +121 +122 +123 +124 +118 +120 +130 +131 -132 +125 +126 +127 +128 +129 -119 -139 -138 +135 +136 +137 -134 -133 +140 +141 +142 -143 -113 -112 -111 -110 -109 -108 -107 -106 -105 -104 -103 -102 -153 -152 -151 -150 -149 +100 +101 +154 +155 +156 +146 +147 +99 -148 -98 +182 +183 +184 +185 +186 +187 +188 +189 +160 +161 +162 +163 +190 +191 +192 +193 +194 +195 +196 +197 +198 +199 +200 +173 +174 +175 +176 +177 +201 +202 +203 +204 -91 -90 +205 +206 +207 +208 +209 +210 +211 +212 +213 +214 +215 +88 +89 +92 +93 +94 +95 +96 +97 -181 -180 -219 -179 -178 -172 -171 -170 -169 -168 -167 -166 +218 -165 -164 -159 $
>BUMA.0521.00020.2
+23 +24 +25 -78 -217 -216 -15 -14 -13 -12 +35 +36 +37 +38 +82 +56 +87 +34 -11 -10 -9 -8 -7 -6 -5 +49 +50 -3 -2 +51 +52 +53 +54 +55 +64 +65 -57 -60 -59 -58 +66 +67 +69 +70 +71 +1 -48 -47 -46 -45 -44 +75 +76 -43 +77 -42 -41 -40 -39 -33 -32 -31 -30 -29 -28 -27 -26 +18 +19 +20 +21 +17 -81 -80 -79 +22 $
>BUMA.0521.00021.2
+23 +24 +25 -78 -217 -216 -15 -14 -13 -12 +35 +36 +37 +38 +82 +56 +87 +34 -9 -8 -7 -6 -5 +49 +50 -3 -2 +51 +52 +53 +54 +55 +51 +52 +53 +54 +55 +72 +73 +74 +64 +65 -57 -60 -59 -58 +66 +67 +69 +70 +71 +1 -48 -47 -46 -45 -44 +75 +76 -43 +77 -42 -41 -40 -39 -33 -32 -31 -30 -29 -28 -27 -26 +18 +19 +20 +21 +17 -81 -80 -79 +22 $
>BUMA.0521.00027.2
+22 +23 +24 +25 -78 -217 -216 -15 -14 -13 -12 +35 +36 +37 +38 +82 +56 +87 -9 -8 -7 -6 -5 +49 +50 -3 -2 +51 +52 +53 +54 +55 +72 +73 +74 +64 +65 -57 -60 -59 -58 +66 +67 +69 +70 +71 +1 -48 -47 -46 -45 -44 +75 +76 -43 +77 -42 -41 -40 -39 -33 -32 -31 -30 -29 -28 -27 -26 +18 +19 +20 +21 +17 -81 -80 -79 $
>BUMA.0521.00024.1
+101 +102 +103 -145 -144 +114 -131 -130 -129 -128 -127 -126 -125 -124 -123 -122 -121 -139 -138 -137 -136 -135 -134 -133 +115 +116 +117 +118 +119 -111 -110 -109 -108 -107 -106 -105 -104 +120 +132 +140 +141 +142 -143 +195 +196 +197 +198 +199 +200 +173 +174 +175 +176 +177 +173 +174 +175 +176 +177 +173 +174 +175 +176 +177 -210 -209 -208 -207 -206 -205 +90 +91 -204 +211 +212 +213 +214 +215 +88 +89 +92 +93 +94 +95 +96 +97 -181 -180 -219 -179 -178 -172 -171 -170 -169 -168 -167 -166 +218 -165 -164 -163 +157 +158 +159 +160 +161 +162 -156 -155 -154 -153 -152 -151 -150 -149 +100 $
>BUMA.0521.00015.2
+23 +24 +25 -78 -217 -216 -15 -14 -13 -12 +35 +36 +37 +38 +82 +56 +87 +34 -11 -10 -9 -8 -7 -6 -5 +49 +50 -3 -2 +51 +52 +53 +54 +55 +64 +65 -57 -60 -59 -58 +66 +67 +69 +70 +71 +1 -48 -47 -46 -45 -44 +75 +76 -43 +77 -42 -41 -40 -39 -33 -32 -31 -30 -29 -28 -27 -26 +18 +19 +20 +21 +17 -81 -80 -79 +22 $
>BUMA.0521.00030.1
-143 +121 -131 -130 -120 -119 -118 -145 -144 +114 +115 +116 +117 +146 +147 +148 -99 +155 +156 +182 +183 +184 +185 +186 +187 +188 +189 +190 +219 +179 +191 +192 +193 +194 +195 +196 +197 +198 +199 +200 +173 +174 +175 +176 +177 -210 -209 -208 -207 -206 -205 +90 +91 -204 +211 +212 +213 +214 +215 +88 +89 +92 +93 +94 +95 +96 +97 -181 -180 -178 -172 -171 -170 -169 -168 -167 -166 -165 -164 -163 -162 -161 -160 -159 -158 -157 +98 -154 -153 -152 -151 -150 -149 +100 +101 +102 +103 +104 +105 +106 +107 +108 +109 +110 +111 +112 +113 +143 -142 -141 -140 -139 -138 -137 -136 -132 -129 -128 -127 -126 -125 -124 +122 +123 -135 -134 -133 +142 $
>BUMA.0521.00008.1
+214 +215 +88 +89 +90 +91 +92 +93 +94 +95 +96 +97 +98 +99 +100 +101 +102 +103 +104 +105 +106 +107 +108 +109 +110 +111 +112 +113 +114 +115 +116 +117 +118 +119 +120 +121 +122 +123 +124 +125 +126 +127 +128 +129 +130 +131 +132 +133 +134 +135 +136 +137 +138 +139 +140 +141 +142 +143 +144 +145 +146 +147 +148 +149 +150 +151 +152 +153 +154 +155 +156 +157 +158 +159 +160 +161 +162 +163 +164 +165 +166 +167 +168 +169 +170 +171 +172 +173 +174 +175 +176 +177 +178 +179 +180 +181 +182 +183 +184 +185 +186 +187 +188 +189 +190 +191 +192 +193 +194 +195 +196 +197 +198 +199 +200 +201 +202 +203 +204 +205 +206 +207 +208 +209 +210 +211 +212 +213 $
>BUMA.0521.00016.2
+23 +24 +25 -78 -217 -216 -15 -14 -13 -12 +35 +36 +37 +38 +82 +56 +87 -9 -8 -7 -6 -5 +49 +50 -3 -2 +51 +52 +53 +54 +55 +72 +73 +74 +64 +65 -57 -60 -59 -58 +66 +67 +69 +70 +71 +1 -48 -47 -46 -45 -44 +75 +76 -43 +77 -42 -41 -40 -39 -33 -32 -31 -30 -29 -28 -27 -26 +18 +19 +20 +21 +17 -81 -80 -79 +22 $
>BUMA.0521.00027.1
+116 +117 +118 +119 -111 -110 -109 -108 -107 -106 -105 -104 +120 +132 +140 +141 +142 -143 -113 -112 +146 +147 +148 -99 -98 +182 +183 +184 +185 +186 +187 +188 +189 +190 +191 +192 +193 +194 +195 +196 +197 +198 +199 +200 +173 +174 +175 +176 +177 -210 -209 -208 -207 -206 -205 +90 +91 -204 +211 +212 +213 +214 +215 +88 +89 +92 +93 +94 +95 +96 +97 -181 -180 -219 -179 -178 -172 -171 -170 -169 -168 -167 -166 +218 -165 -164 -163 +158 +159 +160 +161 +162 -156 -155 -154 -153 -152 -151 -150 -149 +100 +101 +102 +103 -145 -144 +114 -131 -130 -129 -128 -127 -126 -125 -124 -123 -122 -121 -139 -138 -137 -136 -135 -134 -133 +115 +116 -134 $
>BUMA.0521.00022.1
+101 +102 +103 -145 -144 +114 -131 -130 -129 -128 -127 -126 -125 -124 -123 -122 -121 -139 -138 -137 -136 -135 -134 -133 +115 +116 +115 +116 +117 +118 +119 -111 -110 -109 -108 -107 -106 -105 -104 +120 +132 +140 +141 +142 -143 -113 -112 +146 +147 +148 -99 -98 +182 +183 +184 +185 +186 +187 +188 +189 +190 +191 +192 +193 +194 +195 +196 +197 +198 +199 +200 +173 +174 +175 +176 +177 -210 -209 -208 -207 -206 -205 +90 +91 -204 +211 +212 +213 +214 +215 +88 +89 +92 +93 +94 +95 +96 +97 -181 -180 -219 -179 -178 -172 -171 -170 -169 -168 -167 -166 +218 -165 -164 -163 +157 +158 +159 +160 +161 +162 -156 -155 -154 -153 -152 -151 -150 -149 -149 -149 +100 $
>BUMA.0521.00031.2
+23 +24 +25 -78 -217 -216 -21 -20 -19 -18 +26 +27 +28 +29 +30 +31 +32 +83 +84 +58 +85 +86 +56 +34 -11 -10 -9 -8 -7 -6 -5 -1 -71 -70 +49 +50 -66 +58 +59 +60 +61 +62 +63 +64 +65 -57 +69 -74 -73 -72 -55 -54 -53 -52 +2 +3 +67 -48 -47 -46 -45 -44 +75 +76 -43 +77 -42 -41 -40 -39 -33 -82 -38 -37 -36 -35 +12 +13 +14 +15 +16 +17 -81 -80 -79 +22 $
>BUMA.0521.00023.2
+23 +24 +25 -78 -217 -216 -15 -14 -13 -12 +35 +36 +37 +38 +82 +56 +87 -9 -8 -7 -6 -5 +49 +50 -3 -2 +51 +52 +53 +54 +55 +72 +73 +74 +64 +65 -57 -60 -59 -58 +66 +67 +69 +70 +71 +1 -48 -47 -46 -45 -44 +75 +76 -43 +77 -42 -41 -40 -39 -33 -32 -31 -30 -29 -28 -27 -26 +18 +19 +20 +21 +17 -81 -80 -79 +22 $
>BUMA.0521.00005.2
+48 +49 -50 -3 -2 +51 +52 +53 +54 +55 +72 +73 +74 +64 +65 -57 -63 -62 -61 -60 -59 -58 +66 +67 +69 +70 +71 +1 +5 +6 +7 +8 +9 +10 +11 -34 -87 -56 -86 -85 -58 -84 -83 -82 -38 -37 -36 -35 +12 +13 +14 +15 +16 +17 -81 -80 -79 +22 +23 +24 +25 -78 -217 -216 -21 -20 -19 -18 +26 +27 +28 +29 +30 +31 +32 +33 +39 +40 +41 +42 -77 +43 -76 -75 +44 +45 +46 +47 $
>BUMA.0521.00017.2
+23 +24 +25 -78 -217 -216 -21 -20 -19 -18 +26 +27 +28 +29 +30 +31 +32 +33 +39 +40 +41 +42 -77 +43 -76 -75 +44 +45 +46 +47 +48 +49 -50 -3 -2 +51 +52 +53 +54 +55 +72 +73 +74 +64 +65 -57 -63 -62 -61 -60 -59 -58 +66 +67 +69 +70 +71 +1 +5 +6 +7 +8 +9 +10 +11 -34 -87 -56 -86 -85 -58 -84 -83 -82 -38 -37 -36 -35 +12 +13 +14 +15 +16 +17 -81 -80 -79 +22 $
>BUMA.0521.00007.2
-10 -9 -8 -7 -6 -5 -4 -3 -2 -1 -71 -69 -68 -67 -66 +86 +56 +87 +83 +84 +58 +59 +60 +61 +62 +63 +64 +65 -57 -74 -73 -72 -55 -54 -53 -52 -51 -50 -49 -48 -47 -46 -45 -44 -43 -42 -41 -40 -39 -32 -31 -30 -29 -28 -27 -26 -81 -80 -79 +216 +78 -25 -24 -23 -22 -21 -20 -19 -18 -17 -16 -15 -14 -13 -12 +36 +37 +38 +33 -11 $
>BUMA.0521.00020.1
+101 +102 +103 -145 -144 +114 -131 -130 -129 -128 -127 -126 -125 -124 -123 -122 -121 -139 -138 -137 -136 -135 -134 -133 +115 +116 +115 +116 +117 +118 +119 -111 -110 -109 -108 -107 -106 -105 -104 +120 +132 +140 +141 +142 -143 -113 -112 +146 +147 +148 -99 -98 +182 +183 +184 +185 +186 +187 +188 +189 +191 +192 +193 +194 +195 +196 +197 +198 +199 +200 +173 +174 +175 +176 +177 -210 -209 -208 -207 -206 -205 +90 +91 -204 +211 +212 +213 +214 +215 +88 +89 +92 +93 +94 +95 +96 +97 -181 -180 -219 -179 -178 -172 -171 -170 -169 -168 -167 -166 +218 -165 -164 -163 +157 +158 +159 +160 +161 +162 -156 -155 -154 -153 -152 -151 -150 -149 +100 $
>BUMA.0521.00021.1
+101 +102 +103 -145 -144 +114 -131 -130 -129 -128 -127 -126 -125 -124 -123 -122 -121 -139 -138 -137 -136 -135 -134 -133 +115 +116 +115 +116 +117 +118 +119 -111 -110 -109 -108 -107 -106 -105 -104 +120 +132 +140 +141 +142 -143 -113 -112 +146 +147 +148 -99 -98 +182 +183 +184 +185 +186 +187 +188 +189 +190 +191 +192 +193 +194 +195 +196 +197 +198 +199 +200 +173 +174 +175 +176 +177 -210 -209 -208 -207 -206 -205 +90 +91 -204 +211 +212 +213 +214 +215 +88 +89 +92 +93 +94 +95 +96 +97 -181 -180 -219 -179 -178 -172 -171 -170 +218 -165 -164 -163 +157 +158 +159 +160 +161 +162 -156 -155 -154 -153 -152 -151 -150 -149 -149 -149 +100 $
>BUMA.0521.00017.1
+101 +154 +155 +156 +157 +158 +159 +160 +161 +162 +163 +190 +191 +192 +193 +194 +195 +196 +197 +198 +199 +200 +173 +174 +175 +176 +177 +204 -91 -90 +205 +206 +207 +208 +209 +210 +211 +212 +213 +214 +215 +88 +89 +92 +93 +94 +95 +96 +97 -181 -180 -219 -179 -178 -172 -171 -170 -169 -168 -167 -166 +218 -165 -164 -189 -188 -187 -186 -185 -184 -183 -182 +98 +148 -99 -147 -146 +112 +113 +149 +149 +150 +151 +152 +153 +102 +103 -145 -144 +114 +111 +133 +134 -137 -136 -135 +138 +139 +119 +120 +130 +131 +124 +125 +126 +127 +128 +129 +132 -123 -122 -121 -118 -117 -116 -115 -110 -109 -108 -107 -106 -105 -104 +140 +141 +142 -143 +100 $
>BUMA.0521.00023.1
+101 +102 +103 -145 -144 +114 -131 -130 -129 -128 -127 -126 -125 -124 -123 -122 -121 -139 -138 -137 -136 -135 -134 -133 +115 +116 -134 -133 +115 +116 +117 +118 +119 -111 -110 -109 -108 -107 -106 -105 -104 +120 +132 +140 +141 +142 -143 -113 -112 +146 +147 +148 -99 -98 +182 +183 +184 +185 +186 +187 +188 +189 +190 +191 +192 +193 +194 +195 +196 +197 +198 +199 +200 +173 +174 +175 +176 +177 -210 -209 -208 -207 -206 -205 +90 +91 -204 +211 +212 +213 +214 +215 +88 +89 +92 +93 +94 +95 +96 +97 -181 -180 -219 -179 -178 -172 -171 -170 -169 -168 -167 -166 +218 -165 -164 -163 +158 +159 +160 +161 +162 -156 -155 -154 -153 -152 -151 -150 -149 +100 $
>BUMA.0521.00032.2
+76 -43 +77 -42 -41 -40 -39 -33 -32 -31 -30 -29 -28 -27 -26 +18 +19 +20 +21 +216 +217 +78 -25 -24 -23 -22 +79 +80 +81 -17 -16 -15 -14 -13 -12 +35 +36 +37 +38 +82 +83 +84 +58 +85 +86 +56 -50 -3 -2 +51 +52 +53 +54 +55 +72 +73 +74 +64 +65 -57 -63 -62 -61 -60 -59 -58 +66 +67 +69 +70 +71 +1 +5 +6 +7 +8 +9 +10 +11 -34 -87 -49 -48 -47 -46 -45 -44 +75 $
>BUMA.0521.00001.1
+153 -154 +155 +156 -162 -161 -160 -159 -158 -157 +163 +164 +165 -218 +166 +167 +168 +169 +170 +171 +172 +178 +179 +198 +199 +200 +173 +174 +175 +176 +177 +201 +202 +203 -210 -209 -208 -207 -206 +90 +91 -204 +211 +212 +213 +214 +215 +88 +89 +92 +93 +94 +95 +96 +97 -181 -180 -195 -194 -193 -192 -191 -190 -189 -188 -187 -186 -185 -184 -183 +182 +98 +148 -99 -147 -146 -145 -144 +114 +115 +116 +117 +143 -142 -141 -140 +136 +137 +138 +139 -134 -133 +121 +122 +123 +124 +125 +126 +127 +128 +129 +132 +219 -197 -196 -131 -130 -120 -119 +104 +105 +106 +107 +108 +109 +110 +111 +112 +100 +101 +102 +103 -118 -113 +149 +150 +151 +152 $
>BUMA.0521.00019.2
+23 +24 +25 -78 -217 -216 -15 -14 -13 -12 +35 +36 +37 +38 +82 +56 +87 +34 -11 -10 -9 -8 -7 -6 -5 +49 +50 -3 -2 +51 +52 +53 +54 +55 +64 +65 -57 -60 -59 -58 +66 +67 +69 +70 +71 +1 -48 -47 -46 -45 -44 +75 +76 -43 +77 -42 -41 -40 -39 -33 -32 -31 -30 -29 -28 -27 -26 +18 +19 +20 +21 +17 -81 -80 -79 +22 $
>BUMA.0521.00024.2
+23 +24 +188 +189 +190 +191 +192 +193 +194 -113 -112 +146 +147 +148 -99 -98 +182 +183 +184 +185 +186 +187 +25 -78 -217 -216 -15 -14 -13 -12 +35 +36 +37 +38 +82 +56 +87 +34 -11 -10 -9 -8 -7 -6 -5 +49 +50 -3 -2 +51 +52 +53 +54 +55 +72 +73 +74 +64 +65 -57 -60 -59 -58 +66 +67 +69 +70 +71 +1 -44 +75 +76 -43 +77 -42 -41 -40 -39 -33 -32 -31 -30 -29 -28 -27 -26 +18 +19 +20 +21 +17 -81 -80 -79 +22 $
>BUMA.0521.00019.1
+101 +102 +103 -145 -144 +114 -131 -130 -129 -128 -127 -126 -125 -124 -123 -122 -121 -139 -138 -137 -136 -135 -134 -133 +115 +116 +115 +116 +115 +116 +117 +118 +119 -111 -110 -109 -108 -107 -106 -105 -104 +120 +132 +140 +141 +142 -143 -113 -112 +146 +147 +148 -99 -98 +182 +183 +184 +185 +186 +187 +188 +189 +190 +191 +192 +193 +194 +195 +196 +197 +198 +199 +200 +173 +174 +175 +176 +177 -210 -209 -208 -207 -206 -205 +90 +91 -204 +211 +212 +213 +214 +215 +88 +89 +92 +93 +94 +95 +96 +97 -181 -180 -219 -179 -178 -172 -171 -170 -169 -168 -167 -166 +218 -165 -164 -163 +157 +158 +159 +160 +161 +162 -156 -155 -154 -153 -152 -151 -150 -149 -149 +100 $
>BUMA.0521.00016.1
+101 +102 +103 -145 -144 +114 -131 -130 -129 -128 -127 -126 -125 -124 -123 -122 -121 -139 -138 -137 -136 -135 -134 -133 +115 +116 +117 +118 +119 -111 -110 -109 -108 -107 -106 -105 -104 +120 +132 +140 +141 +142 -143 -113 -112 +146 +147 +148 -99 -98 +182 +183 +184 +185 +186 +187 +188 +189 +190 +191 +192 +193 +194 +195 +196 +197 +198 +199 +200 +173 +174 +175 +176 +177 -210 -209 -208 -207 -206 -205 +90 +91 -204 +211 +212 +213 +214 +215 +88 +89 +92 +93 +94 +95 +96 +97 -181 -180 -219 -179 -178 -172 -171 -170 -169 -168 -167 -166 +218 -165 -164 -163 +158 +159 +160 +161 +162 -156 -155 -154 -153 -152 -151 -150 -149 +100 $
>BUMA.0521.00026.2
-40 -39 -33 -32 -31 -30 -29 -28 -27 -26 +18 +19 +20 +21 +17 -81 -80 -79 +22 +23 +24 +25 -13 -12 +35 +36 +37 +38 +82 +56 +87 +34 -11 -10 -9 -8 -7 -6 -5 +50 -3 -2 +51 +52 +53 +54 +55 +72 +73 +74 +64 +65 -57 -60 -59 -58 +66 -44 +75 +76 -43 +77 -42 -41 $
>BUMA.0521.00018.2
-22 +79 +80 +81 -17 -16 -15 -14 -13 -12 +35 +36 +37 +38 +82 +33 +39 +40 +41 +42 -77 +43 -76 -75 +44 +45 +46 +47 +48 -67 -3 -2 +52 +53 +54 +55 +72 +73 +74 -69 +57 -65 -64 -63 -62 -61 -60 -59 -58 +66 -50 -49 +70 +71 +1 +5 +6 +7 +8 +9 +10 +11 -34 -56 -86 -85 -58 -84 -83 -32 -31 -30 -29 -28 -27 -26 +18 +19 +20 +21 +216 +217 +78 -25 -24 -23 $
>BUMA.0521.00012.2
+54 +55 +72 +73 +74 -70 -69 -67 -66 +58 +59 +60 +57 -65 -64 +71 +1 +5 +6 +7 +8 +9 +10 +11 -44 +75 +76 -43 +77 -42 -41 -40 -39 -33 -30 -29 -28 -27 -26 +18 +19 +20 +21 +216 +217 +78 -25 -24 -23 -22 +79 +80 +81 -17 -16 -15 -14 -13 -12 +35 +36 +37 +38 +82 +83 +84 +58 +85 +86 +56 -50 -3 -2 +51 +52 +53 $
>BUMA.0521.00025.1
+101 +102 +103 -118 -113 +149 +150 +151 +152 +153 -154 +155 +156 -162 -161 -160 -159 -158 -157 +163 +164 +165 -218 +166 +167 +168 +169 +170 +171 +172 +178 +179 +198 +199 +200 +173 +174 +175 +176 +177 +201 +202 +203 -210 -209 -208 -207 -206 +90 +91 -204 +211 +212 +213 +214 +215 +88 +89 +92 +93 +94 +95 +96 +97 -181 -180 -195 -194 -193 -192 -191 -190 -189 -188 -187 -186 -185 -184 -183 +182 +98 +148 -99 -147 -146 -145 -144 +114 +115 +116 +117 +143 -142 -141 -140 +136 +137 +138 +139 -134 -133 +121 +122 +123 +124 +125 +126 +127 +128 +129 +132 +219 -197 -196 -131 -130 -120 -119 +104 +105 +106 +107 +108 +109 +110 +111 +112 +100 $
>BUMA.0521.00030.2
+64 +65 -57 -74 -73 -72 -55 -54 -53 -52 +2 +3 -61 -60 -59 -58 +66 +67 +71 +1 -56 -86 -85 -58 -84 -83 -82 -38 -37 -36 -35 +12 +13 +14 +15 +16 +17 -81 -80 -79 +22 +23 +24 +25 -78 -217 -216 -21 -20 -19 -18 +26 +27 +28 +29 +30 +33 +39 +40 +41 +42 +50 +49 $
>BUMA.0521.00031.1
+101 +102 +103 -118 -113 +149 +150 +151 +152 +153 -154 +155 +156 -162 -161 -160 -159 -158 -157 +163 +164 +165 -218 +166 +167 +168 +169 +170 +171 +172 +178 +179 +198 +199 +200 +173 +174 +175 +176 +177 +201 +202 +203 -210 -209 -208 -207 -206 +90 +91 -204 +211 +212 +213 +214 +215 +88 +89 +92 +93 +94 +95 +96 +97 -181 -180 -195 -194 -193 -192 -191 -190 -189 -188 -187 -186 -185 -184 -183 +182 +98 +148 -99 -147 -146 -145 -144 +114 +115 +116 +117 +143 -142 -141 -140 +136 +137 +138 +139 -134 -133 +121 +122 +123 +124 +125 +126 +127 +128 +129 +132 +219 -197 -196 -131 -130 -120 -119 +104 +105 +106 +107 +108 +109 +110 +111 +112 +100 $
>BUMA.0521.00029.2
-15 -14 -13 -12 +35 +36 +37 +38 +82 +33 +39 +40 +41 +42 -77 +43 -76 -75 +44 +45 +46 +47 +48 -67 -3 -2 +52 +53 +54 +55 +72 +73 +74 -69 +57 -65 -64 -63 -62 -61 -60 -59 -58 +66 -50 -49 +70 +71 +1 +5 +6 +7 +8 +9 +10 +11 -34 -56 -86 -85 -58 -84 -83 -32 -31 -30 -29 -28 -27 -26 +18 +19 +20 +21 +216 +217 +78 -25 -24 -23 -22 +79 +80 +81 -17 -16 $
>BUMA.0521.00006.1
+99 -148 -147 -146 -117 -116 -115 -114 +144 +145 +118 +119 +120 +130 +131 -121 +133 +134 +135 -123 -122 +124 +125 +126 +127 +128 +129 +132 +136 +137 +138 +139 +140 +141 +142 -143 -113 -112 -111 -110 -109 -108 -107 -106 -105 -104 -103 -102 -101 -100 +156 +182 +183 +184 +185 +186 +187 +188 +189 +190 +219 +179 +191 +192 +193 +194 +195 +196 +197 +198 +199 -91 -90 +205 +206 +207 +208 +209 +210 -203 -202 -201 -177 -176 -175 -174 -173 -200 -204 +211 +212 +213 +214 +215 +88 +89 +92 +93 +94 +95 +96 +97 -181 -180 -178 -172 -171 -170 -169 -168 -167 -166 -218 -165 -164 -163 -162 -161 -160 -159 -158 -157 +98 -154 -153 -152 -151 -150 -149 -155 $
>BUMA.0521.00029.1
-166 +218 -165 -164 -163 +157 +158 +159 +160 +161 +162 -156 -155 +154 -153 -152 -151 -150 -149 +113 +118 -103 -102 -101 -100 -112 -111 -110 -109 -108 -107 -106 -105 -104 +119 +120 +130 +131 +196 +197 -219 -132 -129 -128 -127 -126 -125 -124 -123 -122 -121 +133 +134 -139 -138 -137 -136 +140 +141 +142 -143 -117 -116 -115 -114 +144 +145 +146 +147 +99 -148 -98 -182 +183 +184 +185 +186 +187 +188 +189 +190 +191 +192 +193 +194 +195 +180 +181 -97 -96 -95 -94 -93 -92 -89 -88 -215 -214 -213 -212 -211 +204 -91 -90 +206 +207 +208 +209 +210 -203 -202 -201 -177 -176 -175 -174 -173 -200 -199 -198 -179 -178 -172 -171 -170 -169 -168 -167 -166 -165 $
>BUMA.0521.00018.1
+101 +102 +103 -118 -113 +149 +150 +151 +152 +153 -154 +155 +156 -162 -161 -160 -159 -158 -157 +163 +164 +165 -218 +166 +167 +168 +169 +170 +171 +172 +178 +179 +198 +199 +200 +173 +174 +175 +176 +177 +201 +202 +203 -210 -209 -208 -207 -206 +90 +91 -204 +211 +212 +213 +214 +215 +88 +89 +92 +93 +94 +95 +96 +97 -181 -180 -195 -194 -193 -192 -191 -190 -189 -188 -187 -186 -185 -184 -183 +182 +98 +148 -99 -147 -146 -145 -144 +114 +115 +116 +117 +143 -142 -141 -140 +136 +137 +138 +139 -134 -133 +121 +122 +123 +124 +125 +126 +127 +128 +129 +132 +219 -197 -196 -131 -130 -120 -119 +104 +105 +106 +107 +108 +109 +110 +111 +112 +100 $
>BUMA.0521.00022.2
+23 +24 +25 -78 -217 -216 -15 -14 -13 -12 +35 +36 +37 +38 +82 +56 +87 +34 -9 -8 -7 -6 -5 +49 +50 -3 -2 +51 +52 +53 +54 +55 +72 +73 +74 +64 +65 -57 -60 -59 -58 +66 +67 +69 +70 +71 +1 -48 -47 -46 -45 -44 +75 +76 -43 +77 -42 -41 -40 -39 -33 -32 -31 -30 -29 -28 -27 -26 +18 +19 +20 +21 +17 -81 -80 -79 +22 $
>BUMA.0521.00032.1
+108 +109 +110 +115 +116 +117 +118 +121 +122 +123 -132 -129 -128 -127 -126 -125 -124 -131 -130 -120 -119 -139 -138 +135 +136 +137 -134 -133 -111 -114 +144 +145 -103 -102 -153 -152 -151 -150 -149 -113 -112 +146 +147 +99 -148 -98 +182 +183 +184 +185 +186 +187 +188 +189 +164 +165 -218 +166 +167 +168 +169 +170 +171 +172 +178 +179 +219 +180 +181 -97 -96 -95 -94 -93 -92 -89 -88 -215 -214 -213 -212 -211 -210 -209 -208 -207 -206 -205 +90 +91 -204 -177 -176 -175 -174 -173 -200 -199 -198 -197 -196 -195 -194 -193 -192 -191 -190 -163 -162 -161 -160 -159 -158 -157 -156 -155 -154 -101 -100 +143 -142 -141 -140 +104 +105 +106 +107 $
>BUMA.0521.00026.1
+177 +173 +174 +175 +176 +177 -210 -209 -208 -207 -206 -205 +90 +91 -204 +211 +212 +213 +214 +215 +88 +89 +92 +93 +94 +95 +96 +97 -181 -180 -219 -179 -178 -172 -171 -170 -169 -168 -167 -166 -165 -164 -163 +157 +158 +159 +160 +161 +162 -156 -155 -154 -153 -152 -151 -150 -149 +100 +101 +102 +103 -145 -144 +114 -131 -130 -129 -128 -127 -126 -125 -124 -123 -122 +133 +134 +135 +136 +137 +138 +139 +121 +115 +116 +117 +118 +119 -111 -110 -109 -108 -107 -106 -105 -104 +120 +132 +140 +141 +142 -143 -113 -112 +146 +147 +148 -99 -98 +182 +183 +184 +185 +186 +187 +188 +189 +190 +191 +192 +193 +194 +195 +196 +197 +198 +199 +200 +173 +174 $
>BUMA.0521.00003.1
-192 -191 -190 -189 -188 -187 -186 -185 -184 -183 -182 +98 +148 -99 -147 -146 -145 -144 +114 +115 +116 +117 +143 -142 -141 -140 -139 -138 -137 -136 -134 -133 +121 +122 +123 -132 -129 -128 -127 -126 -125 -124 -131 -130 -120 -119 +104 +105 +106 +107 +108 +109 +110 -101 -100 +149 +150 +151 -118 -113 -112 -111 +102 +103 +152 +153 +154 +155 +156 -162 -161 -160 -159 -158 -157 +163 +164 +165 -218 +166 +167 +168 +169 +170 +171 +172 +178 +179 -219 +196 +197 +198 +199 +200 +173 +174 +175 +176 +177 -88 -215 -214 -213 -212 -211 +204 -91 -90 +206 +207 +208 +209 +210 -203 -202 -201 +89 +92 +93 +94 +95 +96 +97 -181 -180 -195 -194 -193 $
>BUMA.0521.00028.1
-142 -141 -140 -139 -138 -137 -136 -132 -129 -128 -127 -126 -125 -124 +122 +123 -135 -134 -133 +142 -143 +121 -131 -130 -120 -119 -118 -145 -144 +114 +115 +116 +117 +146 +147 +148 -99 +155 +156 +182 +183 +184 +185 +186 +187 +188 +189 +190 +219 +179 +191 +192 +193 +194 +195 +196 +197 +198 +199 +200 +173 +174 +175 +176 +177 -210 -209 -208 -207 -206 -205 +90 +91 -204 +211 +212 +213 +214 +215 +88 +89 +92 +93 +94 +95 +96 +97 -181 -180 -178 -172 -171 -170 -169 -168 -167 -166 -165 -164 -163 -162 -161 -160 -159 -158 -157 +98 -154 -153 -152 -151 -150 -149 +100 +101 +102 +103 +104 +105 +106 +107 +108 +109 +110 +111 +112 +113 +143 $
>BUMA.0521.00011.1
-138 +135 +136 +137 -134 -133 +140 +141 +142 -143 -113 -112 -111 -110 -109 -108 -107 -106 -105 -104 -103 -102 -101 -100 +149 +150 +151 +152 +153 +154 +155 +156 +182 +183 +184 +185 +186 +187 +188 +189 +164 +165 -218 +166 +167 +168 +169 +170 +171 +172 +178 +179 +219 +180 +181 -97 -96 -95 -94 -93 -92 -89 -88 -215 -214 -213 -212 -211 -210 -209 -208 -207 -206 -205 +90 +91 -204 -177 -176 -175 -174 -173 -200 -199 -198 -197 -196 -195 -194 -193 -192 -191 -190 -163 -162 -161 -160 -159 -158 -157 +98 -99 -147 -146 -145 -144 +114 +115 +116 +117 +118 +119 +120 +130 +131 -132 -129 -128 -127 -126 -125 -124 -123 -122 -121 -139 $
>BUMA.0521.00025.2
-22 +79 +80 +81 -17 -16 -15 -14 -13 -12 +35 +36 +37 +38 +82 +33 +39 +40 +41 +42 -77 +43 -76 -75 +44 +45 +46 +47 +48 -67 -3 -2 +52 +53 +54 +55 -69 +57 -65 -64 -63 -62 -61 -60 -59 -58 +66 -50 -49 +70 +71 +1 +5 +6 +7 +8 +9 +10 +11 -34 -56 -86 -85 -58 -84 -83 -32 -31 -30 -29 -28 -27 -26 +18 +19 +20 +21 +216 +217 +78 -25 -24 -23 $
>BUMA.0521.00028.2
-79 +22 +23 +24 +25 -78 -217 -216 -21 -20 -19 -18 +26 +27 +28 +29 +30 +33 +39 +40 +41 +42 +50 +49 +64 +65 -57 -74 -73 -72 -55 -54 -53 -52 +2 +3 -61 -60 -59 -58 +66 +67 +71 +1 -56 -86 -85 -58 -84 -83 -82 -38 -37 -36 -35 +12 +13 +14 +15 +16 +17 -81 -80 $
