>BUMA.0721.00008.2
+1 +2 +3 +4 +5 +6 +7 +8 +9 +10 +11 +12 +13 +14 +15 +16 +17 +18 +19 +20 +21 +22 +23 +24 +25 +26 +27 +28 +29 +30 +31 +32 +33 +34 +35 +36 +37 +38 +39 +40 +41 +42 +43 +44 +45 +46 +47 +48 +49 +50 +51 +52 +53 +54 +55 +56 +57 +58 +59 +60 +61 +62 +63 +64 +65 +66 +67 +68 +69 +70 +71 +72 +73 +74 +75 +76 +77 +78 +79 +80 +81 +82 +83 +84 +85 +71 $
>BUMA.0721.00010.1
+86 +87 +88 +89 +90 +91 +92 +93 +94 +95 +96 +97 +98 +99 +100 +101 +102 +103 +104 +105 +106 +107 +108 +109 +110 +111 +112 +113 +114 +115 +116 +117 +118 +119 +120 +121 +122 +123 +124 +125 +126 +127 +128 +129 +130 +131 +132 +133 +134 +135 +136 +137 +138 +139 +140 +141 +142 +143 +144 +145 +146 +147 +148 +149 +150 +151 +152 +153 +154 +155 +156 +157 +158 +159 +160 +161 +162 +163 +164 +165 +166 +167 +168 +169 +170 +171 +172 +173 +174 +175 +176 +177 +178 +179 +180 +181 +182 +183 +184 +185 +186 +187 +188 +189 +190 +191 +192 +193 +194 +195 +196 +197 +198 +199 +200 +201 +202 +203 +204 +205 +206 +207 +208 +209 +210 +211 +212 +213 +214 +215 +216 +217 +218 +219 +220 $
>BUMA.0721.00014.2
+21 +22 +23 +24 +25 +26 +27 -12 -11 -10 -9 -8 -7 -6 -5 -4 -3 -83 -82 -81 +221 +222 +223 -80 -79 -78 -77 -76 +57 -58 -67 +224 -66 -65 -64 -63 +59 +60 +61 +62 +69 +70 +71 +72 +73 -55 -54 +74 +75 -53 -52 -51 -50 -49 -48 -47 -46 -45 -44 -43 -42 -41 -40 -39 -38 -37 -36 -35 -34 -33 -32 -31 -30 -29 -28 +14 +15 +16 +17 +18 +19 +20 $
>BUMA.0721.00015.2
+21 +22 +23 +24 +25 +26 +27 -12 -11 -10 -9 -8 -7 -6 -5 -4 -3 -83 -82 -81 -80 -79 -78 -77 -76 +57 -58 -67 +224 -66 -65 -64 -63 +225 +226 +227 +228 +59 +60 +61 +62 +69 +70 +71 +72 +73 -55 -54 +74 +75 -53 -52 -51 -50 -49 -48 -47 -46 -45 -44 -43 -42 -41 -40 -39 -38 -37 -36 -35 -34 -33 -32 -31 -30 -29 -28 +14 +15 +16 +17 +18 +19 +20 $
>BUMA.0721.00012.2
-24 -23 -22 -21 -20 -19 +28 +29 +30 +31 +32 +33 +34 +35 +36 +39 +40 +41 +42 +43 +44 +45 +46 +47 +48 +49 +50 +51 +52 +53 -73 -72 -71 -70 -69 -68 +229 +230 -66 -65 -64 -63 +225 +226 +227 +228 +59 +60 +61 +62 +67 +58 -57 -56 -55 -54 +74 +75 +76 +77 +78 +79 +80 +82 +83 +84 +85 +71 +1 +2 +3 +4 +5 +6 +7 +8 +9 +10 +11 +12 +13 +14 +15 +16 +17 +18 -27 -26 -25 $
>BUMA.0721.00012.1
-146 +155 +156 +116 +117 +118 +119 +231 +120 +121 +122 +110 -135 -134 +138 +139 +140 +141 +142 +143 +144 +145 -154 -153 -152 -151 -150 -137 -136 -130 -129 -128 -127 -126 -125 +132 +133 -115 -114 -113 -112 -111 +131 -124 -123 -109 -108 -107 -106 -105 -104 -103 -102 -101 -100 -99 -98 -97 -96 -95 -94 -93 -92 -91 -90 -89 -88 -87 -86 -220 -219 +181 +182 +183 +184 +190 +191 +192 +193 +194 +195 +196 +188 +189 -207 -206 -204 -203 -202 -201 -200 +232 +233 -199 -198 -197 -187 -186 -185 +208 +209 +210 +211 +212 +213 +214 +215 +216 +217 +218 +180 -179 -178 -177 -176 -175 -174 -173 -172 -171 -170 -169 -168 +162 +163 +164 +165 +166 +167 -161 -159 +160 -158 -157 -149 -148 -147 $
>BUMA.0721.00014.1
-146 +155 +156 +103 +104 +105 +106 +132 +133 +126 +127 +128 +129 +130 +131 -124 -123 -122 +116 +117 +118 +119 +231 +120 +121 +107 +108 +109 +107 +108 +109 +110 -151 -150 -137 -136 +154 -145 -144 -143 -142 -141 -140 -139 -138 -135 -134 -125 -115 -114 -113 -112 -111 +152 +153 -102 -101 +99 +100 -98 -97 -96 -95 -94 -93 -92 -91 -90 -89 -88 -87 -86 -220 -219 +181 +182 +183 +184 +185 +186 +187 +188 +189 -204 -203 -202 -201 -200 +233 -199 -198 -197 -196 -195 -194 -193 -192 -191 -190 +208 +209 +210 +211 +212 +213 +214 +215 +216 +217 +218 +180 -179 -178 -177 -176 -174 -173 -172 -174 -173 -172 -174 -173 -172 -171 -170 -169 -168 -167 -166 -165 -164 -163 -162 -161 -160 -159 -158 -157 -149 -148 -147 $
>BUMA.0721.00003.1
+119 +231 +125 -130 -129 -128 -127 -126 +116 +117 -122 -161 -160 +159 -158 -157 -149 -148 -147 -146 +155 +156 +103 +104 +105 +106 +107 +108 +109 +110 -132 -124 -123 -131 +100 -96 -95 -94 -93 -167 -166 -165 -164 -163 -162 +168 +169 +170 -171 +172 +173 +174 +175 +176 +177 +194 +195 +196 +197 +198 +199 -233 -232 +200 -207 -206 -205 +234 -204 -203 -202 -193 -192 -191 -190 +208 +209 +210 +211 +212 +213 +214 +215 +216 +217 +218 -179 -178 -201 -189 -188 -187 -186 -185 -183 -182 -181 +219 +220 +86 +97 -87 +98 +88 +89 +90 +91 +92 +101 +102 +138 +139 +140 +141 +142 +143 +144 +145 -154 +152 +153 -151 -150 +134 +135 +136 +137 -133 +111 +112 +113 +114 +115 -121 -120 +118 $
>BUMA.0721.00003.2
+223 -80 -79 -78 -77 -76 +235 -67 -75 -74 +55 +56 -73 -72 -84 -83 -82 -81 -2 -1 -71 -70 -69 -68 +229 +230 +59 +60 +61 +62 -228 -227 -226 -225 +63 +64 +65 +66 -224 +58 -57 -53 -52 -51 -50 -49 -48 -47 -43 -42 -41 -40 -38 -37 -36 -35 -34 -33 +15 +16 +17 +18 -27 -25 -24 -23 -22 -21 -20 -19 +28 +29 +30 +31 +32 -14 -13 -12 -11 -10 -9 -7 -6 -5 -4 +39 +222 $
>BUMA.0721.00011.1
-127 -126 -125 +132 +133 +134 +135 +136 +137 +138 +139 +140 +141 +142 +143 +144 +145 -121 -120 -119 -118 +148 +149 +150 +151 +116 +117 -147 -146 +155 +156 +157 +158 +159 +160 -96 -95 -94 -93 -92 -91 -90 -89 -88 -87 -86 -220 -219 -218 -217 -216 -215 -214 -213 -212 -211 -210 -209 -208 +190 +191 +192 +193 +194 +195 +196 +197 +198 +199 -233 -232 +200 +201 +202 +203 +204 +205 +206 +207 -189 -188 -187 -186 -185 -184 -183 -182 +97 +161 +162 +163 +164 +165 +166 +168 +169 +170 +171 +172 +173 +174 +175 +176 +177 +178 +179 +180 +181 +98 +99 +100 +101 +102 +103 +104 +105 +106 +107 +108 +109 +110 +111 +112 +113 +114 +115 +152 +153 +154 +122 +123 +124 -131 -130 -129 -128 $
>BUMA.0721.00002.1
-198 -197 -196 -195 -194 -193 -192 -191 -190 -189 -188 -187 -186 -185 -184 -183 -182 -181 -180 -179 -178 -177 -176 -175 -174 -173 -172 -171 -170 -169 -168 -167 -166 -165 -164 -163 -162 -161 -160 -159 -158 -157 -156 -155 -154 -153 -152 -151 -150 -149 -148 -147 -146 -145 -144 -143 -142 -141 -140 -139 -138 -137 -136 -135 -134 -133 -132 -131 -130 -129 -128 -127 -126 -125 -124 -123 -122 -121 -120 -119 -118 -117 -116 -115 -114 -113 -112 -111 -110 -109 -108 -107 -106 -105 -104 -103 -102 -101 -100 -99 -98 -97 -96 -95 -94 -93 -92 -91 -90 -89 -88 -87 -86 -220 -219 -218 -217 -216 -215 -214 -213 -212 -211 -210 -209 -208 -207 -206 -205 -204 -203 -202 -201 -200 +232 +233 -199 $
>BUMA.0721.00006.2
+53 +57 +58 -67 +224 -66 -65 -64 -63 +225 +226 +227 +228 +59 +60 +61 +62 -230 -229 +68 +69 +70 +71 +72 +73 -55 -54 +74 +75 +76 +77 +78 +79 +80 -223 -222 -221 +81 +82 +83 +84 +85 +71 +1 +2 +3 +4 +5 +6 +7 +8 +9 +10 +11 +12 +13 +14 +15 +16 +17 +18 +19 +20 +21 +22 +23 +24 +25 +26 +27 +28 +29 +30 +31 +32 +33 +34 +35 +36 +37 +38 +39 +40 +41 +42 +43 +44 +45 +46 +47 +48 +49 +50 +51 +52 $
>BUMA.0721.00007.2
-78 -77 -76 -75 -74 -67 +224 -66 -65 -64 -63 +225 +226 +227 +228 +59 +60 +61 +62 -230 -229 +68 +69 +70 +71 +72 +73 -55 -54 -58 -57 -53 -52 -51 -50 -49 -48 -47 -46 -45 -44 -43 -42 -41 -40 -39 -38 -37 -36 -35 -34 -33 -32 -31 -30 -29 -28 -25 -24 -23 -22 -21 -20 -19 -18 -17 -16 -15 -14 -13 -12 -11 -10 -9 -8 -7 -6 -5 -4 -3 -2 -1 -71 -85 -84 -83 -82 -81 +221 +222 +223 -80 -79 $
>BUMA.0721.00011.2
+10 +11 +12 +13 +14 +15 +16 +17 +18 +19 +20 +21 +22 +23 +24 +25 +26 +27 +28 +29 +30 +31 +32 +33 +34 +35 +36 -2 -1 -71 -85 -84 -83 -82 -58 +54 -72 -71 -70 -69 -68 +229 +230 +59 +60 +61 +62 -228 -227 -226 -225 +63 +64 +65 +66 +67 +74 +75 +76 +77 +78 +79 +80 -223 -222 -57 -56 -55 -53 -52 -51 -50 -49 -47 -46 -45 -44 -43 -42 -41 -40 -39 +3 +4 +5 +6 +7 +8 +9 $
>BUMA.0721.00008.1
-100 -99 +101 +102 -110 -109 -108 -107 -106 -105 -104 -103 -151 -150 -137 -136 -135 -134 -133 -132 -122 -121 -120 -231 -124 -123 -131 -130 -129 -128 -127 -126 -125 -119 -118 -117 -116 -115 -114 -113 -112 -111 +152 +153 +154 -145 -144 -143 -142 -141 -140 -139 -138 -156 -155 +146 +147 +161 -97 -96 -95 -94 -93 -92 -91 -90 -89 -88 -87 -180 +179 -86 -220 -219 +181 +182 +183 +198 +199 -233 -232 +200 +201 +202 +203 +204 +205 +206 +207 -189 -188 -187 -186 -185 -184 -197 -196 -195 -194 -193 -192 -191 -190 +208 +209 +210 +211 +212 +213 +214 +215 +216 +217 +218 -178 -177 -176 -175 -174 -173 -172 +171 -170 -169 -168 +162 +163 +164 +165 +166 +167 +98 -159 -158 -157 -149 -148 -160 $
>BUMA.0721.00004.2
-64 -63 +225 +226 +227 +228 +54 +55 -73 -72 -71 -70 -69 -62 -61 -60 -59 +74 +75 +76 +77 +78 +79 +80 -223 -222 -47 -46 -45 -44 -43 -42 -41 -40 -39 -36 -35 -34 -33 -32 -31 -30 -29 -28 -27 -26 -25 -24 -23 -22 -21 -20 -19 -18 -17 -16 -15 -14 -13 -12 -11 -10 -9 -8 -7 -6 -5 -4 -3 -2 -1 -71 -85 -84 -83 -82 +58 -67 +224 -66 -65 $
>BUMA.0721.00005.1
-192 -191 -190 +208 -199 -198 +209 +210 +211 +212 +213 +214 +215 +98 -100 -147 -146 +155 +156 +138 +139 +140 +141 +142 +143 +144 +145 -154 -153 -152 +106 +107 +108 +109 +110 -151 -150 -137 -136 -135 -134 +122 +123 +124 -131 -130 -129 -128 -127 -126 -133 -132 -125 -121 -120 -231 -119 -118 -117 -116 -115 -114 -113 -112 +111 -105 -104 -103 -102 -101 +99 +148 +149 +157 +158 +159 +160 +161 -167 -166 -165 -164 -163 -162 +168 +169 +170 +172 +173 +174 +175 +176 +177 +185 +186 +187 +188 +189 +178 +179 -218 -217 -216 -97 -96 -95 -94 -93 -92 -91 -90 -89 -88 -87 -86 -220 -219 +181 +182 +183 +184 -207 -206 -205 +197 -233 +200 +201 +202 +203 +204 -196 -195 -194 -193 $
>BUMA.0721.00019.2
+21 +22 +23 +24 +25 +26 +27 -12 -11 -10 -9 -8 -7 -6 -5 -4 -3 -83 -82 -81 +221 +222 +223 -80 -79 -78 -77 -76 +57 -58 -67 +224 -66 -65 -64 -63 +59 +60 +61 +62 +69 +70 +71 +69 +70 +71 +72 +73 -55 -54 +74 +75 -53 -52 -51 -50 -49 -48 -47 -46 -45 -44 -43 -42 -41 -40 -39 -38 -37 -36 -35 -34 -33 -32 -31 -30 -29 -28 +14 +15 +16 +17 +18 +19 +20 $
>BUMA.0721.00013.1
-146 +155 +156 +103 +104 +105 +106 +132 +133 +126 +127 +128 +129 +130 +131 -124 -123 -122 +116 +117 +118 +119 +231 +120 +121 +107 +108 +109 +110 -151 -150 -137 -136 +154 -145 -144 -143 -142 -141 -140 -139 -138 -135 -134 -125 -115 -114 -113 -112 -111 +152 +153 -102 -101 +99 +100 -98 -97 -96 -95 -94 -93 -92 -91 -90 -89 -88 -87 -86 -220 -219 +181 +182 +183 +184 +185 +186 +187 +188 +189 -204 -203 -202 -201 -200 +233 -199 -198 -197 -196 -195 -194 -193 -192 -191 -190 +208 +209 +210 +211 +212 +213 +214 +215 +216 +217 +218 +180 -179 -178 -177 -176 -175 -174 -173 -172 -171 -170 -169 -168 -166 -165 -164 -163 -162 -161 -160 -159 -158 -157 -149 -148 -147 $
>BUMA.0721.00024.1
+189 +185 +186 +187 +188 +189 -204 -203 -202 -201 -200 +233 -199 -198 -197 -196 -195 -194 -193 -192 -191 -190 +208 +209 +210 +211 +212 +213 +214 +215 +216 +217 +218 +180 -179 -178 -177 -176 -175 -174 -173 -172 -170 -169 -168 -167 -166 -165 -164 -163 -162 -161 -160 -159 -158 -157 -149 -148 -147 -146 +155 +156 +103 +104 +105 +106 +132 +133 +126 +127 +128 +129 +130 +131 -124 -123 -121 -120 -231 -119 -118 -117 -116 +122 +107 +108 +109 +110 -151 -150 -137 -136 +154 -145 -144 -143 -142 -141 -140 -139 -138 -135 -134 -125 -115 -114 -113 -112 -111 +152 +153 -102 -101 +99 +100 -98 -97 -96 -95 -94 -93 -92 -91 -90 -89 -88 -87 -86 -220 -219 +181 +182 +183 +184 +185 $
>BUMA.0721.00021.2
+21 +22 +23 +24 +25 +26 +27 -12 -11 -10 -9 -8 -7 -6 -5 -4 -3 -83 -82 -81 +221 -80 -79 -78 -77 -76 +57 -58 -67 +224 -66 -65 -64 -63 +225 +226 +227 +228 +59 +60 +61 +62 +69 +70 +71 +72 +73 -55 -54 +74 +75 -53 -52 -51 -50 -49 -48 -47 -46 -45 -44 -43 -42 -41 -40 -39 -38 -37 -36 -35 -34 -33 -32 -31 -30 -29 -28 +14 +15 +16 +17 +18 +19 +20 $
>BUMA.0721.00018.1
-146 +155 +156 +103 +104 +105 +106 +132 +133 +126 +127 +128 +129 +130 +131 -124 -123 -122 +116 +117 +118 +119 +231 +120 +121 +107 +108 +109 +107 +108 +109 +107 +108 +109 +110 -151 -150 -137 -136 +154 -145 -144 -143 -142 -141 -140 -139 -138 -135 -134 -125 -115 -114 -113 -112 -111 +152 +153 -102 -101 +99 +100 -98 -97 -96 -95 -94 -93 -92 -91 -90 -89 -88 -87 -86 -220 -219 +181 +182 +183 +184 +185 +186 +187 +188 +189 -204 -203 -202 -201 -200 +233 -199 -198 -197 -196 -195 -194 -193 -192 -191 -190 +208 +209 +210 +211 +212 +213 +214 +215 +216 +217 +218 +180 -179 -178 -177 -176 -175 -174 -173 -172 -171 -170 -169 -168 -167 -166 -165 -164 -163 -162 -161 -160 -159 -158 -157 -149 -148 -148 -147 $
>BUMA.0721.00028.2
-19 -18 -17 -16 -15 -14 +35 +36 +25 +26 +27 +28 +29 +30 +31 +32 +33 +34 +37 +38 +39 +40 +41 +42 +43 +44 +45 +46 +47 -75 -74 +221 -72 -71 -70 -69 -68 +229 +230 -62 -61 +236 -60 -59 -228 -227 -226 -225 +63 +64 +65 +66 -224 +67 -235 +76 +77 +78 +79 +80 -223 -222 +73 -56 -55 -54 +84 +85 +71 +1 +2 +3 +81 +4 +58 -57 -53 -52 -51 -50 -49 -48 +5 +6 +7 +8 +9 +10 +11 +12 +13 -236 -24 -23 -22 -21 -20 -19 -18 $
>BUMA.0721.00009.1
-184 +183 -182 -181 +219 +220 +86 +99 +100 -98 +87 -97 -161 -160 -159 -158 -157 -149 -148 -147 -146 +155 +156 +138 +139 +140 +141 +142 +143 +144 +145 -154 -153 -152 -151 -150 +134 +135 -133 -132 -124 -123 -131 +126 +127 +128 +129 +130 -125 -231 -119 -118 +120 +121 +116 +117 -122 -115 -114 -113 -112 -111 -110 -109 -108 -107 -106 -105 -104 -103 -102 -101 -92 -91 -90 -89 -88 -96 -95 -94 -93 -167 -166 -165 -164 -163 -162 +168 +169 +170 +172 +173 +174 +175 +176 +177 +178 +179 -180 -218 -217 -216 -215 -214 -213 -212 -211 -210 -209 +194 +195 +196 +197 +198 +199 -233 -232 +200 -207 -206 -205 +234 -204 -203 -202 -193 -192 -191 -190 +208 -201 -189 -188 -187 -186 -185 $
>BUMA.0721.00021.1
-146 +155 +156 +103 +104 +105 +106 +132 +133 +126 +127 +128 +129 +130 +131 -124 -123 -122 +116 +117 +118 +119 +231 +120 +121 +107 +108 +109 +107 +108 +109 +110 -151 -150 -137 -136 +154 -145 -144 -143 -142 -141 -140 -139 -138 -135 -134 -125 -115 -114 -113 -112 -111 +152 +153 -102 -101 +99 +100 -98 -97 -96 -95 -94 -93 -92 -91 -90 -89 -88 -87 -86 -220 -219 +181 +182 +183 +184 +185 +186 +187 +188 +189 -204 -203 -202 -201 -200 +233 -199 -198 -197 -196 -195 -194 -193 -192 -191 -190 +208 +209 +210 +211 +212 +213 +214 +215 +216 +217 +218 +180 -179 -178 -177 -176 -175 -174 -173 -172 -171 -170 -169 -168 -167 -166 -165 -164 -163 -162 -161 -160 -159 -158 -157 -149 -148 -148 -148 -147 $
>BUMA.0721.00020.1
-146 +155 +156 +103 +104 +105 +106 +132 +133 +126 +127 +128 +129 +130 +131 -124 -123 -122 +116 +117 +118 +119 +231 +120 +121 +107 +108 +109 +107 +108 +109 +110 -151 -150 -137 -136 +154 -145 -144 -143 -142 -141 -140 -139 -138 -135 -134 -125 -115 -114 -113 -112 -111 +152 +153 -102 -101 +99 +100 -98 -97 -96 -95 -94 -93 -92 -91 -90 -89 -88 -87 -86 -220 -219 +181 +182 +183 +184 +185 +186 +187 +188 +189 -204 -203 -202 -201 -200 +233 -199 -198 -197 -196 -195 -194 -193 -192 -191 -190 +208 +209 +210 +211 +212 +213 +214 +215 +216 +217 +218 +180 -179 -178 -177 -176 -171 -170 -169 -168 -167 -166 -165 -164 -163 -162 -161 -160 -159 -158 -157 -149 -148 -148 -148 -147 $
>BUMA.0721.00032.1
+142 +143 +144 +145 +107 +108 +109 +110 -151 -150 +122 +123 +124 +125 +126 +127 +128 +129 +130 +131 +132 +133 +134 +135 +136 +137 +116 +117 -231 -119 -118 +120 +121 +154 -106 -105 -104 -103 -156 -155 -158 -157 -149 -148 +152 +153 -102 -101 -100 -99 -98 -97 -96 -95 -94 -93 -92 -91 -90 -89 -88 +169 +170 +171 +172 +173 +174 +175 +176 +177 +178 +179 -180 -218 -217 -216 -215 -214 -213 -212 -211 -210 -209 -208 +190 +191 +192 +193 +194 +195 +196 -204 -203 -202 -201 -200 +233 -199 -198 -197 -189 -188 -187 -186 -185 -184 -183 -182 -181 +219 +220 +86 +87 -168 +162 +163 +164 +165 +166 +167 -161 -160 -159 +146 +147 +111 +112 +113 +114 +115 +138 +139 +140 +141 $
>BUMA.0721.00016.2
-20 -19 -18 -17 -16 -15 -14 -13 -12 -11 -10 -9 -8 -7 -6 -5 -4 -3 +39 +40 +41 +42 +43 +44 +45 +46 +47 +48 +49 +50 +51 +52 +53 -73 -67 -66 -65 -64 -63 +225 +226 +227 +228 +55 -62 -61 -60 -59 -230 -229 +68 +69 +70 +71 +72 +58 -57 -54 +74 +75 +76 +77 +78 +79 +80 -223 -222 -221 +82 +83 +84 +85 +71 +1 +2 -38 -37 -36 -35 -34 -33 -32 -31 -30 -29 -28 -27 -26 -25 -24 -23 -22 -21 $
>BUMA.0721.00024.2
-41 -40 -39 -38 -37 -36 -35 -34 -33 -32 -31 -30 -29 -28 +14 +15 +16 +17 +18 +19 +20 +21 +22 +23 +24 -10 -9 -8 -7 -6 -5 -4 -3 -83 -82 -81 +221 +222 +223 -80 -79 -78 -77 -76 -58 -67 +224 -66 -65 -64 -63 +225 +226 +227 +228 +59 +60 +61 +62 +69 +70 +71 +72 -47 -46 -45 -44 -43 -42 $
>BUMA.0721.00001.2
-51 -50 -49 -48 -47 -46 -45 -44 -43 -42 -41 -40 -39 +3 +4 +5 +6 +7 +8 +9 +10 +11 +12 +13 +14 +15 +16 +17 +18 +19 +20 +21 +22 +23 +24 +25 +26 +27 +28 +29 +30 +31 +32 +33 +34 +35 +36 +37 +38 -2 -1 -71 -85 -84 -83 -82 +221 +222 +223 -80 -79 -78 -77 -76 -75 -74 +54 +57 -58 -72 -71 -70 -69 -68 +229 +230 +59 +60 +61 +62 -55 -228 -227 -226 -225 +63 +64 +65 +66 +67 +73 -53 -52 $
>BUMA.0721.00023.2
-20 -19 -18 -17 -16 -15 -14 -13 -12 -11 -10 -9 -8 -7 -6 -5 -4 -3 +39 +40 +41 +42 +43 +44 +45 +46 +47 +48 +49 +50 +51 +52 +53 -73 -67 -66 -65 -64 -63 +55 -62 -61 -60 -59 -230 -229 +68 +69 +70 +71 +72 +58 -57 -54 +74 +75 +76 +77 +78 +79 +80 -223 -222 -221 +82 +83 +84 +85 +71 +1 +2 -38 -37 -36 -35 -34 -33 -32 -31 -30 -29 -28 -27 -26 -25 -24 -23 -22 -21 $
>BUMA.0721.00019.1
-146 +155 +156 +103 +104 +105 +106 +132 +133 +126 +127 +128 +129 +130 +131 -124 -123 -122 +116 +117 +118 +119 +231 +120 +121 +107 +108 +109 +107 +108 +109 +110 -151 -150 -137 -136 +154 -145 -144 -143 -142 -141 -140 -139 -138 -135 -134 -125 -115 -114 -113 -112 -111 +152 +153 -102 -101 +99 +100 -98 -97 -96 -95 -94 -93 -92 -91 -90 -89 -88 -87 -86 -220 -219 +181 +182 +183 +184 +185 +186 +187 +188 +189 -204 -203 -202 -201 -200 -199 -198 -197 -196 -195 -194 -193 -192 -191 -190 +208 +209 +210 +211 +212 +213 +214 +215 +216 +217 +218 -179 -178 -177 -176 -175 -174 -173 -172 -171 -170 -169 -168 -167 -166 -165 -164 -163 -162 -161 -160 -159 -158 -157 -149 -148 -148 -147 $
>BUMA.0721.00010.2
-223 -222 -221 +82 +83 +84 +85 +71 +72 -53 -52 -51 -50 -49 -47 -46 -45 -44 -43 -42 -41 -40 -39 +3 +4 +5 +6 +7 +8 +9 +10 +11 +12 +13 +14 +15 +16 +17 +18 -27 -26 -25 -24 -23 -22 -21 -20 -19 +28 +29 +30 +31 +32 +33 +34 +35 +36 +37 +38 -2 -1 -71 -70 -69 -73 -67 -66 -65 -64 -63 +225 +226 +227 +228 -62 -61 -60 -59 +74 +75 +76 +77 +78 +79 +80 +76 $
>BUMA.0721.00022.2
+21 +22 +23 +24 +25 +26 +27 -12 -11 -10 -9 -8 -7 -6 -5 -4 -3 -83 -82 -81 -80 -79 -78 -77 -76 +57 -58 -67 +224 -66 -65 -64 -63 +225 +226 +227 +228 +59 +60 +61 +62 +69 +70 +71 +72 +73 -55 -54 +74 +75 -53 -52 -51 -50 -49 -48 -47 -46 -45 -44 -43 -42 -41 -40 -39 -38 -37 -36 -35 -34 -33 -32 -31 -30 -29 -28 +14 +15 +16 +17 +18 +19 +20 $
>BUMA.0721.00017.2
+21 +22 +23 +24 +25 +26 +27 -12 -11 -10 -9 -8 -7 -6 -5 -4 -3 -83 -82 -81 +221 +222 +223 -80 -79 -78 -77 -76 +57 -58 -67 +224 -66 -65 -64 -63 +59 +60 +61 +62 +69 +70 +71 +72 +73 -55 -54 +74 +75 -53 -52 -51 -50 -49 -48 -47 -46 -45 -44 -43 -42 -41 -40 -39 -38 -37 -36 -35 -34 -33 -32 -31 -30 -29 -28 +14 +15 +16 +17 +18 +19 +20 $
>BUMA.0721.00016.1
-146 +155 +156 +150 +151 +152 +148 +149 +157 +158 -159 +160 +161 +162 +163 +164 +165 +166 +167 +168 +169 +170 +171 +172 +173 +174 +175 +176 +177 +178 +179 +182 +183 +184 +185 +186 +187 +188 +189 -207 -206 -205 -204 -203 -202 -201 -200 -199 -198 -197 -196 -195 -194 -193 -192 -191 -190 +208 +209 +210 +211 +212 +213 +214 +215 +216 +217 +218 +219 +220 +86 +87 +88 +89 +90 +91 +92 +93 +94 +95 +96 -97 +98 +99 +100 +101 +102 +103 +104 +105 +106 +107 +108 +109 +110 +111 +112 +113 +114 +115 -119 -118 -117 -116 +120 +121 +122 +123 +124 -131 -130 -129 -128 -127 -126 -125 -180 -181 +132 +133 +134 +135 +136 +137 +138 +139 +140 +141 +142 +143 +144 +145 -154 -153 -147 $
>BUMA.0721.00007.1
+117 -231 -119 -118 +120 +121 -115 -114 -113 -112 -111 +152 +153 +154 -145 -144 -143 -142 -141 -140 -139 -138 -156 -155 +146 +147 +148 +149 +157 +158 +159 +160 +161 -97 -96 -95 -94 -93 -92 -91 -90 -89 -88 +169 +170 +171 +172 +173 +174 +175 +176 +177 +178 +179 -180 -218 -217 -216 -215 -214 -213 -212 -211 -210 -209 -208 +190 +191 +192 +193 +194 +195 +196 -204 -203 -202 -201 -200 +233 -199 -198 -197 -189 -188 -187 -186 -185 -184 -183 -182 -181 +219 +220 +86 +87 -168 +162 +163 +164 +165 +166 +167 +98 +100 +101 +102 +103 +104 +105 +106 +107 +108 +109 +110 -151 -150 -137 -136 -135 -134 -133 -132 +125 +126 +127 +128 +129 +130 +131 -124 -123 -122 +116 $
>BUMA.0721.00022.1
-146 +155 +156 +103 +104 +105 +106 +132 +133 +126 +127 +128 +129 +130 +131 -124 -123 -122 +116 +117 +118 +119 +231 +120 +121 +107 +108 +109 +120 +121 +107 +108 +109 +110 -151 -150 -137 -136 +154 -145 -144 -143 -142 -141 -140 -139 -138 -135 -134 -125 -115 -114 -113 -112 -111 +152 +153 -102 -101 +99 +100 -98 -97 -96 -95 -94 -93 -92 -91 -90 -89 -88 -87 -86 -220 -219 +181 +182 +183 +184 +185 +186 +187 +188 +189 -204 -203 -202 -201 -200 +233 -199 -198 -197 -196 -195 -194 -193 -192 -191 -190 +208 +209 +210 +211 +212 +213 +214 +215 +216 +217 +218 +180 -179 -178 -177 -176 -175 -174 -173 -172 -171 -170 -169 -168 -166 -165 -164 -163 -162 -161 -160 -159 -158 -157 -149 -148 -147 $
>BUMA.0721.00027.1
-172 -171 -170 -169 -168 -167 -166 -165 -164 -163 -162 -161 -160 +159 -158 -157 -149 -148 -152 -151 -150 -156 -155 +146 +147 +153 +154 -145 -144 -143 -142 -141 -140 -139 -138 -137 -136 -135 -134 -133 -132 +181 +180 +125 +126 +127 +128 +129 +130 +131 -124 -123 -122 -121 -120 +116 +117 +118 +119 -115 -114 -113 -112 -111 -110 -109 -108 -107 -106 -105 -104 -103 -102 -101 -100 -99 -98 +97 -96 -95 -94 -93 -92 -91 -90 -89 -88 -87 -86 -220 -219 -218 -217 -216 -215 -214 -213 -212 -211 -210 -209 -208 +190 +191 +192 +193 +194 +195 +196 +197 +198 +199 +200 +201 +202 +203 +204 +205 +206 +207 -189 -188 -187 -186 -185 -184 -183 -182 -179 -178 -177 -176 -175 -174 -173 -172 -170 $
>BUMA.0721.00006.1
+166 +167 +103 +104 +105 +106 +107 +108 +109 +110 +122 +123 +124 -131 -151 -150 -135 -134 -133 -132 +125 -130 -129 -128 -127 -126 +136 +137 +116 +117 -231 -119 -118 +120 +121 -115 -114 -113 -112 -111 +152 +153 +154 -145 -144 -143 -142 -141 -140 -139 -138 -156 -155 -158 -157 -149 -148 -147 -146 +159 +160 +161 -102 -101 -100 -99 -98 -97 -96 -95 -94 -93 -92 -91 -90 -89 -88 -164 -163 -162 +168 -87 -86 -220 -219 +181 +182 +183 +184 +185 +186 +187 +188 +189 -207 -206 -205 +197 +198 +199 -233 +200 +201 +202 +203 +204 -196 -195 -194 -193 -192 -191 -190 +208 +209 +210 +211 +212 +213 +214 +215 +216 +217 +218 +180 -179 -178 -177 -176 -175 -174 -173 -172 -171 -170 -169 +165 $
>BUMA.0721.00005.2
-44 -43 -42 -41 -40 -39 -36 -35 -34 -33 -32 -31 -30 -29 -28 -27 -26 -25 -24 -23 -22 -21 -20 -19 -18 -17 -16 -15 -14 -13 -12 -11 -10 -9 -8 -7 -6 -5 -4 -3 -2 -1 -71 -85 -84 -83 -82 +58 -67 +224 -66 -65 -64 -63 +225 +226 +227 +228 +54 +55 -73 -72 -71 -70 -69 -62 -61 -60 -59 +74 +75 +76 +77 +78 +79 +80 -223 -222 -47 -46 -45 $
>BUMA.0721.00020.2
+21 +22 +23 +24 +25 +26 +27 -12 -11 -10 -9 -8 -7 -6 -5 -4 -3 -83 -82 -81 +221 -80 -79 -78 -77 -76 +57 -58 -67 +224 -66 -65 -64 -63 +224 -66 -65 -64 -63 +225 +226 +227 +228 +59 +60 +61 +62 +69 +70 +71 +72 +73 -55 -54 +74 +75 -53 -52 -51 -50 -49 -48 -47 -46 -45 -44 -43 -42 -41 -40 -39 -38 -37 -36 -35 -34 -33 -32 -31 -30 -29 -28 +14 +15 +16 +17 +18 +19 +20 $
>BUMA.0721.00018.2
+21 +22 +23 +24 +25 +26 +27 -12 -11 -10 -9 -8 -7 -6 -5 -4 -3 -83 -82 -81 +221 +222 +223 -80 -79 -78 -77 -76 +57 -58 -67 +224 -66 -65 -64 -63 +59 +60 +61 +62 +69 +70 +71 +72 +73 -55 -54 +74 +75 -53 -52 -51 -50 -49 -48 -47 -46 -45 -44 -43 -42 -41 -40 -39 -38 -37 -36 -35 -34 -33 -32 -31 -30 -29 -28 +14 +15 +16 +17 +18 +19 +20 $
>BUMA.0721.00032.2
-45 -44 -43 -42 -41 -40 -39 -38 -37 -36 -35 -34 -33 -32 -31 -30 -29 -28 -27 -26 -25 -24 -23 -22 -21 -20 -19 -18 -17 -16 -15 -14 -13 -12 -11 -10 -9 -8 -7 -6 -5 -4 -3 -2 -1 -71 -85 -84 -83 -82 +58 -67 +224 -66 -65 -64 -63 +225 +226 +227 +228 +59 +60 +61 +62 -230 -229 +68 +69 +70 +71 +72 +73 -55 -54 +74 +75 +76 +77 +78 +79 +80 -223 -222 -221 +81 -57 -53 -52 -51 -50 -49 -48 -47 -46 $
>BUMA.0721.00030.1
-111 +122 +132 +133 +134 +135 +136 +137 +150 +151 +103 +104 +105 +106 +107 +108 +109 +110 -102 -101 +99 +100 +160 +161 -97 -96 -95 -94 -93 -92 -91 -90 -89 -88 -87 -180 +179 -86 -220 -219 +181 +182 +183 +184 +185 +186 +187 +188 +189 -204 -203 -202 -201 -200 +232 +233 -199 -198 -197 -196 -195 -194 -193 -192 -191 -190 +208 +209 +210 +211 +212 +213 +214 +215 +216 +217 +218 -178 -177 -176 -175 -174 -173 -172 -170 -169 -168 +162 +163 +164 +165 +166 +167 +98 -159 -158 -157 -149 -148 -147 -146 +155 +156 +138 +139 +140 +141 +142 +143 +144 +145 -154 -153 -152 +111 +112 +113 +114 +115 +116 +117 +118 +119 +125 +126 +127 +128 +129 +130 +131 +123 +124 +231 +120 +121 -112 $
>BUMA.0721.00001.1
+158 -159 +160 +161 +162 +163 +164 +165 +166 +167 +168 +169 +170 +171 +172 +173 +174 +175 +176 +177 +178 +179 +182 +183 +184 +185 +186 +187 +188 +189 -207 -206 -205 -204 -203 -202 -201 -200 -199 -198 -197 -196 -195 -194 -193 -192 -191 -190 +208 +209 +210 +211 +212 +213 +214 +215 +216 +217 +218 +219 +220 +86 +87 +88 +89 +90 +91 +92 +93 +94 +95 +96 -97 +98 +99 +100 +101 +102 +103 +104 +105 +106 +107 +108 +109 +110 +111 +112 +113 +114 +115 -119 -118 -117 -116 +120 +121 +122 +123 +124 -131 -130 -129 -128 -127 -126 -125 -180 -181 +132 +133 +134 +135 +136 +137 +138 +139 +140 +141 +142 +143 +144 +145 -154 -153 -147 -146 +155 +156 +150 +151 +152 +148 +149 +157 $
>BUMA.0721.00030.2
+59 +60 +61 +62 -228 -227 -226 -225 +63 +64 +65 +66 +67 +68 +69 +70 +71 +72 +73 +74 +75 +82 +83 +84 +85 +71 +1 +2 +3 +4 +5 +6 +7 +8 +9 +10 +11 +12 +13 +14 +15 +16 +17 +18 +19 +20 +21 +22 +23 +24 +25 +26 +27 +28 +29 +30 +31 +32 +33 +34 +35 +36 +39 +40 +41 +42 +43 -58 +57 $
>BUMA.0721.00025.2
+19 +20 +21 +22 +23 +24 +25 +26 +27 -12 -11 -10 -9 -8 -7 -6 -5 -4 -3 -83 -82 -81 -80 -79 -78 -77 -76 +57 -58 -67 +224 -66 -65 -64 -63 +225 +226 +227 +228 +59 +60 +61 +62 +69 +70 +71 +72 +73 -55 -54 +74 +75 -53 -52 -51 -50 -49 -48 -47 -46 -45 -44 -43 -42 -41 -40 -39 -38 -37 -36 -35 -34 -33 -32 -31 -30 -29 -28 +14 +15 +16 +17 +18 $
>BUMA.0721.00009.2
+75 +67 -235 +76 +77 +78 +79 +80 -223 -222 +9 +10 +11 +12 +13 +14 -32 -31 -30 -29 -28 +19 +20 +21 +22 +23 +24 +33 +34 +35 +36 +37 +38 +39 +221 -8 -7 -6 -5 -4 +40 +41 +42 +43 +47 +48 +49 +50 +51 +52 +53 +57 -58 +224 -66 -65 -64 -63 -83 -82 -62 -61 -71 -70 -69 -68 +229 +230 +59 +60 +72 +73 -56 -55 -54 +74 $
>BUMA.0721.00015.1
-146 +155 +156 +103 +104 +105 +106 +132 +133 +126 +127 +128 +129 +130 +131 -124 -123 -122 +116 +117 +118 +119 +231 +120 +121 +107 +108 +109 +110 -151 -150 -137 -136 +154 -145 -144 -143 -142 -141 -140 -139 -138 -135 -134 -125 -115 -114 -113 -112 -111 +152 +153 -102 -101 +99 +100 -98 -97 -96 -95 -94 -93 -92 -91 -90 -89 -88 -87 -86 -220 -219 +181 +182 +183 +184 +185 +186 +187 +188 +189 -204 -203 -202 -201 -200 +233 -199 -198 -197 -196 -195 -194 -193 -192 -191 -190 +208 +209 +210 +211 +212 +213 +214 +215 +216 +217 +218 +180 -179 -178 -177 -176 -175 -174 -173 -172 -171 -170 -169 -168 -166 -165 -164 -163 -162 -161 -160 -159 -158 -157 -149 -148 -147 $
>BUMA.0721.00013.2
-20 -19 -18 -17 -16 -15 -14 +28 +29 +30 +31 +32 +33 +34 +35 +36 +37 +38 +39 +40 +41 +42 +43 +44 +45 +46 +47 +48 +49 +50 +51 +52 +53 -75 -74 +54 +55 -73 -72 -71 -70 -69 -62 -61 -60 -59 -228 -227 -226 -225 +63 +64 +65 +66 -224 +67 +58 -57 +76 +77 +78 +79 +80 +81 +82 +83 +3 +4 +5 +6 +7 +8 +9 +10 +11 +12 -27 -26 -25 -24 -23 -22 -21 $
>BUMA.0721.00029.1
-146 +155 +156 +150 +151 +152 +148 +149 +157 +158 -159 +160 +161 +162 +163 +164 +165 +166 +167 +168 +169 +170 +171 +172 +173 +174 +175 +176 +177 +178 +179 +182 +183 +184 +185 +186 +187 +188 +189 -207 -206 -205 -204 -203 -202 -201 -200 -199 -198 -197 -196 -195 -194 -193 -192 -191 -190 +208 +209 +210 +211 +212 +213 +214 +215 +216 +217 +218 +219 +220 +86 +87 +88 +89 +90 +91 +92 +93 +94 +95 +96 -97 +98 +99 +100 +101 +102 +103 +104 +105 +106 +107 +108 +109 +110 +111 +112 +113 +114 +115 -119 -118 -117 -116 +120 +121 +122 +123 +124 -131 -130 -129 -128 -127 -126 -125 -180 -181 +132 +133 +134 +135 +136 +137 +138 +139 +140 +141 +142 +143 +144 +145 -154 -153 -147 $
>BUMA.0721.00026.1
+112 +113 +114 +115 +116 +117 +118 +119 +125 +126 +127 +128 +129 +130 +131 +123 +124 +231 +120 +121 -112 -111 +122 +132 +133 +134 +135 +136 +137 +150 +151 +103 +104 +105 +106 +107 +108 +109 +110 -102 -101 +99 +100 +160 +161 -97 -96 -95 -94 -93 -92 -91 -90 -89 -88 -87 -180 +179 -86 -220 -219 +181 +182 +183 +184 +185 +186 +187 +188 +189 -204 -203 -202 -201 -200 +232 +233 -199 -198 -197 -196 -195 -194 -193 -192 -191 -190 +208 +209 +210 +211 +212 +213 +214 +215 +216 +217 +218 -178 -177 -176 -175 -174 -173 -172 -170 -169 -168 +162 +163 +164 +165 +166 +167 +98 -159 -158 -157 -149 -148 -147 -146 +155 +156 +138 +139 +140 +141 +142 +143 +144 +145 -154 -153 -152 +111 $
>BUMA.0721.00031.1
-146 +159 +160 +161 -167 -166 -165 -164 -163 -162 +168 -87 -86 -220 -219 +181 +182 +183 +184 +185 +186 +187 +188 +189 +197 +198 +199 -233 +200 +201 +202 +203 +204 -196 -195 -194 -193 -192 -191 -190 +208 +209 +210 +211 +212 +213 +214 +215 +216 +217 +218 +180 -179 -178 -177 -176 -175 -174 -173 -172 -171 -170 -169 +88 +89 +90 +91 +92 +93 +94 +95 +96 +97 +98 +99 +100 +101 +102 -153 -152 +148 +148 +149 +157 +158 +155 +156 +103 +104 +105 +106 -154 -121 -120 +118 +119 +231 -117 -116 -137 -136 -135 -134 -133 -132 -131 -130 -129 -128 -127 -126 -125 -124 -123 -122 +150 +151 -110 -109 -108 -107 -145 -144 -143 -142 -141 -140 -139 -138 -115 -114 -113 -112 -111 -147 $
>BUMA.0721.00029.2
+21 +22 +23 +24 +25 +26 +27 +28 +29 +30 +31 +32 +33 +34 +35 +36 +37 +38 -2 -1 -71 -85 -84 -83 -82 +221 +222 +223 -80 -79 -78 -77 -76 -75 -74 +54 +57 -58 -72 -71 -70 -69 -68 +229 +230 +59 +60 +61 +62 -55 -228 -227 -226 -225 +63 +64 +65 +66 +67 +73 -53 -52 -51 -50 -49 -48 -47 -46 -45 -44 -43 -42 -41 -40 -39 +3 +4 +5 +6 +7 +8 +9 +10 +11 +12 +13 +14 +15 +16 +17 +18 +19 +20 $
>BUMA.0721.00031.2
+21 +22 +23 +24 +25 +26 +27 +28 +29 +30 +31 +32 +33 +34 +35 +36 +37 +38 +39 +40 +41 +42 +43 +44 +45 +46 +47 +48 +49 +50 +51 +52 +53 +57 +58 -67 +224 -66 -65 -64 -63 +225 +226 +227 +228 +59 +60 +61 +62 -230 -229 +68 +69 +70 +71 +72 +73 -55 -54 +74 +75 +76 +77 +78 +79 +80 -223 -222 -221 +81 +82 +83 +84 +85 +71 +1 +2 +3 +4 +5 +6 +7 +8 +9 +10 +11 +12 +13 +14 +15 +16 +17 +18 +19 +20 $
>BUMA.0721.00004.1
-190 +208 -199 -198 +209 +210 +211 +212 +213 +214 +215 +98 -100 -147 -146 +155 +156 +138 +139 +140 +141 +142 +143 +144 +145 -154 -153 -152 +106 +107 +108 +109 +110 -151 -150 -137 -136 -135 -134 +122 +123 +124 -131 -130 -129 -128 -127 -126 -133 -132 -125 -121 -120 -231 -119 -118 -117 -116 -115 -114 -113 -112 +111 -105 -104 -103 -102 -101 +99 +148 +149 +157 +158 +159 +160 +161 -167 -166 -165 -164 -163 -162 +168 +169 +170 +172 +173 +174 +175 +176 +177 +185 +186 +187 +188 +189 +178 +179 -218 -217 -216 -97 -96 -95 -94 -93 -92 -91 -90 -89 -88 -87 -86 -220 -219 +181 +182 +183 +184 -207 -206 -205 +197 -233 +200 +201 +202 +203 +204 -196 -195 -194 -193 -192 -191 $
>BUMA.0721.00025.1
+109 +110 -151 -150 -137 -136 +154 -145 -144 -143 -142 -141 -140 -139 -138 -135 -134 -125 -115 -114 -113 -112 -111 +152 +153 -102 -101 +99 +100 -98 -97 -96 -95 -94 -93 -92 -91 -90 -89 -88 -87 -86 -220 -219 +181 +182 +183 +184 +185 +186 +187 +188 +189 -204 -203 -202 -201 -200 +233 -199 -198 -197 -196 -195 -194 -193 -192 -191 -190 +208 +209 +210 +211 +212 +213 +214 +215 +216 +217 +218 +180 -179 -178 -177 -176 -175 -174 -173 -172 -171 -170 -169 -168 -166 -165 -164 -163 -162 -161 -160 -159 -158 -157 -149 -148 -147 -146 +155 +156 +103 +104 +105 +106 +132 +133 +126 +127 +128 +129 +130 +131 -124 -123 -122 +116 +117 +118 +119 +231 +120 +121 +107 +108 +109 +120 $
>BUMA.0721.00017.1
-146 +155 +156 +103 +104 +105 +106 +132 +133 +126 +127 +128 +129 +130 +131 -124 -123 -122 +116 +117 +118 +119 +231 +120 +121 +107 +108 +109 +107 +108 +109 +110 -151 -150 -137 -136 +154 -145 -144 -143 -142 -141 -140 -139 -138 -135 -134 -125 -115 -114 -113 -112 -111 +152 +153 -102 -101 +99 +100 -98 -97 -96 -95 -94 -93 -92 -91 -90 -89 -88 -86 -220 -219 +181 +182 +183 +184 +185 +186 +187 +188 +189 -204 -203 -202 -201 -200 +233 -199 -198 -197 -196 -195 -194 -193 -192 -191 -190 +208 +209 +210 +211 +212 +213 +214 +215 +216 +217 +218 +180 -179 -178 -177 -176 -175 -174 -173 -172 -171 -170 -169 -168 -167 -166 -165 -164 -163 -162 -161 -160 -159 -158 -157 -149 -148 -147 $
>BUMA.0721.00027.2
-12 -11 -10 -9 -8 -7 -6 -5 -4 -3 +39 +40 +41 +42 +43 +44 +45 +46 +47 +48 +49 +50 +51 +52 +53 -73 -67 -66 -65 -64 -63 +225 +226 +227 +228 +55 -62 -61 -60 -59 -230 -229 +68 +69 +70 +71 +72 +58 -57 -54 +74 +75 +76 +77 +78 +79 +80 -223 -222 -221 +82 +83 +84 +85 +71 +1 +2 -38 -37 -36 -35 -34 -33 -32 -31 -30 -29 -28 -27 -26 -25 -24 -23 -22 -21 -20 -19 -18 -17 -16 -15 -14 -13 $
>BUMA.0721.00002.2
+22 +23 +24 +25 +26 +27 -18 -17 -16 -15 -14 -13 -12 -11 -10 -9 -8 -7 -6 -5 -4 -3 +39 +40 +41 +42 +43 +44 +45 +46 +47 +49 +50 +51 +52 +53 -72 -71 -70 -69 -68 +229 +230 +54 +55 +56 +57 -58 -73 -67 -66 -65 -64 -63 +225 +226 +227 +228 -62 -61 -60 -59 +74 +75 +76 +77 +78 +79 +80 -223 -222 -221 +82 +83 +84 +85 +71 +1 +2 -38 -37 -36 -35 -34 -33 -32 -31 -30 -29 -28 +19 +20 +21 $
>BUMA.0721.00023.1
-146 +155 +156 +150 +151 +152 +148 +149 +157 +158 -159 +160 +161 +162 +163 +164 +165 +166 +167 +168 +169 +170 +171 +172 +173 +174 +175 +176 +177 +178 +179 +182 +183 +184 +185 +186 +187 +188 +189 -207 -206 -205 -204 -203 -202 -201 -200 -199 -198 -197 -196 -195 -194 -193 -192 -191 -190 +208 +209 +210 +211 +212 +213 +214 +215 +216 +217 +218 +219 +220 +86 +87 +88 +89 +90 +91 +92 +93 +94 +95 +96 -97 +98 +99 +100 +101 +102 +103 +104 +105 +106 +107 +108 +109 +110 +111 +112 +113 +114 +115 -119 -118 -117 -116 +120 +121 +122 +123 +124 -131 -130 -129 -128 -127 -126 -125 -180 -181 +132 +133 +134 +135 +136 +137 +138 +139 +140 +141 +142 +143 +144 +145 -154 -153 -147 $
>BUMA.0721.00028.1
+233 -199 -198 -197 -196 -195 -194 -204 -203 -202 -201 -189 -188 -187 -186 -185 -184 -183 -182 -181 +219 +220 +86 +97 +180 -179 -178 -177 -176 +87 +98 +99 +100 -161 -160 +159 -158 -157 -156 -155 +132 -133 +134 +135 +136 +137 +150 +151 +152 +153 +154 -145 -144 -143 -142 -141 -140 -139 -138 -149 -148 -147 -146 -231 -119 -118 +120 +121 -130 -129 -128 -127 -126 -125 -124 -123 -131 -112 -111 -115 -114 -113 +116 +117 -122 -83 -82 -110 -109 -108 -107 -106 +103 +104 +105 -102 -101 -92 -91 -90 -89 -88 -96 -95 -94 -93 -167 -166 -165 -164 -163 -162 +168 +169 +170 -171 +172 +173 +174 +175 -218 -217 -216 -215 -214 -213 -212 -211 -210 -209 -208 +190 +191 +192 +193 -207 -206 -205 +234 -200 +232 $
>BUMA.0721.00026.2
+17 +18 +19 +20 +21 +22 +23 +24 +25 +26 +27 +28 +29 +30 +31 +32 +33 +34 +35 +36 +39 +40 +41 +42 +43 -58 +57 +59 +60 +61 +62 -228 -227 -226 -225 +63 +64 +65 +66 +67 +68 +69 +70 +71 +72 +73 +74 +75 +82 +83 +84 +85 +71 +1 +2 +3 +4 +5 +6 +7 +8 +9 +10 +11 +12 +13 +14 +15 +16 $
