106	1
103	1
114	1
35	1
140	1
19	1
116	4
37	1
115	3
126	1
391	2
130	1
48	1
43	1
79	1
41	1
45	3
33	1
50	3
87	1
44	1
52	4
17	2
54	1
3	4
198	1
40	6
2	13
4	4
152	1
6	1
90	1
53	2
5	4
42	3
12	2
39	1
197	2
49	1
18	1
55	4
46	8
125	1
88	1
67	1
25	2
104	1
58	434
57	37
135	1
56	24
59	8
38	2
60	1
--------------------------------------------------------------------------------
YEPE.0221.00015	94.1438
YEPE.0221.00020	93.7872
YEPE.0221.00012	93.8873
YEPE.0221.00011	93.9505
YEPE.0221.00010	93.7647
YEPE.0221.00048	94.0735
YEPE.0221.00045	94.0456
YEPE.0221.00001	93.8878
YEPE.0221.00058	93.5575
YEPE.0221.00052	94.0674
YEPE.0221.00056	93.9514
YEPE.0221.00023	93.7768
YEPE.0221.00055	93.8102
YEPE.0221.00050	92.7057
YEPE.0221.00043	93.7595
YEPE.0221.00031	93.5931
YEPE.0221.00042	93.6752
YEPE.0221.00028	93.6739
YEPE.0221.00038	93.1642
YEPE.0221.00022	93.7934
YEPE.0221.00049	92.0512
YEPE.0221.00039	92.496
YEPE.0221.00054	93.8479
YEPE.0221.00016	93.1871
YEPE.0221.00013	93.9843
YEPE.0221.00041	93.9034
YEPE.0221.00006	94.1566
YEPE.0221.00004	93.8946
YEPE.0221.00026	93.215
YEPE.0221.00044	93.5664
YEPE.0221.00053	93.8845
YEPE.0221.00047	93.8023
YEPE.0221.00046	93.6723
YEPE.0221.00007	94.0845
YEPE.0221.00003	94.0998
YEPE.0221.00032	93.6074
YEPE.0221.00017	93.8063
YEPE.0221.00029	93.7102
YEPE.0221.00009	94.087
YEPE.0221.00014	92.5316
YEPE.0221.00019	93.7634
YEPE.0221.00005	93.4374
YEPE.0221.00018	92.9983
YEPE.0221.00027	93.7659
YEPE.0221.00025	93.994
YEPE.0221.00021	94.1047
YEPE.0221.00040	93.8037
YEPE.0221.00002	94.1043
YEPE.0221.00035	93.8506
YEPE.0221.00008	93.509
YEPE.0221.00024	93.4293
YEPE.0221.00036	93.8589
YEPE.0221.00030	93.7971
YEPE.0221.00051	93.1861
YEPE.0221.00033	93.3509
YEPE.0221.00034	93.5159
YEPE.0221.00037	93.4247
YEPE.0221.00057	94.2394
