>CP009010
+1 +2 +3 +4 +5 +6 +7 +8 +9 +10 +11 +12 +13 +14 +15 +16 +17 +18 +19 +20 +21 +22 +23 +24 +25 +26 +27 +28 +29 +30 +31 +32 +33 +34 +35 +36 +37 +38 +39 +40 +41 +42 +43 +44 +45 +46 +47 +48 +49 +50 +51 +52 +53 +54 +55 +56 +57 +58 +62 +63 +64 +65 +66 +67 +68 +69 +70 +71 +72 +73 +74 +75 +76 +77 +78 +79 +80 +81 +82 +83 +84 +85 +86 +87 +88 +89 +90 +91 +93 +94 +95 +96 +97 +98 +100 +101 +102 +103 +104 +105 +109 +110 +111 +112 +113 @
>CP009001
+1 +2 +3 +4 +5 +6 +7 +8 +9 +10 +11 +12 +13 +14 +15 +16 +17 +18 +19 +20 +21 +22 +23 +24 +25 +26 +27 +28 +29 +30 +31 +32 +33 +34 +35 +36 +37 +38 +39 +40 +41 +42 +43 +44 +45 +46 +47 +48 +49 +50 +51 +52 +53 +54 +55 +56 +57 +58 +62 +63 +64 +65 +66 +67 +68 +69 +70 +71 +72 +73 +74 +75 +76 +77 +78 +79 +80 +81 +82 +83 +84 +85 +86 +87 +88 +89 +90 +91 +93 +94 +95 +96 +97 +98 +100 +101 +102 +103 +104 +105 +109 +110 +111 +112 +113 @
>CP009016
+1 +2 +3 +4 +5 +6 +7 +8 +9 +10 +11 +12 +13 +14 +15 +16 +17 +18 +19 +20 +21 +22 +23 +24 +25 +26 +27 +28 +29 +30 +31 +32 +33 +34 +35 +36 +37 +38 +39 +40 +41 +42 +43 +44 +45 +46 +47 +48 +49 +50 +51 +52 +53 +54 +55 +56 +57 +58 +62 +63 +64 +65 +66 +67 +68 +69 +70 +71 +72 +73 +74 +75 +76 +77 +78 +79 +80 +81 +82 +83 +84 +85 +86 +87 +88 +89 +90 +91 +93 +94 +95 +96 +97 +98 +100 +101 +102 +103 +104 +105 +109 +110 +111 +112 +113 @
>CP009019
+1 +2 +3 +4 +5 +6 +7 +8 +9 +10 +11 +12 +13 +14 +15 +16 +17 +18 +19 +20 +21 +22 +23 +24 +25 +26 +27 +28 +29 +30 +31 +32 +33 +34 +35 +36 +37 +38 +39 +40 +41 +42 +43 +44 +45 +46 +47 +48 +49 +50 +51 +52 +53 +54 +55 +56 +57 +58 +62 +63 +64 +65 +66 +67 +68 +69 +70 +71 +72 +73 +74 +75 +76 +77 +78 +79 +80 +81 +82 +83 +84 +85 +86 +87 +88 +89 +90 +91 +93 +94 +95 +96 +97 +98 +100 +101 +102 +103 +104 +105 +109 +110 +111 +112 +113 @
>CP003778
+1 +2 -109 -105 -104 -103 -102 -101 -100 -110 +3 +4 +5 +6 +7 +8 +9 +10 +11 +12 +13 +14 +15 +16 +17 +18 -86 -85 -84 -83 +28 +29 +30 +31 +32 +33 +34 +35 -74 -73 -55 -54 -53 -52 -51 -50 -49 +62 +63 +64 +65 +66 +67 +68 +69 +70 +71 -42 +56 +57 +58 -48 -47 -46 -45 -44 -43 +72 -41 -40 -39 -38 -37 -36 +75 +76 +77 +78 +79 +80 +81 +82 -27 -26 -25 -24 -23 -22 -21 -20 -19 +87 +88 +89 +90 +91 +93 +94 +95 +96 +97 +98 +111 +112 +113 @
>CP009022
+1 +2 +3 +4 +5 +6 +7 +8 +9 +10 +11 +12 +13 +14 +15 +16 +17 +18 +19 +20 +21 +22 +23 +24 +25 +26 +27 +28 +29 +30 +31 +32 +33 +34 +35 +36 +37 +38 +39 +40 +41 +42 +43 +44 +45 +46 +47 +48 +49 +50 +51 +52 +53 +54 +55 +56 +57 +58 +62 +63 +64 +65 +66 +67 +68 +69 +70 +71 +72 +73 +74 +75 +76 +77 +78 +79 +80 +81 +82 +83 +84 +85 +86 +87 +88 +89 +90 +91 +93 +94 +95 +96 +97 +98 +100 +101 +102 +103 +104 +105 +109 +110 +111 +112 +113 @
>CM007619
-43 -42 -41 -40 -39 -38 -37 -36 -35 -34 -33 -32 -31 -30 -29 -28 -27 -26 -25 -24 -23 -22 -21 -20 -19 -18 -17 -16 -15 -14 -13 -12 -11 -10 -9 -8 -7 -6 -5 -4 -3 -2 -1 -113 -112 -111 -110 -109 -105 -104 -103 -102 -101 -100 -98 -97 -96 -95 -94 -93 -91 -90 -89 -88 -87 -86 -85 -84 -83 -82 -81 -80 -79 -78 -77 -76 -75 -74 -73 -72 -71 -70 -69 -68 -67 -66 -65 -64 -63 -62 -58 -57 -56 -55 -54 -53 -52 -51 -50 -49 -48 -47 -46 -45 -44 @
>CP009013
+1 +2 +3 +4 +5 +6 +7 +8 +9 +10 +11 +12 +13 +14 +15 +16 +17 +18 +19 +20 +21 +22 +23 +24 +25 +26 +27 +28 +29 +30 +31 +32 +33 +34 +35 +36 +37 +38 +39 +40 +41 +42 +43 +44 +45 +46 +47 +48 +49 +50 +51 +52 +53 +54 +55 +56 +57 +58 +62 +63 +64 +65 +66 +67 +68 +69 +70 +71 +72 +73 +74 +75 +76 +77 +78 +79 +80 +81 +82 +83 +84 +85 +86 +87 +88 +89 +90 +91 +93 +94 +95 +96 +97 +98 +100 +101 +102 +103 +104 +105 +109 +110 +111 +112 +113 @
>CM007622
+47 +48 +49 +50 +51 +52 +53 +54 +55 +56 +57 +58 +62 +63 +64 +65 +66 +67 +68 +69 +70 +71 +72 +73 +74 +75 +76 +77 +78 +79 +80 +81 +82 +83 +84 +85 +86 +87 +88 +89 +90 +91 +93 +94 +95 +96 +97 +98 +100 +101 +102 +103 +104 +105 +109 +110 +111 +112 +113 +1 +2 +3 +4 +5 +6 +7 +8 +9 +10 +11 +12 +13 +14 +15 +16 +17 +18 +19 +20 +21 +22 +23 +24 +25 +26 +27 +28 +29 +30 +31 +32 +33 +34 +35 +36 +37 +39 +40 +41 +42 +43 +44 +45 +46 @
>LN590509
+1 +2 +3 +4 +5 +6 -112 +9 +10 +11 +12 +13 +14 +15 +16 +17 +18 +19 +20 +21 +22 +23 +24 +25 +26 +27 +28 +29 +30 +31 +32 +33 +34 +35 +36 +37 +39 +40 +41 +42 +43 +44 +45 +46 +48 +49 +50 +51 +52 +64 +65 +66 -53 +67 +68 +69 +70 +71 +72 +73 +74 +75 +76 +77 +78 +79 +80 +81 +82 +83 +84 +85 +86 +87 +88 +89 +90 +91 +93 +94 +95 +96 +97 +98 +100 +101 +102 +103 -8 -7 +104 +105 +109 +110 +111 +113 +47 @
>CP009025
+1 +2 +3 +4 +5 +6 +7 +8 +9 +10 +11 +12 +13 +14 +15 +16 +17 +18 +19 +20 +21 +22 +23 +24 +25 +26 +27 +28 +29 +30 +31 +32 +33 +34 +35 +36 +37 +38 +39 +40 +41 +42 +43 +44 +45 +46 +47 +48 +49 +50 +51 +52 +53 +54 +55 +56 +57 +58 +62 +63 +64 +65 +66 +67 +68 +69 +70 +71 +72 +73 +74 +75 +76 +77 +78 +79 +80 +81 +82 +83 +84 +85 +86 +87 +88 +89 +90 +91 +93 +94 +95 +96 +97 +98 +100 +101 +102 +103 +104 +105 +109 +110 +111 +112 +113 @
>CP009028
+1 +2 +3 +4 +5 +6 +7 +8 +9 +10 +11 +12 +13 +14 +15 +16 +17 +18 +19 +20 +21 +22 +23 +24 +25 +26 +27 +28 +29 +30 +31 +32 +33 +34 +35 +36 +37 +38 +39 +40 +41 +42 +43 +44 +45 +46 +47 +48 +49 +50 +51 +52 +53 +54 +55 +56 +57 +58 +62 +63 +64 +65 +66 +67 +68 +69 +70 +71 +72 +73 +74 +75 +76 +77 +78 +79 +80 +81 +82 +83 +84 +85 +86 +87 +88 +89 +90 +91 +93 +94 +95 +96 +97 +98 +100 +101 +102 +103 +104 +105 +109 +110 +111 +112 +113 @
>CP009007
+1 +2 +3 +4 +5 +6 +7 +8 +9 +10 +11 +12 +13 +14 +15 +16 +17 +18 +19 +20 +21 +22 +23 +24 +25 +26 +27 +28 +29 +30 +31 +32 +33 +34 +35 +36 +37 +38 +39 +40 +41 +42 +43 +44 +45 +46 +47 +48 +49 +50 +51 +52 +53 +54 +55 +56 +57 +58 +62 +63 +64 +65 +66 +67 +68 +69 +70 +71 +72 +73 +74 +75 +76 +77 +78 +79 +80 +81 +82 +83 +84 +85 +86 +87 +88 +89 +90 +91 +93 +94 +95 +96 +97 +98 +100 +101 +102 +103 +104 +105 +109 +110 +111 +112 +113 @
>CP009034
+1 +2 -109 -105 -104 -103 -102 -101 -100 -110 +3 +4 +5 +6 +7 +8 +9 +10 +11 +12 +13 +14 +15 +16 +17 +18 -86 -85 -84 -83 +28 +29 +30 +31 +32 +33 +34 +35 -74 -73 -55 -54 -53 -52 -51 -50 -49 +62 +63 +64 +65 +66 +67 +68 +69 +70 +71 -42 +56 +57 +58 -48 -47 -46 -45 -44 -43 +72 -41 -40 -39 -38 -37 -36 +75 +76 +77 +78 +79 +80 +81 +82 -27 -26 -25 -24 -23 -22 -21 -20 -19 +87 +88 +89 +90 +91 +93 +94 +95 +96 +97 +98 +111 +112 +113 @
>CP011827
+1 +2 +3 +4 +5 +6 +7 +8 +9 +10 +11 +12 +13 +14 +15 +16 +17 +18 +19 +20 +21 +22 +23 +24 +25 +26 +27 +28 +29 +30 +31 +32 +33 +34 +35 +36 +37 +38 +39 +40 +41 +42 +43 +44 +45 +46 +47 +48 +49 +50 +51 +52 +53 +54 +55 +56 +57 +58 +62 +63 +64 +65 +66 +67 +68 +69 +70 +71 +72 +73 +74 +75 +76 +77 +78 +79 +80 +81 +82 +83 +84 +85 +86 +87 +88 +89 +90 +91 +93 +94 +95 +96 +97 +98 +100 +101 +102 +103 +104 +105 +109 +110 +111 +112 +113 @
>CP009031
+1 +2 -109 -105 -104 -103 -102 -101 -100 -110 +3 +4 +5 +6 +7 +8 +9 +10 +11 +12 +13 +14 +15 +16 +17 +18 -86 -85 -84 -83 +28 +29 +30 +31 +32 +33 +34 +35 -74 -73 -55 -54 -53 -52 -51 -50 -49 +62 +63 +64 +65 +66 +67 +68 +69 +70 +71 -42 +56 +57 +58 -48 -47 -46 -45 -44 -43 +72 -41 -40 -39 -38 -37 -36 +75 +76 +77 +78 +79 +80 +81 +82 -27 -26 -25 -24 -23 -22 -21 -20 -19 +87 +88 +89 +90 +91 +93 +94 +95 +96 +97 +98 +111 +112 +113 @
>CP018854
+104 +105 +109 +110 +111 +112 +113 +1 +2 +3 +4 +5 +6 +7 +8 +9 +10 +11 +12 +13 +14 +15 +16 +17 +18 +19 +20 +21 +22 +23 +24 +25 +26 +27 +28 +29 +30 +31 +32 +33 +34 +35 +36 +37 +38 +39 +40 +41 +42 +43 +44 +45 +46 +47 +48 +49 +50 +51 +52 +53 +54 +55 +56 +57 +58 +62 +63 +64 +65 +66 +67 +68 +69 +70 +71 +72 +73 +74 +75 +76 +77 +78 +79 +80 +81 +82 +83 +84 +85 +86 +87 +88 +89 +90 +91 +93 +94 +95 +96 +97 +98 +100 +101 +102 +103 @
>AE008923
+1 +2 +3 +4 +5 +6 +7 +8 +9 +10 +11 +12 +13 +14 +15 +16 +17 +18 +19 +20 +21 +22 +23 +24 +25 +26 +27 +28 +29 +30 +31 +32 +33 +34 +35 +36 +37 +38 +39 +40 +41 +42 +43 +44 +45 +46 +47 +48 +49 +50 +51 +52 +53 +54 +55 +56 +57 +58 +62 +63 +64 +65 +66 +67 +68 +69 +70 +71 +72 +73 +74 +75 +76 +77 +78 +79 +80 +81 +82 +83 +84 +85 +86 +87 +88 +89 +90 +91 +93 +94 +95 +96 +97 +98 +100 +101 +102 +103 +104 +105 +109 +110 +111 +112 +113 @
>CP018847
-12 -11 -10 -9 -8 -7 -6 -5 -4 -3 -2 -1 -113 -112 -111 -110 -109 -105 -104 -103 -102 -101 -100 -98 -97 -96 -95 -94 -93 -91 -90 -89 -88 -87 -86 -85 -84 -83 -82 -81 -80 -79 -78 -77 -76 -75 -74 -73 -72 -71 -70 -69 -68 -67 -66 -65 -64 -63 -62 -58 -57 -56 -55 -54 -53 -52 -51 -50 -49 -48 -47 -46 -45 -44 -43 -42 -41 -40 -39 -38 -37 -36 -35 -34 -33 -32 -31 -30 -29 -28 -27 -26 -25 -24 -23 -22 -21 -20 -19 -18 -17 -16 -15 -14 -13 @
>CP018858
-80 -79 -78 -77 -76 -75 -74 -73 -72 -71 -70 -69 -68 -67 -66 -65 -64 -63 -62 -58 -57 -56 -55 -54 -53 -52 -51 -50 -49 -48 -47 -46 -45 -44 -43 -42 -41 -40 -39 -38 -37 -36 -35 -34 -33 -32 -31 -30 -29 -28 -27 -26 -25 -24 -23 -22 -21 -20 -19 -18 -17 -16 -15 -14 -13 -12 -11 -10 -9 -8 -7 -6 -5 -4 -3 -2 -1 -113 -112 -111 -110 -109 -105 -104 -103 -102 -101 -100 -98 -97 -96 -95 -94 -93 -91 -90 -89 -88 -87 -86 -85 -84 -83 -82 -81 @
>CP009040
+1 +2 -109 -105 -104 -103 -102 -101 -100 -110 +3 +4 +5 +6 +7 +8 +9 +10 +11 +12 +13 +14 +15 +16 +17 +18 -86 -85 -84 -83 +28 +29 +30 +31 +32 +33 +34 +35 -74 -73 -55 -54 -53 -52 -51 -50 -49 +62 +63 +64 +65 +66 +67 +68 +69 +70 +71 -42 +56 +57 +58 -48 -47 -46 -45 -44 -43 +72 -41 -40 -39 -38 -37 -36 +75 +76 +77 +78 +79 +80 +81 +82 -27 -26 -25 -24 -23 -22 -21 -20 -19 +87 +88 +89 +90 +91 +93 +94 +95 +96 +97 +98 +111 +112 +113 @
>CP009004
+1 +2 +3 +4 +5 +6 +7 +8 +9 +10 +11 +12 +13 +14 +15 +16 +17 +18 +19 +20 +21 +22 +23 +24 +25 +26 +27 +28 +29 +30 +31 +32 +33 +34 +35 +36 +37 +38 +39 +40 +41 +42 +43 +44 +45 +46 +47 +48 +49 +50 +51 +52 +53 +54 +55 +56 +57 +58 +62 +63 +64 +65 +66 +67 +68 +69 +70 +71 +72 +73 +74 +75 +76 +77 +78 +79 +80 +81 +82 +83 +84 +85 +86 +87 +88 +89 +90 +91 +93 +94 +95 +96 +97 +98 +100 +101 +102 +103 +104 +105 +109 +110 +111 +112 +113 @
>CP018850
+46 +47 +48 +49 +50 +51 +52 +53 +54 +55 +56 +57 +58 +62 +63 +64 +65 +66 +67 +68 +69 +70 +71 +72 +73 +74 +75 +76 +77 +78 +79 +80 +81 +82 +83 +84 +85 +86 +87 +88 +89 +90 +91 +93 +94 +95 +96 +97 +98 +100 +101 +102 +103 +104 +105 +109 +110 +111 +112 +113 +1 +2 +3 +4 +5 +6 +7 +8 +9 +10 +11 +12 +13 +14 +15 +16 +17 +18 +19 +20 +21 +22 +23 +24 +25 +26 +27 +28 +29 +30 +31 +32 +33 +34 +35 +36 +37 +38 +39 +40 +41 +42 +43 +44 +45 @
>CP008995
+1 +2 +3 +4 +5 +6 +7 +8 +9 +10 +11 +12 +13 +14 +15 +16 +17 +18 +19 +20 +21 +22 +23 +24 +25 +26 +27 +28 +29 +30 +31 +32 +33 +34 +35 +36 +37 +38 +39 +40 +41 +42 +43 +44 +45 +46 +47 +48 +49 +50 +51 +52 +53 +54 +55 +56 +57 +58 +62 +63 +64 +65 +66 +67 +68 +69 +70 +71 +72 +73 +74 +75 +76 +77 +78 +79 +80 +81 +82 +83 +84 +85 +86 +87 +88 +89 +90 +91 +93 +94 +95 +96 +97 +98 +100 +101 +102 +103 +104 +105 +109 +110 +111 +112 +113 @
>CP009037
+1 +2 -109 -105 -104 -103 -102 -101 -100 -110 +3 +4 +5 +6 +7 +8 +9 +10 +11 +12 +13 +14 +15 +16 +17 +18 -86 -85 -84 -83 +28 +29 +30 +31 +32 +33 +34 +35 -74 -73 -55 -54 -53 -52 -51 -50 -49 +62 +63 +64 +65 +66 +67 +68 +69 +70 +71 -42 +56 +57 +58 -48 -47 -46 -45 -44 -43 +72 -41 -40 -39 -38 -37 -36 +75 +76 +77 +78 +79 +80 +81 +82 -27 -26 -25 -24 -23 -22 -21 -20 -19 +87 +88 +89 +90 +91 +93 +94 +95 +96 +97 +98 +111 +112 +113 @
>LN606820
+1 +2 +3 +4 +5 +6 +9 +10 +11 +12 +13 +14 -8 -7 +15 +16 +17 +18 +19 +20 +21 +22 +23 +24 +25 +26 +27 +28 +29 +30 +31 +32 +33 +34 +35 +36 +37 +38 +39 +40 +41 +42 +43 +44 +45 +46 +47 +48 +49 +50 +51 +52 +53 +54 +55 +56 +57 +58 +62 +63 +64 +65 +66 +67 +68 +69 +70 +71 +72 +73 +74 +75 +76 +77 +78 +79 +80 +81 +82 +83 +84 +85 +86 +87 +88 +89 +90 +91 +93 +94 +95 +96 +97 +98 +100 +101 +102 +103 +104 +105 +109 +110 +111 +112 +113 @
>CP008998
+1 +2 +3 +4 +5 +6 +7 +8 +9 +10 +11 +12 +13 +14 +15 +16 +17 +18 +19 +20 +21 +22 +23 +24 +25 +26 +27 +28 +29 +30 +31 +32 +33 +34 +35 +36 +37 +38 +39 +40 +41 +42 +43 +44 +45 +46 +47 +48 +49 +50 +51 +52 +53 +54 +55 +56 +57 +58 +62 +63 +64 +65 +66 +67 +68 +69 +70 +71 +72 +73 +74 +75 +76 +77 +78 +79 +80 +81 +82 +83 +84 +85 +86 +87 +88 +89 +90 +91 +93 +94 +95 +96 +97 +98 +100 +101 +102 +103 +104 +105 +109 +110 +111 +112 +113 @
>CP020889
+78 +79 +80 +81 +82 -27 -26 -25 -24 -23 -22 -21 -20 -19 +86 -18 -17 -16 -15 -14 -13 -12 -11 +87 +88 +89 +90 +91 +93 +94 +95 +96 +97 +98 +111 +112 +113 +1 +2 -109 -105 -104 -103 -102 -101 -100 -110 +3 +4 +5 +6 +7 +8 +9 +10 -85 -84 -83 +28 +29 +30 +31 +32 +33 +34 +35 +36 +37 +38 +39 +40 +41 -72 -71 -70 -69 -68 -67 -66 -65 -64 -63 -62 +49 +50 +51 +52 +53 +54 +55 -48 -47 -46 -45 -44 -43 -42 +73 +74 +75 +76 +77 @
>CP023285
+111 +112 +113 +1 +2 +3 +4 +5 +6 +7 +8 +9 +10 +11 +12 +13 +14 +15 +16 +17 +18 +19 +20 +21 +22 +23 +24 +25 +26 +27 +28 +29 +30 +31 +32 +33 +34 +35 +36 +37 +38 +39 +40 +41 +42 +43 +44 +45 +46 +47 +48 +49 +50 +51 +52 +53 +54 +55 +56 +57 +58 +62 +63 +64 +65 +66 +67 +68 +69 +70 +71 +72 +73 +74 +75 +76 +77 +78 +79 +80 +81 +82 +83 +84 +85 +86 +87 +88 +89 +90 +91 +93 +94 +95 +96 +97 +98 +100 +101 +102 +103 +104 +105 +109 +110 @
>CP020882
-3 +110 +100 +101 +102 +103 +104 +105 +109 -2 -1 -113 -112 -111 -98 -97 -96 -95 -94 -93 -91 -90 -89 -88 -87 -85 -84 -83 +28 +29 +30 +31 +32 +33 +34 +35 +36 +37 +38 +39 +40 +41 -72 -71 -70 -69 -68 -67 -66 -65 -64 -63 -62 +49 +50 +51 +52 +53 +54 +55 -48 -47 -46 -45 -44 -43 -42 +73 +74 +75 +76 +77 +78 +79 +80 +81 +82 -27 -26 -25 -24 -23 -22 -21 -20 -19 +86 -18 -17 -16 -15 -14 -13 -12 -11 -10 -9 -8 -7 -6 -5 -4 @
>CP008989
+1 +2 +3 +4 +5 +6 +7 +8 +9 +10 +11 +12 +13 +14 +15 +16 +17 +18 +19 +20 +21 +22 +23 +24 +25 +26 +27 +28 +29 +30 +31 +32 +33 +34 +35 +36 +37 +38 +39 +40 +41 +42 +43 +44 +45 +46 +47 +48 +49 +50 +51 +52 +53 +54 +55 +56 +57 +58 +62 +63 +64 +65 +66 +67 +68 +69 +70 +71 +72 +73 +74 +75 +76 +77 +78 +79 +80 +81 +82 +83 +84 +85 +86 +87 +88 +89 +90 +91 +93 +94 +95 +96 +97 +98 +100 +101 +102 +103 +104 +105 +109 +110 +111 +112 +113 @
>CP020885
+21 +22 +23 +24 +25 +26 +27 +28 +29 +30 +31 +32 +33 +34 +35 +36 +37 -83 -82 -81 -80 -79 -78 -77 -76 -75 -74 -73 -72 -71 -70 -69 -68 -67 -66 -65 -64 -63 -62 -58 +57 -56 -55 -54 -53 -52 -51 -50 -49 +84 +85 -38 -48 -47 -46 -45 -44 -43 -42 -41 -40 -39 +86 +87 +88 +89 +90 +91 +93 +94 +95 +96 +97 +98 +100 -101 +102 +103 +104 +105 +109 +110 +111 +112 +113 +1 +2 +3 +4 +5 +6 +7 +8 +9 +10 +11 +12 +13 +14 +15 +16 +17 +18 +19 +20 @
>CP008992
+1 +2 +3 +4 +5 +6 +7 +8 +9 +10 +11 +12 +13 +14 +15 +16 +17 +18 +19 +20 +21 +22 +23 +24 +25 +26 +27 +28 +29 +30 +31 +32 +33 +34 +35 +36 +37 +38 +39 +40 +41 +42 +43 +44 +45 +46 +47 +48 +49 +50 +51 +52 +53 +54 +55 +56 +57 +58 +62 +63 +64 +65 +66 +67 +68 +69 +70 +71 +72 +73 +74 +75 +76 +77 +78 +79 +80 +81 +82 +83 +84 +85 +86 +87 +88 +89 +90 +91 +93 +94 +95 +96 +97 +98 +100 +101 +102 +103 +104 +105 +109 +110 +111 +112 +113 @
>CP006857
+1 +2 +3 +4 +5 +6 +7 +8 +9 +10 +11 +12 +13 +14 +15 +16 +17 +18 +19 +20 +21 +22 +23 +24 +25 +26 +27 +28 +29 +30 +31 +32 +33 +34 +35 +36 +37 +38 +39 +40 +41 +42 +43 +44 +45 +46 +47 +48 +49 +50 +51 +52 +53 +54 +55 +56 +57 +58 +62 +63 +64 +65 +66 +67 +68 +69 +70 +71 +72 +73 +74 +75 +76 +77 +78 +79 +80 +81 +82 +83 +84 +85 +86 +87 +88 +89 +90 +91 +93 +94 +95 +96 +97 +98 +100 +101 +102 +103 +104 +105 +109 +110 +111 +112 +113 @
