25	3
52	2
38	1
30	7
6	12
36	2
58	1
66	2
27	2
37	3
34	2
31	3
48	3
21	4
54	1
9	19
33	4
43	3
28	4
32	3
77	1
10	4
89	1
40	3
29	3
63	3
19	4
98	1
20	4
99	3
44	2
95	27
16	11
53	1
67	1
4	18
78	1
70	3
2	62
82	1
3	38
24	3
61	2
22	2
17	5
96	314
84	1
5	9
42	4
75	2
15	5
94	4
57	2
50	1
92	7
13	5
26	3
87	2
8	19
14	3
93	4
7	21
86	2
91	4
12	6
18	4
97	7
23	2
11	5
327	1
35	3
--------------------------------------------------------------------------------
STPN.0321.00009	81.6935
STPN.0321.00002	77.0976
STPN.0321.00011	78.8449
STPN.0321.00039	79.777
STPN.0321.00007	79.6175
STPN.0321.00063	78.7019
STPN.0321.00004	73.7668
STPN.0321.00041	79.556
STPN.0321.00006	79.2843
STPN.0321.00070	78.2729
STPN.0321.00020	78.2822
STPN.0321.00010	77.8167
STPN.0321.00025	79.511
STPN.0321.00023	80.8251
STPN.0321.00024	78.5106
STPN.0321.00029	79.3453
STPN.0321.00014	79.2381
STPN.0321.00064	82.2162
STPN.0321.00042	79.6902
STPN.0321.00065	79.4993
STPN.0321.00051	79.2666
STPN.0321.00067	80.529
STPN.0321.00060	79.7245
STPN.0321.00056	79.9958
STPN.0321.00048	79.3129
STPN.0321.00084	79.5476
STPN.0321.00030	79.2081
STPN.0321.00055	80.1878
STPN.0321.00031	79.3751
STPN.0321.00061	80.314
STPN.0321.00088	80.6876
STPN.0321.00038	78.6758
STPN.0321.00027	79.3769
STPN.0321.00043	79.3334
STPN.0321.00013	80.0977
STPN.0321.00086	79.6257
STPN.0321.00034	80.2999
STPN.0321.00045	78.3562
STPN.0321.00047	78.6669
STPN.0321.00028	78.8937
STPN.0321.00092	78.3404
STPN.0321.00033	79.4606
STPN.0321.00019	78.2261
STPN.0321.00095	79.2564
STPN.0321.00032	80.2787
STPN.0321.00085	80.3036
STPN.0321.00054	81.4405
STPN.0321.00044	81.4792
STPN.0321.00022	78.4825
STPN.0321.00059	78.3008
STPN.0321.00046	80.1006
STPN.0321.00087	78.1629
STPN.0321.00049	80.2402
STPN.0321.00037	79.1769
STPN.0321.00012	77.8421
STPN.0321.00094	78.4951
STPN.0321.00089	80.3031
STPN.0321.00026	77.7768
STPN.0321.00057	80.1387
STPN.0321.00052	79.5516
STPN.0321.00074	80.1157
STPN.0321.00036	79.312
STPN.0321.00072	80.2402
STPN.0321.00001	79.5665
STPN.0321.00073	77.7587
STPN.0321.00053	79.8309
STPN.0321.00021	78.3034
STPN.0321.00058	80.3374
STPN.0321.00097	79.2599
STPN.0321.00077	77.1407
STPN.0321.00083	79.6011
STPN.0321.00071	78.1827
STPN.0321.00068	80.6347
STPN.0321.00050	79.9217
STPN.0321.00062	80.0132
STPN.0321.00008	79.5975
STPN.0321.00069	79.8511
STPN.0321.00017	78.1036
STPN.0321.00091	77.8308
STPN.0321.00093	78.5031
STPN.0321.00079	79.4392
STPN.0321.00003	79.7805
STPN.0321.00076	77.8731
STPN.0321.00078	78.792
STPN.0321.00075	78.802
STPN.0321.00040	78.2692
STPN.0321.00081	79.0809
STPN.0321.00066	80.2671
STPN.0321.00080	79.711
STPN.0321.00015	80.1863
STPN.0321.00035	80.0977
STPN.0321.00016	79.5354
STPN.0321.00082	79.1581
STPN.0321.00018	79.3371
STPN.0321.00090	80.5811
STPN.0321.00005	80.1953
