27	1
67	1
66	1
35	1
19	4
23	2
98	1
24	1
18	2
20	7
16	18
21	17
14	7
32	2
5	36
22	260
4	23
11	20
9	20
3	43
2	45
43	1
6	26
44	1
7	8
8	22
10	30
15	8
13	10
12	10
17	10
--------------------------------------------------------------------------------
LEPN.0521.00013	89.6233
LEPN.0521.00020	88.98
LEPN.0521.00012	89.5708
LEPN.0521.00021	89.6309
LEPN.0521.00015	87.1813
LEPN.0521.00016	86.7345
LEPN.0521.00003	87.9875
LEPN.0521.00011	88.0088
LEPN.0521.00014	89.4663
LEPN.0521.00005	86.9506
LEPN.0521.00004	88.0124
LEPN.0521.00008	89.1199
LEPN.0521.00022	88.3282
LEPN.0521.00017	89.32
LEPN.0521.00018	88.2708
LEPN.0521.00010	88.7728
LEPN.0521.00001	84.6049
LEPN.0521.00019	88.7048
LEPN.0521.00007	88.7728
LEPN.0521.00006	88.9105
LEPN.0521.00002	89.6656
LEPN.0521.00009	88.7728
