>BUMA.0721.00008.2
+3 +4 +5 +6 +7 +8 +9 +10 +11 +12 +14 +15 +16 +17 +20 +21 +22 +23 +24 +25 +26 +27 +28 +29 +30 +31 +32 +33 +34 +35 +36 +37 +38 +39 +40 +41 +42 +43 +44 +45 +46 +47 +49 +50 +51 +52 +53 +54 +55 +57 +58 +59 +60 +61 +62 +67 +72 +73 +74 +75 +77 +78 +79 +80 +82 +83 @
>BUMA.0721.00010.1
+86 +87 +88 +89 +90 +91 +92 +93 +94 +95 +96 +97 +98 +99 +100 +101 +102 +103 +104 +105 +106 +110 +113 +114 +115 +116 +117 +118 +119 +122 +123 +124 +125 +126 +127 +128 +129 +130 +131 +132 +133 +134 +135 +136 +137 +138 +139 +140 +141 +142 +143 +144 +145 +146 +147 +149 +150 +151 +152 +153 +154 +155 +156 +157 +158 +159 +160 +161 +162 +163 +164 +165 +166 +167 +168 +169 +171 +175 +176 +177 +178 +179 +180 +181 +182 +183 +184 +186 +187 +188 +190 +191 +192 +193 +194 +195 +196 +197 +198 +199 +200 +201 +202 +203 +204 +208 +209 +210 +211 +212 +213 +214 +215 +216 +217 +218 +219 +220 @
>BUMA.0721.00014.2
+21 +22 +23 +24 +25 +26 +27 -12 -11 -10 -9 -8 -7 -6 -5 -4 -3 -83 -82 -80 -79 -78 -77 +57 -58 -67 +59 +60 +61 +62 +72 +73 -55 -54 +74 +75 -53 -52 -51 -50 -49 -47 -46 -45 -44 -43 -42 -41 -40 -39 -38 -37 -36 -35 -34 -33 -32 -31 -30 -29 -28 +14 +15 +16 +17 +20 @
>BUMA.0721.00015.2
+21 +22 +23 +24 +25 +26 +27 -12 -11 -10 -9 -8 -7 -6 -5 -4 -3 -83 -82 -80 -79 -78 -77 +57 -58 -67 +59 +60 +61 +62 +72 +73 -55 -54 +74 +75 -53 -52 -51 -50 -49 -47 -46 -45 -44 -43 -42 -41 -40 -39 -38 -37 -36 -35 -34 -33 -32 -31 -30 -29 -28 +14 +15 +16 +17 +20 @
>BUMA.0721.00012.2
-24 -23 -22 -21 -20 +28 +29 +30 +31 +32 +33 +34 +35 +36 +39 +40 +41 +42 +43 +44 +45 +46 +47 +49 +50 +51 +52 +53 -73 -72 +59 +60 +61 +62 +67 +58 -57 -55 -54 +74 +75 +77 +78 +79 +80 +82 +83 +3 +4 +5 +6 +7 +8 +9 +10 +11 +12 +14 +15 +16 +17 -27 -26 -25 @
>BUMA.0721.00012.1
-146 +155 +156 +116 +117 +118 +119 +122 +110 -135 -134 +138 +139 +140 +141 +142 +143 +144 +145 -154 -153 -152 -151 -150 -137 -136 -130 -129 -128 -127 -126 -125 +132 +133 -115 -114 -113 +131 -124 -123 -106 -105 -104 -103 -102 -101 -100 -99 -98 -97 -96 -95 -94 -93 -92 -91 -90 -89 -88 -87 -86 -220 -219 +181 +182 +183 +184 +190 +191 +192 +193 +194 +195 +196 +188 -204 -203 -202 -201 -200 -199 -198 -197 -187 -186 +208 +209 +210 +211 +212 +213 +214 +215 +216 +217 +218 +180 -179 -178 -177 -176 -175 -171 -169 -168 +162 +163 +164 +165 +166 +167 -161 -159 +160 -158 -157 -149 -147 @
>BUMA.0721.00014.1
-146 +155 +156 +103 +104 +105 +106 +132 +133 +126 +127 +128 +129 +130 +131 -124 -123 -122 +116 +117 +118 +119 +110 -151 -150 -137 -136 +154 -145 -144 -143 -142 -141 -140 -139 -138 -135 -134 -125 -115 -114 -113 +152 +153 -102 -101 +99 +100 -98 -97 -96 -95 -94 -93 -92 -91 -90 -89 -88 -87 -86 -220 -219 +181 +182 +183 +184 +186 +187 +188 -204 -203 -202 -201 -200 -199 -198 -197 -196 -195 -194 -193 -192 -191 -190 +208 +209 +210 +211 +212 +213 +214 +215 +216 +217 +218 +180 -179 -178 -177 -176 -171 -169 -168 -167 -166 -165 -164 -163 -162 -161 -160 -159 -158 -157 -149 -147 @
>BUMA.0721.00003.1
+119 +125 -130 -129 -128 -127 -126 +116 +117 -122 -161 -160 +159 -158 -157 -149 -147 -146 +155 +156 +103 +104 +105 +106 +110 -132 -124 -123 -131 +100 -96 -95 -94 -93 -167 -166 -165 -164 -163 -162 +168 +169 -171 +175 +176 +177 +194 +195 +196 +197 +198 +199 +200 -204 -203 -202 -193 -192 -191 -190 +208 +209 +210 +211 +212 +213 +214 +215 +216 +217 +218 -179 -178 -201 -188 -187 -186 -183 -182 -181 +219 +220 +86 +97 -87 +98 +88 +89 +90 +91 +92 +101 +102 +138 +139 +140 +141 +142 +143 +144 +145 -154 +152 +153 -151 -150 +134 +135 +136 +137 -133 +113 +114 +115 +118 @
>BUMA.0721.00003.2
-80 -79 -78 -77 -67 -75 -74 +55 -73 -72 -83 -82 +59 +60 +61 +62 +58 -57 -53 -52 -51 -50 -49 -47 -43 -42 -41 -40 -38 -37 -36 -35 -34 -33 +15 +16 +17 -27 -25 -24 -23 -22 -21 -20 +28 +29 +30 +31 +32 -14 -12 -11 -10 -9 -7 -6 -5 -4 +39 @
>BUMA.0721.00011.1
-127 -126 -125 +132 +133 +134 +135 +136 +137 +138 +139 +140 +141 +142 +143 +144 +145 -119 -118 +149 +150 +151 +116 +117 -147 -146 +155 +156 +157 +158 +159 +160 -96 -95 -94 -93 -92 -91 -90 -89 -88 -87 -86 -220 -219 -218 -217 -216 -215 -214 -213 -212 -211 -210 -209 -208 +190 +191 +192 +193 +194 +195 +196 +197 +198 +199 +200 +201 +202 +203 +204 -188 -187 -186 -184 -183 -182 +97 +161 +162 +163 +164 +165 +166 +168 +169 +171 +175 +176 +177 +178 +179 +180 +181 +98 +99 +100 +101 +102 +103 +104 +105 +106 +110 +113 +114 +115 +152 +153 +154 +122 +123 +124 -131 -130 -129 -128 @
>BUMA.0721.00002.1
-198 -197 -196 -195 -194 -193 -192 -191 -190 -188 -187 -186 -184 -183 -182 -181 -180 -179 -178 -177 -176 -175 -171 -169 -168 -167 -166 -165 -164 -163 -162 -161 -160 -159 -158 -157 -156 -155 -154 -153 -152 -151 -150 -149 -147 -146 -145 -144 -143 -142 -141 -140 -139 -138 -137 -136 -135 -134 -133 -132 -131 -130 -129 -128 -127 -126 -125 -124 -123 -122 -119 -118 -117 -116 -115 -114 -113 -110 -106 -105 -104 -103 -102 -101 -100 -99 -98 -97 -96 -95 -94 -93 -92 -91 -90 -89 -88 -87 -86 -220 -219 -218 -217 -216 -215 -214 -213 -212 -211 -210 -209 -208 -204 -203 -202 -201 -200 -199 @
>BUMA.0721.00006.2
+53 +57 +58 -67 +59 +60 +61 +62 +72 +73 -55 -54 +74 +75 +77 +78 +79 +80 +82 +83 +3 +4 +5 +6 +7 +8 +9 +10 +11 +12 +14 +15 +16 +17 +20 +21 +22 +23 +24 +25 +26 +27 +28 +29 +30 +31 +32 +33 +34 +35 +36 +37 +38 +39 +40 +41 +42 +43 +44 +45 +46 +47 +49 +50 +51 +52 @
>BUMA.0721.00007.2
-78 -77 -75 -74 -67 +59 +60 +61 +62 +72 +73 -55 -54 -58 -57 -53 -52 -51 -50 -49 -47 -46 -45 -44 -43 -42 -41 -40 -39 -38 -37 -36 -35 -34 -33 -32 -31 -30 -29 -28 -25 -24 -23 -22 -21 -20 -17 -16 -15 -14 -12 -11 -10 -9 -8 -7 -6 -5 -4 -3 -83 -82 -80 -79 @
>BUMA.0721.00011.2
+10 +11 +12 +14 +15 +16 +17 +20 +21 +22 +23 +24 +25 +26 +27 +28 +29 +30 +31 +32 +33 +34 +35 +36 -83 -82 -58 +54 -72 +59 +60 +61 +62 +67 +74 +75 +77 +78 +79 +80 -57 -55 -53 -52 -51 -50 -49 -47 -46 -45 -44 -43 -42 -41 -40 -39 +3 +4 +5 +6 +7 +8 +9 @
>BUMA.0721.00008.1
-100 -99 +101 +102 -110 -106 -105 -104 -103 -151 -150 -137 -136 -135 -134 -133 -132 -122 -124 -123 -131 -130 -129 -128 -127 -126 -125 -119 -118 -117 -116 -115 -114 -113 +152 +153 +154 -145 -144 -143 -142 -141 -140 -139 -138 -156 -155 +146 +147 +161 -97 -96 -95 -94 -93 -92 -91 -90 -89 -88 -87 -180 +179 -86 -220 -219 +181 +182 +183 +198 +199 +200 +201 +202 +203 +204 -188 -187 -186 -184 -197 -196 -195 -194 -193 -192 -191 -190 +208 +209 +210 +211 +212 +213 +214 +215 +216 +217 +218 -178 -177 -176 -175 +171 -169 -168 +162 +163 +164 +165 +166 +167 +98 -159 -158 -157 -149 -160 @
>BUMA.0721.00004.2
+54 +55 -73 -72 -62 -61 -60 -59 +74 +75 +77 +78 +79 +80 -47 -46 -45 -44 -43 -42 -41 -40 -39 -36 -35 -34 -33 -32 -31 -30 -29 -28 -27 -26 -25 -24 -23 -22 -21 -20 -17 -16 -15 -14 -12 -11 -10 -9 -8 -7 -6 -5 -4 -3 -83 -82 +58 -67 @
>BUMA.0721.00005.1
-192 -191 -190 +208 -199 -198 +209 +210 +211 +212 +213 +214 +215 +98 -100 -147 -146 +155 +156 +138 +139 +140 +141 +142 +143 +144 +145 -154 -153 -152 +106 +110 -151 -150 -137 -136 -135 -134 +122 +123 +124 -131 -130 -129 -128 -127 -126 -133 -132 -125 -119 -118 -117 -116 -115 -114 -113 -105 -104 -103 -102 -101 +99 +149 +157 +158 +159 +160 +161 -167 -166 -165 -164 -163 -162 +168 +169 +175 +176 +177 +186 +187 +188 +178 +179 -218 -217 -216 -97 -96 -95 -94 -93 -92 -91 -90 -89 -88 -87 -86 -220 -219 +181 +182 +183 +184 +197 +200 +201 +202 +203 +204 -196 -195 -194 -193 @
>BUMA.0721.00019.2
+21 +22 +23 +24 +25 +26 +27 -12 -11 -10 -9 -8 -7 -6 -5 -4 -3 -83 -82 -80 -79 -78 -77 +57 -58 -67 +59 +60 +61 +62 +72 +73 -55 -54 +74 +75 -53 -52 -51 -50 -49 -47 -46 -45 -44 -43 -42 -41 -40 -39 -38 -37 -36 -35 -34 -33 -32 -31 -30 -29 -28 +14 +15 +16 +17 +20 @
>BUMA.0721.00013.1
-146 +155 +156 +103 +104 +105 +106 +132 +133 +126 +127 +128 +129 +130 +131 -124 -123 -122 +116 +117 +118 +119 +110 -151 -150 -137 -136 +154 -145 -144 -143 -142 -141 -140 -139 -138 -135 -134 -125 -115 -114 -113 +152 +153 -102 -101 +99 +100 -98 -97 -96 -95 -94 -93 -92 -91 -90 -89 -88 -87 -86 -220 -219 +181 +182 +183 +184 +186 +187 +188 -204 -203 -202 -201 -200 -199 -198 -197 -196 -195 -194 -193 -192 -191 -190 +208 +209 +210 +211 +212 +213 +214 +215 +216 +217 +218 +180 -179 -178 -177 -176 -175 -171 -169 -168 -166 -165 -164 -163 -162 -161 -160 -159 -158 -157 -149 -147 @
>BUMA.0721.00024.1
+186 +187 +188 -204 -203 -202 -201 -200 -199 -198 -197 -196 -195 -194 -193 -192 -191 -190 +208 +209 +210 +211 +212 +213 +214 +215 +216 +217 +218 +180 -179 -178 -177 -176 -175 -169 -168 -167 -166 -165 -164 -163 -162 -161 -160 -159 -158 -157 -149 -147 -146 +155 +156 +103 +104 +105 +106 +132 +133 +126 +127 +128 +129 +130 +131 -124 -123 -119 -118 -117 -116 +122 +110 -151 -150 -137 -136 +154 -145 -144 -143 -142 -141 -140 -139 -138 -135 -134 -125 -115 -114 -113 +152 +153 -102 -101 +99 +100 -98 -97 -96 -95 -94 -93 -92 -91 -90 -89 -88 -87 -86 -220 -219 +181 +182 +183 +184 @
>BUMA.0721.00021.2
+21 +22 +23 +24 +25 +26 +27 -12 -11 -10 -9 -8 -7 -6 -5 -4 -3 -83 -82 -80 -79 -78 -77 +57 -58 -67 +59 +60 +61 +62 +72 +73 -55 -54 +74 +75 -53 -52 -51 -50 -49 -47 -46 -45 -44 -43 -42 -41 -40 -39 -38 -37 -36 -35 -34 -33 -32 -31 -30 -29 -28 +14 +15 +16 +17 +20 @
>BUMA.0721.00018.1
-146 +155 +156 +103 +104 +105 +106 +132 +133 +126 +127 +128 +129 +130 +131 -124 -123 -122 +116 +117 +118 +119 +110 -151 -150 -137 -136 +154 -145 -144 -143 -142 -141 -140 -139 -138 -135 -134 -125 -115 -114 -113 +152 +153 -102 -101 +99 +100 -98 -97 -96 -95 -94 -93 -92 -91 -90 -89 -88 -87 -86 -220 -219 +181 +182 +183 +184 +186 +187 +188 -204 -203 -202 -201 -200 -199 -198 -197 -196 -195 -194 -193 -192 -191 -190 +208 +209 +210 +211 +212 +213 +214 +215 +216 +217 +218 +180 -179 -178 -177 -176 -175 -171 -169 -168 -167 -166 -165 -164 -163 -162 -161 -160 -159 -158 -157 -149 -147 @
>BUMA.0721.00028.2
-17 -16 -15 -14 +35 +36 +25 +26 +27 +28 +29 +30 +31 +32 +33 +34 +37 +38 +39 +40 +41 +42 +43 +44 +45 +46 +47 -75 -74 -72 -62 -61 -60 -59 +67 +77 +78 +79 +80 +73 -55 -54 +3 +4 +58 -57 -53 -52 -51 -50 -49 +5 +6 +7 +8 +9 +10 +11 +12 -24 -23 -22 -21 -20 @
>BUMA.0721.00009.1
-184 +183 -182 -181 +219 +220 +86 +99 +100 -98 +87 -97 -161 -160 -159 -158 -157 -149 -147 -146 +155 +156 +138 +139 +140 +141 +142 +143 +144 +145 -154 -153 -152 -151 -150 +134 +135 -133 -132 -124 -123 -131 +126 +127 +128 +129 +130 -125 -119 -118 +116 +117 -122 -115 -114 -113 -110 -106 -105 -104 -103 -102 -101 -92 -91 -90 -89 -88 -96 -95 -94 -93 -167 -166 -165 -164 -163 -162 +168 +169 +175 +176 +177 +178 +179 -180 -218 -217 -216 -215 -214 -213 -212 -211 -210 -209 +194 +195 +196 +197 +198 +199 +200 -204 -203 -202 -193 -192 -191 -190 +208 -201 -188 -187 -186 @
>BUMA.0721.00021.1
-146 +155 +156 +103 +104 +105 +106 +132 +133 +126 +127 +128 +129 +130 +131 -124 -123 -122 +116 +117 +118 +119 +110 -151 -150 -137 -136 +154 -145 -144 -143 -142 -141 -140 -139 -138 -135 -134 -125 -115 -114 -113 +152 +153 -102 -101 +99 +100 -98 -97 -96 -95 -94 -93 -92 -91 -90 -89 -88 -87 -86 -220 -219 +181 +182 +183 +184 +186 +187 +188 -204 -203 -202 -201 -200 -199 -198 -197 -196 -195 -194 -193 -192 -191 -190 +208 +209 +210 +211 +212 +213 +214 +215 +216 +217 +218 +180 -179 -178 -177 -176 -175 -171 -169 -168 -167 -166 -165 -164 -163 -162 -161 -160 -159 -158 -157 -149 -147 @
>BUMA.0721.00020.1
-146 +155 +156 +103 +104 +105 +106 +132 +133 +126 +127 +128 +129 +130 +131 -124 -123 -122 +116 +117 +118 +119 +110 -151 -150 -137 -136 +154 -145 -144 -143 -142 -141 -140 -139 -138 -135 -134 -125 -115 -114 -113 +152 +153 -102 -101 +99 +100 -98 -97 -96 -95 -94 -93 -92 -91 -90 -89 -88 -87 -86 -220 -219 +181 +182 +183 +184 +186 +187 +188 -204 -203 -202 -201 -200 -199 -198 -197 -196 -195 -194 -193 -192 -191 -190 +208 +209 +210 +211 +212 +213 +214 +215 +216 +217 +218 +180 -179 -178 -177 -176 -171 -169 -168 -167 -166 -165 -164 -163 -162 -161 -160 -159 -158 -157 -149 -147 @
>BUMA.0721.00032.1
+142 +143 +144 +145 +110 -151 -150 +122 +123 +124 +125 +126 +127 +128 +129 +130 +131 +132 +133 +134 +135 +136 +137 +116 +117 -119 -118 +154 -106 -105 -104 -103 -156 -155 -158 -157 -149 +152 +153 -102 -101 -100 -99 -98 -97 -96 -95 -94 -93 -92 -91 -90 -89 -88 +169 +171 +175 +176 +177 +178 +179 -180 -218 -217 -216 -215 -214 -213 -212 -211 -210 -209 -208 +190 +191 +192 +193 +194 +195 +196 -204 -203 -202 -201 -200 -199 -198 -197 -188 -187 -186 -184 -183 -182 -181 +219 +220 +86 +87 -168 +162 +163 +164 +165 +166 +167 -161 -160 -159 +146 +147 +113 +114 +115 +138 +139 +140 +141 @
>BUMA.0721.00016.2
-20 -17 -16 -15 -14 -12 -11 -10 -9 -8 -7 -6 -5 -4 -3 +39 +40 +41 +42 +43 +44 +45 +46 +47 +49 +50 +51 +52 +53 -73 -67 +55 -62 -61 -60 -59 +72 +58 -57 -54 +74 +75 +77 +78 +79 +80 +82 +83 -38 -37 -36 -35 -34 -33 -32 -31 -30 -29 -28 -27 -26 -25 -24 -23 -22 -21 @
>BUMA.0721.00024.2
-41 -40 -39 -38 -37 -36 -35 -34 -33 -32 -31 -30 -29 -28 +14 +15 +16 +17 +20 +21 +22 +23 +24 -10 -9 -8 -7 -6 -5 -4 -3 -83 -82 -80 -79 -78 -77 -58 -67 +59 +60 +61 +62 +72 -47 -46 -45 -44 -43 -42 @
>BUMA.0721.00001.2
-51 -50 -49 -47 -46 -45 -44 -43 -42 -41 -40 -39 +3 +4 +5 +6 +7 +8 +9 +10 +11 +12 +14 +15 +16 +17 +20 +21 +22 +23 +24 +25 +26 +27 +28 +29 +30 +31 +32 +33 +34 +35 +36 +37 +38 -83 -82 -80 -79 -78 -77 -75 -74 +54 +57 -58 -72 +59 +60 +61 +62 -55 +67 +73 -53 -52 @
>BUMA.0721.00023.2
-20 -17 -16 -15 -14 -12 -11 -10 -9 -8 -7 -6 -5 -4 -3 +39 +40 +41 +42 +43 +44 +45 +46 +47 +49 +50 +51 +52 +53 -73 -67 +55 -62 -61 -60 -59 +72 +58 -57 -54 +74 +75 +77 +78 +79 +80 +82 +83 -38 -37 -36 -35 -34 -33 -32 -31 -30 -29 -28 -27 -26 -25 -24 -23 -22 -21 @
>BUMA.0721.00019.1
-146 +155 +156 +103 +104 +105 +106 +132 +133 +126 +127 +128 +129 +130 +131 -124 -123 -122 +116 +117 +118 +119 +110 -151 -150 -137 -136 +154 -145 -144 -143 -142 -141 -140 -139 -138 -135 -134 -125 -115 -114 -113 +152 +153 -102 -101 +99 +100 -98 -97 -96 -95 -94 -93 -92 -91 -90 -89 -88 -87 -86 -220 -219 +181 +182 +183 +184 +186 +187 +188 -204 -203 -202 -201 -200 -199 -198 -197 -196 -195 -194 -193 -192 -191 -190 +208 +209 +210 +211 +212 +213 +214 +215 +216 +217 +218 -179 -178 -177 -176 -175 -171 -169 -168 -167 -166 -165 -164 -163 -162 -161 -160 -159 -158 -157 -149 -147 @
>BUMA.0721.00010.2
+82 +83 +72 -53 -52 -51 -50 -49 -47 -46 -45 -44 -43 -42 -41 -40 -39 +3 +4 +5 +6 +7 +8 +9 +10 +11 +12 +14 +15 +16 +17 -27 -26 -25 -24 -23 -22 -21 -20 +28 +29 +30 +31 +32 +33 +34 +35 +36 +37 +38 -73 -67 -62 -61 -60 -59 +74 +75 +77 +78 +79 +80 @
>BUMA.0721.00022.2
+21 +22 +23 +24 +25 +26 +27 -12 -11 -10 -9 -8 -7 -6 -5 -4 -3 -83 -82 -80 -79 -78 -77 +57 -58 -67 +59 +60 +61 +62 +72 +73 -55 -54 +74 +75 -53 -52 -51 -50 -49 -47 -46 -45 -44 -43 -42 -41 -40 -39 -38 -37 -36 -35 -34 -33 -32 -31 -30 -29 -28 +14 +15 +16 +17 +20 @
>BUMA.0721.00017.2
+21 +22 +23 +24 +25 +26 +27 -12 -11 -10 -9 -8 -7 -6 -5 -4 -3 -83 -82 -80 -79 -78 -77 +57 -58 -67 +59 +60 +61 +62 +72 +73 -55 -54 +74 +75 -53 -52 -51 -50 -49 -47 -46 -45 -44 -43 -42 -41 -40 -39 -38 -37 -36 -35 -34 -33 -32 -31 -30 -29 -28 +14 +15 +16 +17 +20 @
>BUMA.0721.00016.1
-146 +155 +156 +150 +151 +152 +149 +157 +158 -159 +160 +161 +162 +163 +164 +165 +166 +167 +168 +169 +171 +175 +176 +177 +178 +179 +182 +183 +184 +186 +187 +188 -204 -203 -202 -201 -200 -199 -198 -197 -196 -195 -194 -193 -192 -191 -190 +208 +209 +210 +211 +212 +213 +214 +215 +216 +217 +218 +219 +220 +86 +87 +88 +89 +90 +91 +92 +93 +94 +95 +96 -97 +98 +99 +100 +101 +102 +103 +104 +105 +106 +110 +113 +114 +115 -119 -118 -117 -116 +122 +123 +124 -131 -130 -129 -128 -127 -126 -125 -180 -181 +132 +133 +134 +135 +136 +137 +138 +139 +140 +141 +142 +143 +144 +145 -154 -153 -147 @
>BUMA.0721.00007.1
+117 -119 -118 -115 -114 -113 +152 +153 +154 -145 -144 -143 -142 -141 -140 -139 -138 -156 -155 +146 +147 +149 +157 +158 +159 +160 +161 -97 -96 -95 -94 -93 -92 -91 -90 -89 -88 +169 +171 +175 +176 +177 +178 +179 -180 -218 -217 -216 -215 -214 -213 -212 -211 -210 -209 -208 +190 +191 +192 +193 +194 +195 +196 -204 -203 -202 -201 -200 -199 -198 -197 -188 -187 -186 -184 -183 -182 -181 +219 +220 +86 +87 -168 +162 +163 +164 +165 +166 +167 +98 +100 +101 +102 +103 +104 +105 +106 +110 -151 -150 -137 -136 -135 -134 -133 -132 +125 +126 +127 +128 +129 +130 +131 -124 -123 -122 +116 @
>BUMA.0721.00022.1
-146 +155 +156 +103 +104 +105 +106 +132 +133 +126 +127 +128 +129 +130 +131 -124 -123 -122 +116 +117 +118 +119 +110 -151 -150 -137 -136 +154 -145 -144 -143 -142 -141 -140 -139 -138 -135 -134 -125 -115 -114 -113 +152 +153 -102 -101 +99 +100 -98 -97 -96 -95 -94 -93 -92 -91 -90 -89 -88 -87 -86 -220 -219 +181 +182 +183 +184 +186 +187 +188 -204 -203 -202 -201 -200 -199 -198 -197 -196 -195 -194 -193 -192 -191 -190 +208 +209 +210 +211 +212 +213 +214 +215 +216 +217 +218 +180 -179 -178 -177 -176 -175 -171 -169 -168 -166 -165 -164 -163 -162 -161 -160 -159 -158 -157 -149 -147 @
>BUMA.0721.00027.1
-171 -169 -168 -167 -166 -165 -164 -163 -162 -161 -160 +159 -158 -157 -149 -152 -151 -150 -156 -155 +146 +147 +153 +154 -145 -144 -143 -142 -141 -140 -139 -138 -137 -136 -135 -134 -133 -132 +181 +180 +125 +126 +127 +128 +129 +130 +131 -124 -123 -122 +116 +117 +118 +119 -115 -114 -113 -110 -106 -105 -104 -103 -102 -101 -100 -99 -98 +97 -96 -95 -94 -93 -92 -91 -90 -89 -88 -87 -86 -220 -219 -218 -217 -216 -215 -214 -213 -212 -211 -210 -209 -208 +190 +191 +192 +193 +194 +195 +196 +197 +198 +199 +200 +201 +202 +203 +204 -188 -187 -186 -184 -183 -182 -179 -178 -177 -176 -175 @
>BUMA.0721.00006.1
+166 +167 +103 +104 +105 +106 +110 +122 +123 +124 -131 -151 -150 -135 -134 -133 -132 +125 -130 -129 -128 -127 -126 +136 +137 +116 +117 -119 -118 -115 -114 -113 +152 +153 +154 -145 -144 -143 -142 -141 -140 -139 -138 -156 -155 -158 -157 -149 -147 -146 +159 +160 +161 -102 -101 -100 -99 -98 -97 -96 -95 -94 -93 -92 -91 -90 -89 -88 -164 -163 -162 +168 -87 -86 -220 -219 +181 +182 +183 +184 +186 +187 +188 +197 +198 +199 +200 +201 +202 +203 +204 -196 -195 -194 -193 -192 -191 -190 +208 +209 +210 +211 +212 +213 +214 +215 +216 +217 +218 +180 -179 -178 -177 -176 -175 -171 -169 +165 @
>BUMA.0721.00005.2
-44 -43 -42 -41 -40 -39 -36 -35 -34 -33 -32 -31 -30 -29 -28 -27 -26 -25 -24 -23 -22 -21 -20 -17 -16 -15 -14 -12 -11 -10 -9 -8 -7 -6 -5 -4 -3 -83 -82 +58 -67 +54 +55 -73 -72 -62 -61 -60 -59 +74 +75 +77 +78 +79 +80 -47 -46 -45 @
>BUMA.0721.00020.2
+21 +22 +23 +24 +25 +26 +27 -12 -11 -10 -9 -8 -7 -6 -5 -4 -3 -83 -82 -80 -79 -78 -77 +57 -58 -67 +59 +60 +61 +62 +72 +73 -55 -54 +74 +75 -53 -52 -51 -50 -49 -47 -46 -45 -44 -43 -42 -41 -40 -39 -38 -37 -36 -35 -34 -33 -32 -31 -30 -29 -28 +14 +15 +16 +17 +20 @
>BUMA.0721.00018.2
+21 +22 +23 +24 +25 +26 +27 -12 -11 -10 -9 -8 -7 -6 -5 -4 -3 -83 -82 -80 -79 -78 -77 +57 -58 -67 +59 +60 +61 +62 +72 +73 -55 -54 +74 +75 -53 -52 -51 -50 -49 -47 -46 -45 -44 -43 -42 -41 -40 -39 -38 -37 -36 -35 -34 -33 -32 -31 -30 -29 -28 +14 +15 +16 +17 +20 @
>BUMA.0721.00032.2
-45 -44 -43 -42 -41 -40 -39 -38 -37 -36 -35 -34 -33 -32 -31 -30 -29 -28 -27 -26 -25 -24 -23 -22 -21 -20 -17 -16 -15 -14 -12 -11 -10 -9 -8 -7 -6 -5 -4 -3 -83 -82 +58 -67 +59 +60 +61 +62 +72 +73 -55 -54 +74 +75 +77 +78 +79 +80 -57 -53 -52 -51 -50 -49 -47 -46 @
>BUMA.0721.00030.1
+122 +132 +133 +134 +135 +136 +137 +150 +151 +103 +104 +105 +106 +110 -102 -101 +99 +100 +160 +161 -97 -96 -95 -94 -93 -92 -91 -90 -89 -88 -87 -180 +179 -86 -220 -219 +181 +182 +183 +184 +186 +187 +188 -204 -203 -202 -201 -200 -199 -198 -197 -196 -195 -194 -193 -192 -191 -190 +208 +209 +210 +211 +212 +213 +214 +215 +216 +217 +218 -178 -177 -176 -175 -169 -168 +162 +163 +164 +165 +166 +167 +98 -159 -158 -157 -149 -147 -146 +155 +156 +138 +139 +140 +141 +142 +143 +144 +145 -154 -153 -152 +113 +114 +115 +116 +117 +118 +119 +125 +126 +127 +128 +129 +130 +131 +123 +124 @
>BUMA.0721.00001.1
+158 -159 +160 +161 +162 +163 +164 +165 +166 +167 +168 +169 +171 +175 +176 +177 +178 +179 +182 +183 +184 +186 +187 +188 -204 -203 -202 -201 -200 -199 -198 -197 -196 -195 -194 -193 -192 -191 -190 +208 +209 +210 +211 +212 +213 +214 +215 +216 +217 +218 +219 +220 +86 +87 +88 +89 +90 +91 +92 +93 +94 +95 +96 -97 +98 +99 +100 +101 +102 +103 +104 +105 +106 +110 +113 +114 +115 -119 -118 -117 -116 +122 +123 +124 -131 -130 -129 -128 -127 -126 -125 -180 -181 +132 +133 +134 +135 +136 +137 +138 +139 +140 +141 +142 +143 +144 +145 -154 -153 -147 -146 +155 +156 +150 +151 +152 +149 +157 @
>BUMA.0721.00030.2
+59 +60 +61 +62 +67 +72 +73 +74 +75 +82 +83 +3 +4 +5 +6 +7 +8 +9 +10 +11 +12 +14 +15 +16 +17 +20 +21 +22 +23 +24 +25 +26 +27 +28 +29 +30 +31 +32 +33 +34 +35 +36 +39 +40 +41 +42 +43 -58 +57 @
>BUMA.0721.00025.2
+20 +21 +22 +23 +24 +25 +26 +27 -12 -11 -10 -9 -8 -7 -6 -5 -4 -3 -83 -82 -80 -79 -78 -77 +57 -58 -67 +59 +60 +61 +62 +72 +73 -55 -54 +74 +75 -53 -52 -51 -50 -49 -47 -46 -45 -44 -43 -42 -41 -40 -39 -38 -37 -36 -35 -34 -33 -32 -31 -30 -29 -28 +14 +15 +16 +17 @
>BUMA.0721.00009.2
+75 +67 +77 +78 +79 +80 +9 +10 +11 +12 +14 -32 -31 -30 -29 -28 +20 +21 +22 +23 +24 +33 +34 +35 +36 +37 +38 +39 -8 -7 -6 -5 -4 +40 +41 +42 +43 +47 +49 +50 +51 +52 +53 +57 -58 -83 -82 -62 -61 +59 +60 +72 +73 -55 -54 +74 @
>BUMA.0721.00015.1
-146 +155 +156 +103 +104 +105 +106 +132 +133 +126 +127 +128 +129 +130 +131 -124 -123 -122 +116 +117 +118 +119 +110 -151 -150 -137 -136 +154 -145 -144 -143 -142 -141 -140 -139 -138 -135 -134 -125 -115 -114 -113 +152 +153 -102 -101 +99 +100 -98 -97 -96 -95 -94 -93 -92 -91 -90 -89 -88 -87 -86 -220 -219 +181 +182 +183 +184 +186 +187 +188 -204 -203 -202 -201 -200 -199 -198 -197 -196 -195 -194 -193 -192 -191 -190 +208 +209 +210 +211 +212 +213 +214 +215 +216 +217 +218 +180 -179 -178 -177 -176 -175 -171 -169 -168 -166 -165 -164 -163 -162 -161 -160 -159 -158 -157 -149 -147 @
>BUMA.0721.00013.2
-20 -17 -16 -15 -14 +28 +29 +30 +31 +32 +33 +34 +35 +36 +37 +38 +39 +40 +41 +42 +43 +44 +45 +46 +47 +49 +50 +51 +52 +53 -75 -74 +54 +55 -73 -72 -62 -61 -60 -59 +67 +58 -57 +77 +78 +79 +80 +82 +83 +3 +4 +5 +6 +7 +8 +9 +10 +11 +12 -27 -26 -25 -24 -23 -22 -21 @
>BUMA.0721.00029.1
-146 +155 +156 +150 +151 +152 +149 +157 +158 -159 +160 +161 +162 +163 +164 +165 +166 +167 +168 +169 +171 +175 +176 +177 +178 +179 +182 +183 +184 +186 +187 +188 -204 -203 -202 -201 -200 -199 -198 -197 -196 -195 -194 -193 -192 -191 -190 +208 +209 +210 +211 +212 +213 +214 +215 +216 +217 +218 +219 +220 +86 +87 +88 +89 +90 +91 +92 +93 +94 +95 +96 -97 +98 +99 +100 +101 +102 +103 +104 +105 +106 +110 +113 +114 +115 -119 -118 -117 -116 +122 +123 +124 -131 -130 -129 -128 -127 -126 -125 -180 -181 +132 +133 +134 +135 +136 +137 +138 +139 +140 +141 +142 +143 +144 +145 -154 -153 -147 @
>BUMA.0721.00026.1
+113 +114 +115 +116 +117 +118 +119 +125 +126 +127 +128 +129 +130 +131 +123 +124 +122 +132 +133 +134 +135 +136 +137 +150 +151 +103 +104 +105 +106 +110 -102 -101 +99 +100 +160 +161 -97 -96 -95 -94 -93 -92 -91 -90 -89 -88 -87 -180 +179 -86 -220 -219 +181 +182 +183 +184 +186 +187 +188 -204 -203 -202 -201 -200 -199 -198 -197 -196 -195 -194 -193 -192 -191 -190 +208 +209 +210 +211 +212 +213 +214 +215 +216 +217 +218 -178 -177 -176 -175 -169 -168 +162 +163 +164 +165 +166 +167 +98 -159 -158 -157 -149 -147 -146 +155 +156 +138 +139 +140 +141 +142 +143 +144 +145 -154 -153 -152 @
>BUMA.0721.00031.1
-146 +159 +160 +161 -167 -166 -165 -164 -163 -162 +168 -87 -86 -220 -219 +181 +182 +183 +184 +186 +187 +188 +197 +198 +199 +200 +201 +202 +203 +204 -196 -195 -194 -193 -192 -191 -190 +208 +209 +210 +211 +212 +213 +214 +215 +216 +217 +218 +180 -179 -178 -177 -176 -175 -171 -169 +88 +89 +90 +91 +92 +93 +94 +95 +96 +97 +98 +99 +100 +101 +102 -153 -152 +149 +157 +158 +155 +156 +103 +104 +105 +106 -154 +118 +119 -117 -116 -137 -136 -135 -134 -133 -132 -131 -130 -129 -128 -127 -126 -125 -124 -123 -122 +150 +151 -110 -145 -144 -143 -142 -141 -140 -139 -138 -115 -114 -113 -147 @
>BUMA.0721.00029.2
+21 +22 +23 +24 +25 +26 +27 +28 +29 +30 +31 +32 +33 +34 +35 +36 +37 +38 -83 -82 -80 -79 -78 -77 -75 -74 +54 +57 -58 -72 +59 +60 +61 +62 -55 +67 +73 -53 -52 -51 -50 -49 -47 -46 -45 -44 -43 -42 -41 -40 -39 +3 +4 +5 +6 +7 +8 +9 +10 +11 +12 +14 +15 +16 +17 +20 @
>BUMA.0721.00031.2
+21 +22 +23 +24 +25 +26 +27 +28 +29 +30 +31 +32 +33 +34 +35 +36 +37 +38 +39 +40 +41 +42 +43 +44 +45 +46 +47 +49 +50 +51 +52 +53 +57 +58 -67 +59 +60 +61 +62 +72 +73 -55 -54 +74 +75 +77 +78 +79 +80 +82 +83 +3 +4 +5 +6 +7 +8 +9 +10 +11 +12 +14 +15 +16 +17 +20 @
>BUMA.0721.00004.1
-190 +208 -199 -198 +209 +210 +211 +212 +213 +214 +215 +98 -100 -147 -146 +155 +156 +138 +139 +140 +141 +142 +143 +144 +145 -154 -153 -152 +106 +110 -151 -150 -137 -136 -135 -134 +122 +123 +124 -131 -130 -129 -128 -127 -126 -133 -132 -125 -119 -118 -117 -116 -115 -114 -113 -105 -104 -103 -102 -101 +99 +149 +157 +158 +159 +160 +161 -167 -166 -165 -164 -163 -162 +168 +169 +175 +176 +177 +186 +187 +188 +178 +179 -218 -217 -216 -97 -96 -95 -94 -93 -92 -91 -90 -89 -88 -87 -86 -220 -219 +181 +182 +183 +184 +197 +200 +201 +202 +203 +204 -196 -195 -194 -193 -192 -191 @
>BUMA.0721.00025.1
+110 -151 -150 -137 -136 +154 -145 -144 -143 -142 -141 -140 -139 -138 -135 -134 -125 -115 -114 -113 +152 +153 -102 -101 +99 +100 -98 -97 -96 -95 -94 -93 -92 -91 -90 -89 -88 -87 -86 -220 -219 +181 +182 +183 +184 +186 +187 +188 -204 -203 -202 -201 -200 -199 -198 -197 -196 -195 -194 -193 -192 -191 -190 +208 +209 +210 +211 +212 +213 +214 +215 +216 +217 +218 +180 -179 -178 -177 -176 -175 -171 -169 -168 -166 -165 -164 -163 -162 -161 -160 -159 -158 -157 -149 -147 -146 +155 +156 +103 +104 +105 +106 +132 +133 +126 +127 +128 +129 +130 +131 -124 -123 -122 +116 +117 +118 +119 @
>BUMA.0721.00017.1
-146 +155 +156 +103 +104 +105 +106 +132 +133 +126 +127 +128 +129 +130 +131 -124 -123 -122 +116 +117 +118 +119 +110 -151 -150 -137 -136 +154 -145 -144 -143 -142 -141 -140 -139 -138 -135 -134 -125 -115 -114 -113 +152 +153 -102 -101 +99 +100 -98 -97 -96 -95 -94 -93 -92 -91 -90 -89 -88 -86 -220 -219 +181 +182 +183 +184 +186 +187 +188 -204 -203 -202 -201 -200 -199 -198 -197 -196 -195 -194 -193 -192 -191 -190 +208 +209 +210 +211 +212 +213 +214 +215 +216 +217 +218 +180 -179 -178 -177 -176 -175 -171 -169 -168 -167 -166 -165 -164 -163 -162 -161 -160 -159 -158 -157 -149 -147 @
>BUMA.0721.00027.2
-12 -11 -10 -9 -8 -7 -6 -5 -4 -3 +39 +40 +41 +42 +43 +44 +45 +46 +47 +49 +50 +51 +52 +53 -73 -67 +55 -62 -61 -60 -59 +72 +58 -57 -54 +74 +75 +77 +78 +79 +80 +82 +83 -38 -37 -36 -35 -34 -33 -32 -31 -30 -29 -28 -27 -26 -25 -24 -23 -22 -21 -20 -17 -16 -15 -14 @
>BUMA.0721.00002.2
+22 +23 +24 +25 +26 +27 -17 -16 -15 -14 -12 -11 -10 -9 -8 -7 -6 -5 -4 -3 +39 +40 +41 +42 +43 +44 +45 +46 +47 +49 +50 +51 +52 +53 -72 +54 +55 +57 -58 -73 -67 -62 -61 -60 -59 +74 +75 +77 +78 +79 +80 +82 +83 -38 -37 -36 -35 -34 -33 -32 -31 -30 -29 -28 +20 +21 @
>BUMA.0721.00023.1
-146 +155 +156 +150 +151 +152 +149 +157 +158 -159 +160 +161 +162 +163 +164 +165 +166 +167 +168 +169 +171 +175 +176 +177 +178 +179 +182 +183 +184 +186 +187 +188 -204 -203 -202 -201 -200 -199 -198 -197 -196 -195 -194 -193 -192 -191 -190 +208 +209 +210 +211 +212 +213 +214 +215 +216 +217 +218 +219 +220 +86 +87 +88 +89 +90 +91 +92 +93 +94 +95 +96 -97 +98 +99 +100 +101 +102 +103 +104 +105 +106 +110 +113 +114 +115 -119 -118 -117 -116 +122 +123 +124 -131 -130 -129 -128 -127 -126 -125 -180 -181 +132 +133 +134 +135 +136 +137 +138 +139 +140 +141 +142 +143 +144 +145 -154 -153 -147 @
>BUMA.0721.00028.1
-199 -198 -197 -196 -195 -194 -204 -203 -202 -201 -188 -187 -186 -184 -183 -182 -181 +219 +220 +86 +97 +180 -179 -178 -177 -176 +87 +98 +99 +100 -161 -160 +159 -158 -157 -156 -155 +132 -133 +134 +135 +136 +137 +150 +151 +152 +153 +154 -145 -144 -143 -142 -141 -140 -139 -138 -149 -147 -146 -119 -118 -130 -129 -128 -127 -126 -125 -124 -123 -131 -115 -114 -113 +116 +117 -122 -83 -82 -110 -106 +103 +104 +105 -102 -101 -92 -91 -90 -89 -88 -96 -95 -94 -93 -167 -166 -165 -164 -163 -162 +168 +169 -171 +175 -218 -217 -216 -215 -214 -213 -212 -211 -210 -209 -208 +190 +191 +192 +193 -200 @
>BUMA.0721.00026.2
+17 +20 +21 +22 +23 +24 +25 +26 +27 +28 +29 +30 +31 +32 +33 +34 +35 +36 +39 +40 +41 +42 +43 -58 +57 +59 +60 +61 +62 +67 +72 +73 +74 +75 +82 +83 +3 +4 +5 +6 +7 +8 +9 +10 +11 +12 +14 +15 +16 @
