0
2
3
4
5
6
7
8
9
10
11
12
13
14
15
16
17
18
19
20
21
23
24
25
26
27
28
29
30
31
32
33
34
35
37
38
39
40
41
42
43
44
45
47
48
50
51
52
53
55
56
57
58
59
61
62
64
65
66
69
70
71
73
74
75
76
77
78
80
81
82
84
85
86
87
89
90
91
92
93
94
95
96
97
100
101
102
104
105
106
107
108
109
111
113
114
115
116
117
118
119
120
121
122
123
124
125
126
133
134
135
136
137
138
139
140
141
142
143
144
145
146
148
149
150
151
152
153
154
155
156
157
158
159
160
161
162
163
164
165
166
167
168
169
170
171
172
173
174
175
176
177
178
180
181
183
184
185
186
187
188
190
191
192
193
194
195
196
198
199
200
201
202
204
205
206
207
208
209
210
213
215
216
217
218
219
220
221
222
224
226
227
229
230
235
236
237
240
241
243
244
246
247
248
250
251
252
253
254
255
256
257
258
259
263
264
266
268
270
273
274
276
277
278
279
282
283
284
285
290
291
292
293
294
295
296
297
298
299
300
301
302
303
305
306
307
308
309
310
311
312
315
316
317
318
319
320
321
322
323
325
326
327
328
329
332
333
334
335
338
339
345
347
348
349
350
352
353
354
356
359
360
362
363
365
366
367
368
370
371
372
374
376
377
378
379
380
382
384
388
389
390
391
392
393
394
395
397
399
400
401
402
403
405
406
407
408
409
410
411
412
414
418
419
420
421
422
424
428
429
431
433
434
435
437
438
440
441
442
443
444
445
449
453
454
455
456
465
466
467
470
471
472
473
474
475
478
479
480
482
483
484
485
486
487
488
489
490
491
492
493
494
495
497
498
499
500
502
504
505
506
507
508
511
512
513
514
516
517
519
520
523
524
525
527
528
529
530
531
532
533
534
536
537
539
540
541
542
543
544
545
547
548
549
552
554
555
556
558
559
561
562
563
565
566
568
569
574
575
576
578
579
580
581
586
587
590
591
592
593
594
595
596
597
601
602
605
607
608
609
612
617
618
619
620
621
622
623
624
625
626
628
629
630
631
632
633
634
636
640
641
643
644
645
647
648
649
650
651
652
653
654
655
656
657
658
659
660
663
665
666
667
668
669
670
671
672
673
674
675
676
677
680
681
683
684
685
687
688
689
690
691
693
695
696
698
700
702
703
704
705
709
710
712
713
714
715
716
718
720
722
724
725
726
729
730
731
732
734
735
736
737
738
739
740
741
743
744
746
753
754
755
756
757
758
760
761
762
764
765
766
767
769
770
771
772
773
774
776
777
778
779
782
784
786
787
789
790
792
793
794
795
796
797
798
799
800
801
802
805
809
810
811
813
814
815
816
817
818
819
821
822
823
824
825
827
828
829
830
831
836
838
841
843
846
847
848
849
850
851
852
853
855
856
858
859
860
864
865
866
867
868
869
870
874
875
876
877
878
879
880
881
883
884
887
889
892
893
895
897
898
899
900
901
903
904
906
912
914
916
921
922
924
925
926
927
929
931
932
935
937
938
939
940
943
944
945
946
947
948
949
950
951
952
953
954
957
958
959
963
964
965
966
967
971
973
975
976
977
980
981
982
983
984
985
987
988
989
990
991
992
993
994
996
997
998
1000
1001
1002
1007
1008
1009
1014
1015
1016
1018
1019
1020
1021
1024
1025
1026
1027
1028
1029
1030
1032
1033
1035
1038
1040
1041
1042
1043
1044
1045
1046
1052
1053
1055
1060
1062
1063
1065
1066
1067
1071
1074
1075
1079
1080
1083
1084
1090
1091
1094
1098
1099
1101
1104
1105
1106
1107
1108
1109
1110
1111
1112
1114
1119
1124
1125
1128
1131
1136
1137
1139
1142
1149
1151
1152
1154
1157
1160
1164
1165
1170
1176
1177
1179
1180
1181
1189
1190
1191
1192
1195
1197
1198
1200
1201
1202
1207
1208
1209
1210
1211
1213
1214
1215
1216
1220
1221
1224
1225
1226
1227
1230
1233
1235
1240
1243
1244
1246
1249
1252
1253
1254
1256
1257
1259
1264
1265
1266
1271
1273
1275
1277
1280
1283
1285
1287
1288
1289
1292
1293
1295
1298
1300
1301
1302
1303
1305
1306
1307
1312
1314
1318
1319
1320
1323
1324
1325
1331
1332
1334
1337
1338
1339
1340
1341
1343
1344
1345
1346
1347
1348
1349
1350
1351
1353
1354
1355
1360
1361
1362
1365
1366
1368
1369
1373
1374
1376
1377
1378
1379
1380
1381
1383
1384
1385
1387
1390
1393
1397
1400
1404
1405
1406
1415
1418
1419
1425
1426
1429
1430
1433
1434
1436
1437
1439
1442
1443
1444
1454
1457
1459
1460
1461
1462
1467
1469
1470
1471
1472
1474
1475
1477
1479
1481
1483
1491
1492
1494
1496
1500
1501
1503
1504
1505
1509
1510
1513
1517
1521
1522
1523
1527
1529
1532
1535
1541
1542
1544
1545
1546
1550
1551
1553
1555
1557
1559
1562
1564
1566
1567
1569
1570
1571
1572
1575
1576
1580
1581
1586
1589
1590
1591
1592
1596
1600
1601
1602
1603
1604
1605
1606
1607
1610
1613
1614
1616
1618
1619
1620
1621
1622
1624
1626
1629
1632
1638
1639
1640
1642
1647
1648
1649
1654
1655
1660
1663
1665
1666
1667
1668
1669
1670
1675
1677
1679
1681
1685
1686
1687
1691
1692
1695
1697
1698
1700
1701
1702
1703
1704
1708
1709
1712
1716
1717
1718
1721
1725
1729
1730
1732
1737
1738
1739
1740
1741
1744
1745
1749
1755
1759
1761
1763
1764
1770
1771
1773
1778
1779
1784
1785
1791
1793
1796
1798
1801
1804
1805
1807
1809
1811
1812
1813
1814
1815
1823
1824
1827
1831
1833
1835
1838
1841
1844
1849
1851
1860
1861
1862
1864
1874
1876
1877
1879
1883
1884
1886
1889
1890
1891
1892
1894
1895
1900
1904
1905
1906
1909
1913
1918
1919
1921
1927
1928
1929
1933
1934
1935
1936
1939
1940
1948
1949
1958
1959
1966
1968
1970
1971
1974
1976
1977
1978
1979
1980
1982
1983
1985
1986
1989
1990
1992
1993
1995
1997
1998
2000
2005
2008
2010
2011
2012
2014
2015
2017
2018
2021
2025
2027
2029
2032
2036
2037
2039
2042
2043
2044
2046
2047
2050
2054
2056
2057
2058
2059
2061
2064
2067
2069
2070
2074
2076
2079
2083
2091
2092
2095
2100
2103
2104
2107
2108
2113
2114
2118
2120
2121
2123
2124
2125
2128
2129
2131
2132
2134
2137
2138
2142
2144
2147
2152
2153
2155
2157
2165
2170
2173
2174
2175
2180
2186
2187
2199
2200
2201
2204
2205
2206
2209
2213
2216
2217
2219
2220
2221
2226
2227
2229
2232
2235
2236
2237
2238
2240
2241
2242
2243
2245
2246
2247
2250
2251
2252
2259
2261
2266
2268
2269
2270
2271
2273
2279
2281
2286
2288
2293
2294
2297
2298
2300
2301
2303
2304
2311
2320
2321
2322
2323
2328
2332
2334
2339
2340
2342
2346
2351
2352
2353
2354
2361
2363
2366
2375
2380
2381
2382
2384
2385
2388
2389
2390
2391
2392
2395
2398
2399
2401
2407
2408
2409
2412
2416
2419
2420
2428
2438
2439
2440
2446
2451
2459
2460
2464
2465
2468
2478
2484
2485
2486
2488
2490
2494
2495
2496
2503
2505
2507
2508
2513
2514
2515
2516
2517
2524
2525
2531
2532
2534
2535
2536
2537
2539
2542
2543
2545
2553
2554
2555
2558
2567
2577
2582
2583
2589
2590
2600
2602
2604
2607
2610
2613
2614
2616
2627
2630
2632
2633
2634
2635
2639
2647
2661
2664
2665
2667
2668
2669
2670
2673
2674
2675
2676
2677
2678
2679
2680
2701
2704
2705
2710
2712
2717
2724
2726
2727
2733
2734
2735
2736
2738
2741
2746
2747
2751
2752
2754
2759
2764
2770
2771
2772
2785
2786
2787
2788
2789
2790
2792
2793
2795
2798
2804
2805
2808
2809
2810
2812
2813
2814
2816
2817
2819
2820
2821
2832
2833
2835
2837
2838
2839
2840
2850
2852
2854
2856
2865
2873
2874
2875
2876
2878
2879
2882
2884
2892
2897
2901
2906
2907
2912
2915
2920
2921
2931
2932
2940
2941
2943
2944
2945
2946
2949
2950
2951
2952
2953
2964
2968
2979
2980
2981
2986
2989
2991
2995
2997
2998
3000
3002
3003
3005
3006
3009
3024
3028
3033
3035
3044
3048
3050
3057
3062
3063
3068
3073
3074
3075
3081
3083
3086
3096
3103
3106
3107
3113
3114
3119
3121
3129
3131
3137
3142
3143
3145
3146
3148
3150
3152
3156
3157
3160
3195
3202
3203
3204
3207
3217
3218
3220
3223
3224
3225
3226
3227
3238
3239
3240
3246
3248
3249
3252
3253
3257
3260
3261
3263
3268
3269
3275
3280
3283
3284
3287
3288
3289
3290
3291
3295
3298
3300
3301
3305
3310
3311
3313
3317
3326
3333
3337
3341
3343
3346
3350
3352
3355
3357
3359
3360
3362
3366
3384
3391
3395
3400
3401
3402
3404
3406
3409
3418
3419
3421
3429
3434
3435
3436
3438
3442
3456
3457
3462
3472
3478
3479
3483
3491
3499
3501
3505
3506
3508
3511
3519
3523
3525
3526
3530
3531
3534
3535
3537
3541
3542
3546
3549
3550
3551
3579
3580
3582
3583
3588
3589
3590
3591
3598
3604
3607
3608
3612
3614
3615
3627
3629
3636
3641
3642
3653
3654
3658
3660
3664
3670
3674
3689
3690
3695
3702
3703
3709
3712
3716
3720
3723
3725
3727
3740
3743
3747
3750
3753
3754
3756
3757
3763
3764
3774
3775
3776
3786
3787
3805
3806
3807
3809
3811
3812
3813
3814
3819
3822
3826
3833
3835
3839
3840
3841
3842
3844
3846
3853
3860
3862
3883
3884
3885
3887
3888
3892
3896
3907
3908
3909
3910
3915
3916
3921
3927
3930
3932
3936
3945
3949
3957
3961
3962
3963
3975
3976
3982
3990
3991
3995
3996
3997
3999
4000
4011
4012
4014
4019
4023
4030
4034
4040
4057
4070
4076
4079
4087
4095
4098
4100
4103
4104
4108
4114
4118
4124
4132
4135
4142
4144
4148
4153
4167
4169
4170
4171
4172
4181
4186
4191
4194
4196
4197
4204
4205
4206
4209
4210
4217
4228
4230
4231
4240
4242
4250
4253
4258
4260
4267
4270
4276
4284
4291
4297
4301
4308
4314
4330
4338
4343
4348
4353
4359
4360
4363
4367
4370
4371
4373
4375
4386
4396
4400
4414
4424
4427
4432
4434
4436
4438
4442
4446
4467
4468
4471
4478
4479
4485
4492
4496
4497
4499
4532
4533
4536
4546
4548
4552
4553
4557
4572
4575
4579
4586
4653
4684
4685
4686
4687
4690
4697
4701
4708
4709
4713
4717
4719
4729
4732
4748
4749
4751
4754
4757
4758
4759
4765
4766
4772
4773
4776
4777
4778
4784
4788
4794
4796
4804
4807
4822
4836
4838
4842
4850
4862
4866
4868
4869
4880
4891
4894
4912
4926
4951
4954
4957
4965
4967
4973
4977
4983
4984
4986
4989
4993
5003
5015
5017
5019
5025
5026
5029
5041
5042
5060
5066
5067
5068
5070
5072
5073
5075
5076
5078
5079
5083
5088
5098
5099
5101
5102
5104
5121
5122
5139
5154
5163
5189
5190
5202
5209
5222
5226
5230
5232
5235
5238
5254
5260
5270
5278
5284
5285
5292
5298
5303
5305
5316
5325
5333
5337
5339
5340
5350
5364
5365
5367
5374
5375
5382
5390
5393
5403
5407
5410
5413
5416
5417
5433
5436
5447
5448
5450
5451
5453
5455
5458
5480
5486
5488
5501
5510
5515
5517
5520
5521
5522
5525
5533
5537
5553
5557
5558
5565
5567
5573
5588
5593
5621
5622
5626
5629
5637
5642
5655
5656
5658
5667
5694
5709
5717
5718
5722
5725
5734
5741
5742
5745
5767
5768
5774
5783
5802
5810
5818
5830
5837
5844
5845
5850
5852
5854
5855
5861
5864
5868
5871
5872
5874
5878
5892
5893
5902
5903
5912
5917
5926
5933
5934
5937
5947
5961
5973
5974
5978
5979
5980
5999
6005
6052
6059
6067
6068
6071
6075
6080
6091
6114
6123
6124
6126
6130
6132
6138
6144
6154
6167
6181
6182
6184
6196
6203
6230
6242
6253
6255
6259
6260
6263
6264
6275
6286
6293
6315
6317
6333
6334
6335
6361
6366
6376
6394
6395
6396
6399
6401
6403
6409
6414
6415
6416
6425
6439
6440
6441
6443
6459
6471
6478
6503
6532
6538
6542
6545
6546
6556
6558
6560
6568
6572
6577
6582
6587
6591
6594
6597
6601
6627
6634
6641
6654
6657
6675
6681
6685
6687
6688
6699
6726
6727
6751
6756
6766
6767
6783
6794
6797
6799
6806
6809
6827
6840
6853
6864
6865
6868
6896
6934
6958
6963
6968
6969
6970
6974
6981
6984
6985
6996
7016
7019
7031
7053
7058
7080
7091
7095
7097
7098
7099
7108
7117
7118
7122
7128
7129
7137
7151
7155
7158
7165
7175
7178
7181
7195
7198
7203
7206
7215
7220
7230
7257
7263
7289
7309
7315
7320
7325
7342
7347
7351
7352
7354
7355
7364
7368
7379
7401
7407
7428
7436
7443
7455
7465
7479
7480
7484
7491
7502
7508
7517
7523
7533
7558
7573
7578
7596
7598
7599
7605
7606
7615
7616
7633
7636
7654
7662
7663
7665
7686
7688
7689
7695
7697
7732
7747
7763
7772
7785
7803
7804
7819
7823
7868
7896
7899
7909
7910
7914
7918
7923
7929
7934
7944
7951
7955
7960
7978
7981
8006
8013
8017
8019
8025
8029
8030
8042
8050
8061
8072
8074
8079
8088
8094
8095
8098
8109
8126
8127
8146
8160
8165
8168
8182
8185
8192
8196
8205
8221
8233
8236
8237
8245
8276
8283
8301
8308
8316
8317
8320
8324
8327
8341
8342
8358
8368
8386
8390
8440
8452
8453
8463
8508
8526
8531
8533
8549
8550
8553
8559
8564
8568
8569
8573
8583
8593
8606
8643
8652
8659
8673
8674
8702
8708
8710
8715
8725
8726
8729
8758
8766
8773
8841
8844
8862
8865
8869
8881
8900
8909
8916
8918
8925
8957
8964
8967
8986
9000
9003
9032
9042
9049
9053
9072
9096
9101
9112
9132
9136
9144
9155
9159
9166
9172
9179
9205
9211
9224
9229
9246
9267
9272
9279
9280
9299
9308
9328
9330
9336
9343
9373
9377
9384
9390
9394
9401
9420
9440
9447
9469
9470
9476
9477
9484
9515
9557
9566
9578
9581
9584
9585
9586
9588
9602
9609
9610
9615
9623
9626
9627
9638
9656
9661
9664
9665
9667
9677
9681
9683
9694
9697
9701
9730
9810
9833
9835
9878
9894
9917
9920
9943
9960
9967
9982
9991
9997
10001
10003
10017
10028
10065
10075
10084
10120
10135
10155
10164
10168
10171
10179
10191
10198
10203
10205
10238
10248
10262
10271
10273
10287
10317
10341
10346
10354
10381
10384
10385
10394
10402
10404
10421
10431
10461
10512
10519
10524
10534
10536
10544
10554
10572
10635
10640
10649
10664
10675
10686
10690
10691
10741
10752
10763
10798
10826
10859
10860
10863
10866
10873
10880
10897
11011
11034
11039
11059
11068
11075
11080
11105
11124
11159
11173
11211
11216
11239
11246
11262
11292
11309
11315
11323
11334
11346
11388
11395
11397
11399
11402
11403
11414
11415
11416
11422
11425
11431
11462
11466
11486
11508
11516
11538
11569
11579
11580
11581
11582
11587
11591
11625
11630
11652
11653
11657
11662
11677
11678
11701
11702
11705
11715
11730
11780
11808
11812
11815
11835
11840
11937
11939
11948
11960
11974
11978
11987
12011
12019
12036
12046
12080
12082
12090
12094
12096
12098
12102
12106
12128
12177
12188
12195
12208
12242
12245
12246
12248
12252
12253
12278
12282
12303
12322
12327
12329
12361
12375
12394
12395
12396
12405
12409
12414
12420
12441
12465
12469
12545
12613
12621
12639
12681
12686
12688
12714
12720
12721
12722
12727
12743
12762
12770
12772
12798
12806
12840
12855
12858
12865
12872
12873
12882
12885
12890
12894
12897
12903
12909
12914
12921
12924
12954
12961
12965
12966
12974
12984
12992
13075
13083
13110
13140
13166
13183
13192
13194
13197
13258
13285
13301
13311
13322
13424
13425
13448
13449
13455
13475
13478
13485
13494
13495
13511
13530
13542
13584
13593
13639
13642
13652
13681
13682
13691
13698
13723
13761
13784
13785
13791
13829
13830
13831
13860
13874
13942
13948
13957
13971
13980
13982
13989
14009
14013
14059
14075
14076
14094
14099
14112
14124
14125
14131
14145
14189
14209
14221
14223
14229
14240
14256
14312
14318
14330
14333
14335
14340
14344
14352
14360
14371
14372
14391
14404
14464
14467
14487
14533
14550
14563
14564
14572
14595
14609
14629
14643
14647
14671
14674
14792
14796
14812
14814
14835
14840
14860
14892
14896
14904
14941
14966
14984
14986
15003
15012
15034
15053
15061
15123
15134
15143
15173
15179
15180
15189
15195
15196
15208
15254
15276
15293
15355
15358
15405
15428
15449
15486
15532
15544
15545
15546
15568
15606
15607
15626
15635
15654
15663
15664
15712
15728
15750
15780
15786
15811
15842
15853
15909
15929
15936
15937
15945
15988
16000
16085
16162
16171
16180
16182
16183
16198
16205
16239
16247
16248
16254
16278
16295
16296
16309
16343
16369
16376
16395
16416
16458
16482
16484
16495
16515
16525
16540
16563
16587
16642
16669
16695
16729
16774
16777
16825
16826
16871
16881
16911
16937
16944
16957
16962
16965
16976
16980
17002
17019
17022
17027
17153
17158
17163
17168
17176
17195
17206
17261
17338
17366
17371
17373
17402
17412
17454
17472
17486
17488
17511
17559
17566
17573
17590
17591
17619
17624
17661
17673
17693
17724
17741
17742
17752
17760
17793
17810
17816
17844
17865
17868
17876
17908
17909
17917
17924
17929
17946
17969
17980
17981
18004
18006
18029
18038
18070
18071
18086
18107
18121
18163
18164
18248
18275
18278
18282
18288
18292
18314
18321
18406
18408
18423
18462
18504
18522
18537
18561
18573
18575
18579
18590
18608
18633
18638
18652
18695
18702
18721
18722
18768
18791
18839
18865
18872
18882
18941
18967
18971
19048
19049
19050
19089
19094
19182
19194
19221
19247
19248
19251
19255
19256
19281
19288
19313
19325
19329
19330
19341
19345
19353
19471
19482
19492
19511
19517
19548
19628
19638
19649
19706
19749
19751
19838
19851
19897
20030
20088
20111
20112
20118
20158
20161
20169
20177
20179
20187
20197
20202
20208
20234
20269
20298
20309
20319
20347
20360
20362
20378
20429
20431
20515
20541
20550
20567
20617
20645
20646
20660
20671
20682
20698
20718
20748
20781
20783
20791
20821
20822
20843
20860
20899
20961
20965
20974
20980
20983
21025
21073
21081
21138
21159
21231
21268
21330
21361
21380
21382
21407
21428
21505
21506
21507
21514
21522
21535
21581
21603
21659
21747
21753
21766
21778
21812
21813
21850
21863
21872
21873
21937
21944
21960
21981
21984
22007
22033
22055
22068
22080
22092
22094
22138
22180
22188
22231
22252
22315
22317
22351
22413
22449
22489
22508
22540
22577
22621
22622
22623
22629
22654
22666
22675
22687
22722
22759
22822
22840
22877
22925
22928
22941
22981
22987
23046
23048
23051
23071
23077
23085
23152
23153
23173
23178
23208
23227
23264
23267
23289
23295
23300
23316
23329
23392
23497
23665
23693
23698
23715
23720
23730
23777
23813
23815
23866
23890
23900
23917
23938
23946
23959
23965
23966
23974
24019
24020
24057
24079
24184
24188
24189
24192
24203
24235
24236
24244
24251
24273
24285
24292
24293
24315
24331
24335
24356
24388
24413
24424
24428
24491
24496
24522
24523
24571
24602
24619
24650
24703
24735
24777
24792
24794
24843
24845
24853
24854
24859
24892
24900
24906
24917
24921
24960
25139
25147
25149
25168
25171
25184
25209
25230
25245
25294
25375
25376
25389
25410
25421
25442
25521
25526
25537
25548
25551
25556
25561
25575
25578
25604
25615
25631
25668
25703
25712
25732
25783
25853
25949
25962
25968
25992
26017
26045
26058
26061
26078
26085
26169
26198
26289
26293
26328
26341
26352
26384
26387
26392
26409
26433
26445
26483
26514
26521
26529
26566
26607
26625
26646
26650
26701
26715
26755
26842
26849
26866
26882
26890
26944
26954
26957
26958
27033
27037
27040
27075
27108
27109
27110
27120
27130
27146
27158
27301
27306
27410
27451
27465
27489
27537
27558
27576
27635
27700
27707
27709
27711
27760
27791
27819
27825
27831
27832
27849
27854
27971
28032
28033
28059
28105
28107
28138
28186
28264
28269
28281
28368
28395
28407
28583
28667
28831
28855
28866
28873
28888
28902
28936
28938
28949
28977
28993
29014
29023
29027
29039
29044
29047
29060
29158
29167
29211
29228
29243
29308
29314
29320
29345
29375
29378
29386
29495
29534
29586
29591
29606
29616
29626
29632
29675
29703
29737
29824
29830
29831
29994
29999
30039
30042
30056
30057
30065
30100
30154
30172
30204
30212
30227
30230
30262
30265
30271
30273
30277
30292
30339
30354
30406
30488
30489
30511
30516
30519
30530
30549
30562
30563
30565
30683
30755
30761
30807
30816
30818
30854
30860
30868
30875
30929
30960
30973
31109
31119
31173
31181
31182
31244
31254
31287
31288
31292
31342
31386
31419
31452
31469
31485
31495
31502
31516
31575
31578
31621
31634
31665
31702
31716
31748
31818
31823
31837
31838
31853
31856
31870
31875
31878
31888
31931
31958
32211
32249
32251
32258
32266
32276
32301
32344
32345
32387
32403
32424
32526
32541
32622
32628
32672
32732
32765
32766
32772
32830
32841
32855
32862
32874
32891
32914
32952
32955
32975
32994
33034
33058
33169
33176
33206
33209
33285
33335
33342
33360
33364
33402
33432
33447
33483
33485
33517
33553
33584
33600
33606
33611
33661
33792
33821
33864
33885
33887
33965
34015
34017
34027
34051
34070
34082
34087
34104
34119
34123
34136
34146
34159
34177
34190
34256
34297
34337
34384
34406
34458
34465
34486
34516
34527
34530
34569
34591
34593
34598
34599
34649
34682
34693
34722
34734
34834
34865
34888
34889
34994
35115
35127
35193
35200
35213
35283
35366
35460
35494
35496
35520
35536
35538
35545
35564
35609
35632
35635
35647
35648
35660
35685
35705
35713
35726
35735
35773
35848
35852
35861
35862
35894
35902
35934
35943
35945
35968
35992
36008
36133
36157
36321
36326
36332
36333
36383
36386
36400
36417
36539
36585
36589
36591
36600
36604
36619
36637
36639
36652
36666
36709
36711
36741
36742
36791
36807
36815
36846
36849
36896
36905
36927
36930
36983
37000
37017
37024
37082
37105
37142
37143
37145
37251
37273
37280
37300
37351
37499
37510
37524
37527
37544
37546
37554
37562
37566
37571
37671
37702
37825
37902
37918
38029
38052
38075
38145
38165
38172
38175
38179
38180
38191
38192
38197
38198
38202
38205
38210
38217
38229
38231
38242
38299
38541
38579
38596
38603
38671
38672
38699
38729
38732
38832
38849
38858
38935
38973
39069
39087
39099
39121
39138
39182
39189
39201
39222
39233
39272
39279
39280
39302
39333
39339
39359
39361
39477
39600
39610
39628
39629
39697
39729
39768
39802
39837
39927
39960
39961
40052
40148
40167
40191
40214
40224
40230
40234
40272
40292
40300
40388
40427
40446
40450
40452
40474
40479
40485
40486
40571
40624
40659
40692
40792
40854
40868
40869
40887
40918
40924
40929
40969
41034
41036
41058
41061
41089
41216
41442
41443
41458
41491
41520
41532
41556
41581
41593
41626
41653
41676
41747
41848
41854
41864
41872
41909
41943
41962
41974
41977
42033
42040
42045
42058
42066
42100
42171
42179
42188
42189
42245
42252
42261
42270
42272
42335
42356
42381
42386
42396
42434
42484
42490
42508
42580
42647
42653
42660
42710
42725
42740
42742
42763
42824
42891
42916
42946
42947
42966
42993
42999
43037
43068
43079
43083
43116
43118
43142
43154
43176
43177
43214
43219
43254
43316
43347
43409
43424
43470
43472
43583
43585
43600
43631
43678
43772
43826
43837
43839
43854
43862
43873
43881
43887
43888
43928
43931
43934
44124
44143
44229
44244
44245
44281
44361
44389
44399
44402
44488
44492
44499
44506
44507
44524
44529
44537
44551
44552
44556
44569
44626
44641
44646
44720
44821
44875
44877
44885
44930
44974
44980
44983
44992
45038
45040
45041
45045
45057
45066
45071
45338
45365
45396
45415
45416
45421
45448
45465
45502
45509
45510
45548
45549
45577
45629
45699
45705
45799
45801
45822
45824
45857
45891
45938
45939
45961
45978
45980
46059
46092
46122
46192
46240
46332
46423
46475
46518
46522
46599
46624
46687
46705
46766
46779
46792
46806
46812
46818
46874
46879
46912
47013
47029
47119
47125
47207
47250
47385
47388
47416
47477
47525
47571
47600
47608
47717
47740
47785
47849
47872
47963
47967
48074
48076
48098
48151
48163
48175
48179
48181
48193
48293
48336
48353
48367
48412
48454
48468
48516
48597
48602
48613
48617
48662
48760
48769
48774
48775
48817
48829
48973
48980
49053
49081
49148
49221
49243
49252
49254
49273
49287
49288
49320
49349
49364
49365
49449
49456
49492
49502
49546
49550
49638
49663
49664
49668
49694
49702
49703
49705
49733
49736
49751
49773
49799
49859
49905
50099
50166
50180
50181
50187
50189
50197
50214
50325
50343
50522
50556
50562
50692
50731
50775
50830
50833
50834
50841
50850
50856
50864
50876
50967
51047
51050
51154
51167
51175
51202
51231
51245
51257
51267
51268
51336
51359
51365
51368
51495
51673
51723
51748
51753
51791
51802
51858
51904
51956
52022
52026
52040
52057
52151
52184
52185
52250
52276
52281
52333
52440
52477
52519
52639
52719
52802
52866
52937
52960
53014
53040
53099
53119
53133
53145
53147
53163
53201
53206
53274
53288
53293
53301
53337
53340
53361
53446
53507
53564
53712
53715
53804
53852
53927
54154
54158
54174
54216
54247
54271
54363
54365
54390
54456
54481
54490
54502
54663
54666
54694
54768
54777
54843
54904
54919
55046
55100
55128
55301
55307
55330
55364
55499
55524
55532
55540
55600
55622
55633
55647
55686
55691
55693
55718
55721
55776
55786
55810
55819
55873
55898
55906
55965
55966
55978
55990
55991
55995
56063
56122
56126
56128
56418
56427
56481
56508
56509
56514
56534
56538
56541
56599
56663
56831
56883
56902
56992
57019
57027
57035
57052
57056
57058
57160
57172
57177
57180
57183
57188
57209
57306
57474
57486
57507
57522
57539
57544
57552
57572
57596
57684
57692
57726
57804
57807
57839
57905
57963
58017
58050
58051
58110
58118
58149
58170
58181
58231
58331
58347
58349
58359
58367
58453
58511
58512
58536
58555
58567
58577
58603
58628
58711
58773
58851
58892
58918
58948
59124
59129
59273
59290
59341
59354
59382
59432
59490
59525
59534
59559
59586
59667
59673
59688
59695
59732
59754
59773
59834
59899
59930
60039
60042
60254
60398
60445
60460
60555
60602
60690
60706
60714
60734
60784
60788
60818
60829
60835
60841
60993
61060
61062
61072
61136
61251
61277
61291
61296
61316
61332
61371
61373
61414
61420
61431
61437
61691
61757
61826
61827
61856
61867
61927
62020
62060
62061
62080
62122
62135
62137
62138
62156
62163
62235
62292
62305
62310
62352
62394
62568
62596
62684
62754
62811
62835
62836
62848
62851
62859
62872
62990
63010
63112
63132
63187
63210
63216
63229
63231
63319
63338
63346
63383
63472
63485
63486
63487
63488
63504
63510
63517
63530
63633
63816
63834
63916
63992
64003
64019
64027
64134
64169
64299
64377
64378
64386
64393
64437
64445
64476
64480
64491
64510
64658
64674
64697
64700
64705
64782
64828
64838
64889
64894
64909
64913
64915
64938
64945
64951
64964
64994
65037
65052
65133
65168
65250
65451
65456
65466
65482
65566
65617
65691
65703
65709
65759
65760
65771
65852
65860
65861
65967
65978
66059
66100
66157
66165
66188
66201
66207
66210
66215
66250
66363
66369
66395
66581
66603
66746
66810
66847
66975
66984
67030
67134
67145
67168
67251
67330
67338
67347
67405
67578
67618
67643
67664
67667
67700
67751
67774
67789
67792
67963
67998
68018
68132
68142
68150
68155
68224
68340
68346
68453
68459
68462
68465
68483
68619
68639
68644
68735
68775
68802
68805
68877
68878
68910
68920
68978
69138
69148
69154
69155
69175
69178
69195
69242
69412
69439
69459
69539
69558
69559
69697
69795
69800
69814
69836
69839
69856
69896
70062
70139
70142
70177
70181
70241
70248
70250
70283
70287
70318
70345
70383
70460
70642
70675
70703
70715
70745
70763
70891
70955
70959
70995
71000
71019
71032
71104
71113
71164
71165
71229
71257
71364
71436
71474
71565
71576
71577
71667
71753
71775
71782
71892
71943
72031
72047
72097
72124
72127
72178
72186
72187
72255
72385
72407
72415
72426
72465
72487
72514
72533
72536
72540
72583
72686
72692
72695
72880
72907
73162
73174
73236
73242
73244
73266
73286
73310
73345
73353
73399
73415
73437
73482
73577
73673
73705
73825
73849
73850
73853
73904
73905
73969
73974
73990
74068
74083
74134
74282
74286
74298
74301
74322
74324
74332
74344
74350
74440
74507
74548
74549
74550
74580
74586
74672
74756
74785
74875
74970
74971
74986
75188
75236
75304
75318
75464
75468
75474
75481
75487
75488
75490
75499
75555
75638
75832
75833
75835
75865
75883
76008
76048
76125
76131
76139
76140
76162
76465
76478
76483
76510
76567
76613
76663
76671
76709
76820
76968
76977
77011
77034
77062
77089
77098
77111
77116
77143
77163
77176
77219
77285
77296
77306
77321
77326
77345
77433
77453
77490
77491
77493
77522
77557
77571
77644
77651
77798
77871
77897
77902
77965
78108
78269
78376
78404
78412
78513
78581
78604
78711
78741
78823
78863
78884
78888
78994
79015
79018
79021
79042
79100
79218
79233
79309
79500
79562
79620
79637
79675
79690
79778
79788
79808
79814
79903
79935
79999
80106
80122
80149
80176
80230
80270
80283
80352
80411
80472
80658
80669
80673
80694
80766
80876
80940
80957
80997
81089
81152
81168
81202
81213
81316
81462
81514
81724
81790
81794
81797
81813
81816
81838
81844
81849
81876
81881
82071
82085
82126
82194
82204
82222
82235
82240
82386
82443
82447
82465
82466
82469
82475
82485
82488
82491
82500
82791
82800
82893
82974
82979
82983
82991
82993
83106
83112
83157
83309
83319
83338
83356
83363
83415
83438
83442
83469
83487
83540
83545
83563
83632
83652
83676
83816
83817
83834
83867
83897
83908
83927
83974
83988
84228
84405
84434
84456
84538
84694
84765
84783
84786
84838
84849
84858
84890
84930
84963
84981
85023
85078
85140
85149
85180
85186
85189
85210
85320
85340
85347
85370
85374
85539
85555
85635
85730
85736
85758
85778
85782
85787
85825
85827
85870
85879
85882
85938
86000
86054
86089
86104
86119
86216
86229
86254
86288
86325
86326
86346
86357
86425
86461
86475
86497
86526
86531
86556
86560
86596
86608
86609
86634
86636
86675
86678
86695
86720
86937
86952
86984
87001
87183
87202
87207
87279
87323
87324
87469
87484
87539
87630
87654
87693
87771
87840
87861
87937
87974
87999
88059
88116
88122
88139
88160
88170
88175
88249
88377
88390
88411
88468
88566
88577
88791
88792
88795
88811
88812
88814
88827
88836
88956
88974
89126
89133
89215
89340
89364
89436
89438
89442
89618
89690
89700
89741
89748
89775
89794
89871
89937
89958
89977
89978
90002
90090
90105
90118
90132
90142
90143
90160
90305
90476
90554
90555
90667
90687
90708
90782
90904
90921
91062
91091
91112
91165
91170
91199
91228
91277
91333
91349
91404
91465
91466
91510
91665
91673
91696
91698
91860
91865
91881
91885
91961
91965
92030
92111
92124
92131
92151
92208
92280
92289
92316
92349
92401
92555
92566
92571
92587
92610
92651
92702
92800
92801
92872
92882
92904
92922
92968
92977
93013
93025
93046
93068
93071
93092
93259
93300
93322
93353
93468
93470
93509
93528
93555
93593
93640
93776
93865
93927
93963
93969
93980
94035
94097
94198
94224
94225
94237
94245
94282
94442
94447
94450
94465
94468
94490
94499
94501
94572
94642
94709
94888
94903
94907
95012
95030
95113
95117
95118
95124
95129
95136
95138
95140
95152
95153
95155
95162
95281
95302
95330
95446
95452
95488
95587
95675
95723
95762
95764
95879
95994
95996
96026
96067
96080
96110
96121
96197
96263
96284
96303
96417
96482
96549
96729
96832
96880
97012
97013
97230
97247
97312
97388
97411
97482
97491
97496
97522
97542
97659
97675
97689
97705
97725
97730
97793
97798
97799
97809
97816
97881
97912
97991
97999
98008
98022
98191
98211
98287
98371
98423
98469
98642
98724
98730
98736
98737
98820
98874
98977
98978
98991
99028
99100
99127
99162
99198
99208
99217
99273
99307
99324
99339
99359
99361
99372
99375
99394
99397
99441
99585
99607
99614
99648
99669
99794
99818
99822
99835
99854
99881
99884
99900
99920
99976
99990
100037
100072
100101
100102
100151
100169
100263
100309
100314
100449
100504
100516
100524
100569
100608
100773
100779
100791
100794
100827
100971
101033
101035
101081
101099
101159
101162
101164
101203
101229
101429
101442
101443
101444
101445
101450
101455
101479
101481
101489
101583
101591
101607
101648
101762
101787
101814
101995
102002
102013
102015
102090
102287
102315
102356
102393
102436
102464
102467
102516
102526
102589
102600
102610
102619
102644
102650
102795
102808
102842
102863
102871
102912
103020
103316
103333
103556
103573
103660
103672
103676
103737
103771
103808
103822
103877
103901
103941
104056
104124
104125
104160
104182
104196
104207
104311
104322
104325
104500
104517
104537
104569
104613
104691
104694
104697
104744
104749
104843
104871
104887
104952
105036
105112
105126
105180
105317
105332
105354
105355
105439
105447
105521
105534
105543
105557
105651
105698
105729
105940
105943
105974
106010
106053
106109
106161
106197
106210
106216
106240
106363
106386
106421
106602
106679
106703
106847
106871
106884
106895
106931
107091
107114
107117
107123
107153
107171
107208
107361
107362
107367
107440
107485
107490
107529
107631
107684
107755
107761
107768
107770
107776
107777
107781
107786
107792
107803
107805
107816
107818
107933
107974
108057
108092
108113
108140
108180
108192
108304
108414
108416
108596
108664
108719
108732
108739
108793
108858
108915
108966
108975
109009
109103
109120
109186
109201
109231
109343
109346
109351
109361
109372
109874
109877
109882
109899
109998
110049
110053
110058
110141
110143
110148
110198
110229
110289
110382
110383
110424
110431
110443
110516
110532
110533
110547
110582
110643
110828
110836
110843
111006
111014
111036
111070
111082
111085
111199
111201
111260
111300
111319
111376
111388
111389
111425
111437
111452
111453
111550
111577
111591
111620
111661
111666
111680
111726
111789
111847
111850
111907
111910
111933
111957
112043
112265
112300
112324
112436
112493
112536
112542
112557
112601
112604
112628
112688
112707
112715
112719
112779
112807
112930
112942
113050
113173
113206
113245
113290
113417
113425
113443
113448
113458
113513
113543
113547
113550
113670
113684
113752
113784
113814
113872
114008
114085
114087
114093
114096
114107
114112
114118
114121
114138
114144
114229
114231
114255
114259
114307
114393
114439
114443
114466
114495
114609
114626
114647
114652
114667
114760
114792
114800
115029
115038
115047
115067
115086
115098
115110
115136
115205
115241
115291
115293
115307
115335
115384
115424
115441
115529
115669
115677
115687
115701
115855
116190
116197
116208
116225
116291
116364
116415
116461
116474
116499
116505
116524
116611
116615
116616
116649
116667
116697
116708
116709
116737
116758
116796
116833
116873
116877
116971
117122
117169
117172
117340
117401
117406
117496
117525
117535
117545
117567
117574
117702
117767
117775
117779
117868
117880
117899
117914
117968
117985
117987
118052
118129
118176
118209
118210
118213
118261
118270
118283
118563
118591
118623
118627
118819
118822
118828
118834
118862
118868
118962
119043
119045
119067
119133
119153
119174
119183
119240
119248
119254
119256
119287
119380
119430
119486
119499
119658
119742
119746
119762
119769
119774
119788
119807
119855
119979
120010
120077
120108
120140
120153
120205
120273
120327
120352
120406
120411
120413
120422
120434
120444
120452
120457
120465
120470
120559
120590
120754
120757
120792
120808
120865
120918
120944
121059
121072
121107
121338
121373
121412
121531
121567
121605
121619
121641
121709
121758
121769
121805
121861
121873
121882
121899
122003
122080
122096
122177
122202
122345
122516
122534
122617
122698
122733
122741
122746
122786
122787
122795
122831
122876
122878
122895
122924
122952
122953
122956
123021
123023
123034
123035
123074
123076
123084
123095
123122
123143
123160
123184
123199
123322
123457
123666
123681
123728
123779
123877
124006
124028
124040
124043
124063
124082
124089
124184
124203
124249
124263
124273
124294
124308
124310
124313
124324
124334
124384
124430
124462
124481
124507
124538
124539
124582
124597
124600
124616
124889
124890
124917
124922
125087
125100
125145
125188
125194
125197
125354
125359
125408
125479
125493
125509
125530
125542
125590
125836
125866
126070
126080
126083
126095
126109
126114
126128
126133
126163
126164
126165
126334
126336
126337
126352
126413
126479
126596
126642
126662
126738
126739
126747
126748
126760
126763
126765
126766
126770
126778
126785
126793
126796
126908
126990
127067
127083
127090
127095
127118
127134
127156
127402
127778
127828
127836
128001
128019
128030
128077
128095
128099
128131
128199
128225
128329
128354
128407
128413
128503
128528
128860
128942
128984
129016
129020
129059
129112
129202
129204
129255
129321
129349
129360
129361
129402
129421
129422
129448
129491
129495
129525
129565
129592
129612
129956
129992
129997
130076
130148
130196
130201
130218
130240
130252
130274
130280
130296
130326
130332
130354
130366
130370
130419
130445
130510
130513
130514
130575
130634
130749
130761
130805
130812
130878
130888
130929
130960
130997
131019
131020
131042
131224
131248
131262
131419
131483
131520
131593
131682
131688
131696
131716
131719
131742
131812
131904
131965
132005
132019
132188
132192
132333
132405
132407
132421
132437
132442
132454
132463
132472
132525
132597
132662
132678
132694
132792
132826
132922
133004
133029
133055
133065
133073
133074
133079
133089
133094
133096
133101
133105
133234
133384
133414
133434
133444
133482
133578
133585
133608
133716
133916
133968
134008
134042
134061
134104
134148
134154
134233
134424
134428
134475
134498
134526
134542
134655
134680
134748
134829
134830
134833
135186
135268
135306
135379
135391
135453
135530
135600
135608
135625
135686
135687
135689
135748
135761
135774
135812
135821
135851
135882
135891
135918
135921
135923
135966
135969
136096
136130
136282
136318
136341
136380
136451
136566
136607
136680
136685
136692
136696
136711
136771
136915
136945
136958
137036
137082
137151
137157
137171
137255
137275
137282
137541
137573
137574
137740
137741
137761
137775
137809
137836
137846
137859
137892
137918
138023
138045
138254
138291
138309
138425
138565
138566
138591
138723
138744
138747
138752
138763
138768
138774
138988
139116
139151
139248
139282
139382
139383
139391
139399
139400
139415
139420
139421
139422
139431
139437
139449
139515
139710
139731
139733
139734
139740
139756
139760
139764
139768
139770
139840
139869
139870
139904
139911
139931
139934
140044
140317
140366
140368
140477
140558
140574
140585
140605
140673
140750
140754
140849
140862
140866
140881
141399
141512
141594
141686
141705
141779
142001
142012
142013
142029
142073
142074
142087
142129
142177
142275
142295
142456
142599
142644
142706
142714
142720
142797
142810
142841
142985
143006
143008
143010
143018
143037
143103
143203
143218
143246
143271
143274
143320
143330
143345
143380
143390
143430
143483
143517
143549
143601
143620
143641
143655
143841
143867
143900
144044
144049
144066
144087
144101
144119
144172
144244
144256
144270
144297
144347
144371
144372
144396
144518
144541
144544
144555
144556
144583
144606
144751
144752
144892
144903
144917
145073
145078
145088
145094
145102
145150
145231
145314
145357
145362
145375
145413
145443
145573
145605
145608
145627
145628
145707
145726
145738
145748
145757
145763
145771
145775
145841
145871
145877
146065
146090
146134
146196
146230
146257
146259
146260
146272
146286
146363
146396
146554
146558
146577
146651
146692
146694
146712
146727
146884
146897
146900
146981
146984
146986
147051
147084
147150
147152
147175
147207
147309
147326
147442
147626
147838
147855
147920
147996
148048
148081
148180
148227
148294
148297
148338
148339
148355
148400
148504
148574
148575
148579
148782
148970
148974
148989
149076
149114
149119
149149
149162
149167
149190
149199
149207
149218
149231
149256
149259
149287
149309
149321
149332
149336
149476
149503
149545
149577
149614
149656
149664
149671
149733
149734
149766
149807
149825
149840
149843
149860
149870
149904
149984
150119
150167
150197
150256
150427
150454
150459
150498
150513
150531
150542
150613
150673
150698
150763
150797
150844
150857
150868
150882
150909
151077
151078
151376
151386
151406
151414
151428
151495
151575
151611
151649
151701
151732
151734
151749
151768
151945
151954
152031
152037
152051
152052
152054
152074
152083
152101
152167
152191
152374
152385
152395
152585
152689
152880
152903
152931
152942
152970
152989
153011
153020
153040
153180
153223
153225
153237
153257
153307
153312
153338
153366
153476
153501
153513
153531
153533
153652
153768
153925
154115
154140
154144
154246
154300
154322
154374
154409
154469
154512
154513
154515
154522
154568
154584
154623
154665
154702
154726
154839
154901
155108
155315
155389
155428
155440
155452
155523
155581
155582
155595
155648
155662
155697
155703
155802
155828
155887
155903
155952
155953
155985
156018
156060
156070
156076
156169
156186
156196
156208
156285
156519
156535
156553
156570
156661
156674
156753
156780
156824
156853
156863
156868
156939
157007
157024
157080
157089
157090
157104
157194
157204
157215
157218
157222
157403
157553
157556
157579
157707
157736
157741
157760
157797
157818
157975
157984
158012
158027
158147
158231
158253
158271
158288
158290
158291
158359
158377
158378
158384
158400
158409
158418
158426
158427
158493
158496
158523
158691
158721
158748
158847
158929
159206
159235
159295
159346
159350
159366
159391
159393
159442
159448
159549
159551
159581
159586
159587
159599
159692
159719
159753
159794
159802
159818
159821
159839
159857
159942
159978
160251
160310
160330
160441
160470
160500
160572
160670
160707
160741
160748
160888
160991
160996
161018
161026
161037
161095
161101
161118
161125
161219
161247
161561
161638
161671
161696
161720
161724
161804
161809
161814
161820
161838
161866
161908
161909
161921
161937
161984
161988
161999
162001
162015
162024
162029
162032
162044
162056
162110
162128
162140
162205
162229
162240
162331
162340
162344
162402
162420
162440
162493
162511
162534
162550
162555
162616
162645
162845
162879
162881
163000
163045
163061
163106
163150
163201
163312
163330
163350
163415
163435
163511
163530
163635
163729
163763
164021
164051
164058
164078
164080
164088
164123
164161
164162
164310
164364
164370
164408
164415
164576
164654
164685
164703
164704
164710
164722
164726
164734
164752
164819
164822
164828
165037
165074
165173
165209
165231
165238
165275
165532
165568
165569
165650
165672
165678
165681
165713
165756
165792
165875
165912
165976
166018
166111
166122
166124
166139
166140
166148
166165
166169
166183
166280
166304
166317
166432
166447
166773
166898
166979
166983
167004
167050
167067
167138
167145
167275
167317
167322
167344
167427
167433
167440
167444
167465
167485
167533
167566
167581
167761
167852
167959
168001
168013
168016
168028
168095
168127
168140
168141
168156
168164
168169
168192
168207
168210
168234
168271
168280
168310
168314
168321
168327
168337
168382
168407
168454
168459
168555
168566
168614
168624
168685
168728
168802
168804
168809
168826
168835
168860
168870
168899
168924
168925
168988
169009
169035
169185
169371
169387
169405
169601
169656
169658
169669
169676
169680
169741
169865
169897
170055
170090
170190
170226
170271
170364
170380
170384
170406
170419
170434
170464
170487
170627
170686
170696
170722
170924
171014
171029
171030
171046
171052
171060
171061
171067
171078
171080
171151
171154
171353
171367
171400
171453
171499
171535
171564
171593
171667
171957
171998
172004
172052
172200
172302
172375
172377
172500
172509
172511
172642
172676
172925
173101
173141
173224
173255
173296
173305
173309
173330
173335
173337
173355
173393
173515
173517
173539
173641
173643
173648
173701
173704
173730
173811
173821
173847
173891
173907
174086
174267
174285
174342
174354
174371
174406
174453
174466
174468
174507
174520
174521
174533
174536
174584
174600
174604
174610
174612
174640
174644
174648
174651
174663
174696
174715
174780
174881
174929
174930
174941
174988
174999
175037
175054
175069
175082
175089
175128
175170
175174
175186
175191
175213
175228
175261
175700
175731
175758
175820
175874
175940
175984
175995
176001
176067
176080
176186
176222
176230
176426
176516
176520
176524
176552
176684
176690
176710
176732
176761
176959
177016
177022
177122
177250
177266
177271
177347
177355
177356
177365
177372
177378
177386
177387
177398
177404
177423
177526
177682
177779
177856
178184
178224
178290
178297
178324
178379
178420
178526
178534
178589
178655
178750
178802
178817
178826
178828
179574
179582
179584
179652
179671
179674
179685
179719
179753
179772
179869
179890
179967
179969
180019
180030
180105
180133
180147
180200
180211
180237
180412
180513
180535
180599
180609
180668
180680
180681
180685
180696
180702
180741
180779
180792
180794
180827
180850
180852
180899
180926
180930
180947
180966
180970
180972
180989
181106
181159
181207
181252
181267
181364
181392
181415
181425
181432
181436
181500
181512
181517
181587
181822
181842
182057
182199
182253
182310
182314
182315
182324
182327
182347
182393
182406
182409
182415
182512
182526
182548
182550
182556
182578
182582
182809
182846
182887
182986
183010
183016
183029
183064
183067
183107
183202
183320
183348
183362
183378
183407
183529
183546
183576
183677
183679
183681
183692
183698
183703
183704
183705
183713
183730
183822
183830
183844
183852
183973
184006
184010
184016
184043
184047
184052
184105
184199
184201
184219
184221
184224
184225
184233
184378
184510
184528
184541
184550
184561
184585
184619
184623
184640
184650
184864
185035
185087
185155
185161
185235
185259
185282
185287
185577
185887
185908
185910
185915
185929
185930
185993
186011
186040
186168
186189
186229
186293
186335
186371
186394
186448
186473
186526
186537
186541
186574
186738
186925
186929
186935
186994
187011
187022
187105
187118
187120
187124
187139
187152
187192
187204
187208
187252
187265
187289
187292
187315
187335
187432
187450
187465
187497
187533
187544
187593
187620
187690
187783
187826
187838
187917
187948
188148
188164
188171
188212
188215
188344
188383
188410
188414
188480
188481
188521
188539
188577
188579
188612
188629
188636
188640
188641
188650
188653
188659
188673
188689
188719
188741
188852
188876
188882
189063
189136
189213
189225
189247
189328
189336
189355
189378
189386
189389
189442
189531
189605
189661
189662
189674
189687
189712
189769
189869
189872
189902
189922
189991
190005
190007
190008
190014
190017
190018
190029
190030
190038
190039
190043
190044
190053
190056
190153
190155
190156
190170
190193
190332
190334
190342
190345
190357
190378
190446
190461
190471
190516
190531
190538
190547
190557
190645
190704
190836
190846
190854
190867
190976
191016
191077
191179
191315
191326
191343
191358
191421
191487
191608
191702
191751
192109
192206
192236
192258
192272
192283
192300
192380
192406
192517
192555
192565
192592
192600
192619
192621
192655
192708
192722
192728
192757
192799
192852
192863
193320
193322
193337
193348
193404
193421
193444
193446
193465
193485
193487
193578
193626
193641
193655
193680
193758
193772
193870
193919
193922
193942
193986
194016
194031
194040
194042
194074
194099
194126
194152
194164
194226
194230
194235
194243
194250
194474
194497
194538
194541
194657
194674
194686
194698
194709
194740
194741
194754
194769
194875
194952
194954
194972
194985
195045
195164
195179
195462
195498
195573
195654
195662
195675
195708
195710
195715
195720
195735
195851
195931
195972
195986
196000
196115
196184
196224
196228
196242
196315
196321
196325
196331
196332
196333
196334
196340
196345
196350
196355
196356
196370
196379
196381
196382
196462
196468
196479
196481
196493
196514
196656
196662
196668
196669
196683
196684
196687
196704
196746
196757
196842
196971
197030
197162
197225
197251
197252
197272
197507
197652
197657
197677
197684
197747
197779
197904
197934
198411
198562
198563
198580
198587
198654
198656
198683
198731
198829
198843
198861
198865
198926
198945
198947
198985
199034
199038
199083
199125
199189
199190
199390
199599
199623
199646
199702
199730
199747
199755
199770
199772
199773
199791
199864
199904
199950
199957
199967
199998
200085
200102
200116
200133
200179
200196
200245
200275
200342
200353
200363
200414
200419
200441
200462
200474
200490
200580
200606
200864
200968
201035
201063
201069
201071
201101
201200
201271
201283
201284
201305
201371
201374
201490
201505
201525
201685
201736
201744
201792
201824
201849
201988
201990
202001
202007
202018
202027
202036
202040
202046
202049
202076
202078
202087
202094
202246
202257
202298
202326
202342
202347
202363
