>BUMA.0721.00008.2
+1 +2 +3 +4 +5 +6 +7 +8 +9 +10 +11 +12 +13 +14 +15 +16 +17 +18 +19 +20 +21 +22 +23 +24 +25 +26 +27 +28 +29 +30 +31 +32 +33 +34 +35 +36 +37 +38 +39 +40 +41 +42 +43 +44 +45 +46 +47 +48 +49 +50 +51 +52 +53 +54 +55 +56 +57 +58 +59 +60 +61 +62 +63 +64 +65 +66 +67 +68 +69 +70 +71 +72 +73 +74 +75 +76 +77 +78 +79 +80 +81 +82 +83 +84 +85 +86 +87 +88 +89 +90 +91 +92 +93 +94 +95 +96 +97 +98 +84 $
>BUMA.0721.00010.1
+99 +100 +101 +102 +103 +104 +105 +106 +107 +108 +109 +110 +111 +112 +113 +114 +115 +116 +117 +118 +119 +120 +121 +122 +123 +124 +125 +126 +127 +128 +129 +130 +131 +132 +133 +134 +135 +136 +137 +138 +139 +140 +141 +142 +143 +144 +145 +146 +147 +148 +149 +150 +151 +152 +153 +154 +155 +156 +157 +158 +159 +160 +161 +162 +163 +164 +165 +166 +167 +168 +169 +170 +171 +172 +173 +174 +175 +176 +177 +178 +179 +180 +181 +182 +183 +184 +185 +186 +187 +188 +189 +190 +191 +192 +193 +194 +195 -31 +196 +197 +198 +199 +200 +201 +202 +203 +204 +205 +206 +207 +208 +209 +210 +211 +212 +213 +214 +215 +216 +217 +218 +219 +220 +221 +222 +223 +224 +225 +226 +227 +228 +229 +230 +231 +232 +233 +234 +235 +236 +237 +238 +239 +240 +241 +242 +243 +244 +245 +246 +247 +248 +249 +250 $
>BUMA.0721.00014.2
+22 +23 +24 +25 +26 +27 +28 +29 -12 -11 -10 -9 -8 -7 -6 -5 -4 -3 -96 -95 -94 +251 +252 +253 +254 -93 -92 -91 -90 -89 +65 +66 -67 -80 -79 +255 -78 -77 -76 -75 -74 +68 +69 +70 +71 +72 +73 +82 +83 +84 +85 +86 -62 -61 -60 +87 +88 -59 -58 -57 -56 -55 -54 -53 -52 -51 -50 -49 -48 -47 -46 -45 -44 -43 -42 -41 -40 -39 -38 -37 -36 -35 -34 -33 -32 -31 -30 +14 +15 +16 +17 +18 +19 +20 +21 $
>BUMA.0721.00015.2
+22 +23 +24 +25 +26 +27 +28 +29 -12 -11 -10 -9 -8 -7 -6 -5 -4 -3 -96 -95 -94 -93 -92 -91 -90 -89 +65 +66 -67 -80 -79 +255 -78 -77 -76 -75 -74 +256 +257 +258 +259 +68 +69 +70 +71 +72 +73 +82 +83 +84 +85 +86 -62 -61 -60 +87 +88 -59 -58 -57 -56 -55 -54 -53 -52 -51 -50 -49 -48 -47 -46 -45 -44 -43 -42 -41 -40 -39 -38 -37 -36 -35 -34 -33 -32 -31 -30 +14 +15 +16 +17 +18 +19 +20 +21 $
>BUMA.0721.00012.2
-25 -24 -23 -22 -21 -20 -19 +30 +31 +32 +33 +34 +35 +36 +37 +38 +39 +42 +43 +44 +45 +46 +47 +48 +49 +50 +51 +52 +53 +54 +55 +56 +57 +58 +59 -86 -85 -84 -83 -82 -81 +260 +261 -78 -77 -76 -75 -74 +256 +257 +258 +259 +68 +69 +70 +71 +72 +73 +79 +80 +67 -66 -65 -64 -63 -62 -61 -60 +87 +88 +89 +90 +91 +92 +93 +95 +96 +97 +98 +84 +1 +2 +3 +4 +5 +6 +7 +8 +9 +10 +11 +12 +13 +14 +15 +16 +17 +18 -29 -28 -27 -26 $
>BUMA.0721.00012.1
-163 +173 +174 +175 +176 +133 +134 +135 +136 +262 +137 +138 +139 +126 -152 -151 +155 +156 +157 +158 +159 +160 +161 +162 -172 -171 -170 -169 -168 -154 -153 -147 -146 -145 -144 -143 -142 +149 +150 -132 -131 -130 -129 -128 -127 +148 -141 -140 -125 -124 -123 -122 -121 -120 -119 -118 -117 -116 -115 -114 -113 -112 -111 -110 -109 -108 -107 -106 -105 -104 -103 -102 -101 -100 -99 -250 -249 +206 +207 +208 +209 +210 +217 +218 +219 +220 +221 +222 +223 +224 +214 +215 +216 -236 -235 -232 -231 -230 -229 -228 +263 +264 +265 +266 -227 -226 -225 -213 -212 -211 +237 +238 +239 +240 +241 +242 +243 +244 +245 +246 +247 +248 +205 -204 -203 -202 -201 -200 -199 -198 -197 -196 +31 -195 -194 -193 -192 -191 +183 +184 +185 +186 +187 +188 +189 +190 -182 -180 +181 -179 -178 -177 -167 -166 -165 -164 $
>BUMA.0721.00014.1
-163 +173 +174 +175 +176 +118 +119 +120 +121 +149 +150 +143 +144 +145 +146 +147 +148 -141 -140 -139 +133 +134 +135 +136 +262 +137 +138 +122 +123 +124 +122 +123 +124 +125 +126 -169 -168 -154 -153 +172 -162 -161 -160 -159 -158 -157 -156 -155 -152 -151 -142 -132 -131 -130 -129 -128 -127 +170 +171 -117 -116 +114 +115 -113 -112 -111 -110 -109 -108 -107 -106 -105 -104 -103 -102 -101 -100 -99 -250 -249 +206 +207 +208 +209 +210 +211 +212 +213 +214 +215 +216 -232 -231 -230 -229 -228 +263 +266 -227 -226 -225 -224 -223 -222 -221 -220 -219 -218 -217 +237 +238 +239 +240 +241 +242 +243 +244 +245 +246 +247 +248 +205 -204 -203 -202 -201 -200 -199 -197 -196 +31 -195 -197 -196 +31 -195 -197 -196 +31 -195 -194 -193 -192 -191 -190 -189 -188 -187 -186 -185 -184 -183 -182 -181 -180 -179 -178 -177 -167 -166 -165 -164 $
>BUMA.0721.00003.1
+136 +262 +142 -147 -146 -145 -144 -143 +133 +134 -139 -182 -181 +180 -179 -178 -177 -167 -166 -165 -164 -163 +173 +174 +175 +176 +118 +119 +120 +121 +122 +123 +124 +125 +126 -149 -141 -140 -148 -190 +115 -111 -110 -109 -108 -189 -188 -187 -186 -185 -184 -183 +191 +192 +193 -194 +195 -31 +196 +197 +198 +199 +200 +201 +222 +223 +224 +225 +226 +227 -266 -265 -264 -263 +228 -236 -235 -234 -233 +267 -232 -231 -230 -221 -220 -219 -218 -217 +237 +238 +239 +240 +241 +242 +243 +244 +245 +246 +247 +248 -204 -203 -229 -216 -215 -214 -213 -212 -211 -208 -207 -206 +249 +250 +99 +112 -101 -100 +113 +102 +103 +104 +105 +106 +107 +116 +117 +155 +156 +157 +158 +159 +160 +161 +162 -172 +170 +171 -169 -168 +151 +152 +153 +154 -150 +127 +128 +129 +130 +131 +132 -138 -137 +135 $
>BUMA.0721.00003.2
+253 +254 -93 -92 -91 -90 -89 +268 -80 -79 -88 -87 +62 +63 +64 -86 -85 -97 -96 -95 -94 -2 -1 -84 -83 -82 -81 +260 +261 +68 +69 +70 +71 +72 +73 -259 -258 -257 -256 +74 +75 +76 +77 +78 -255 +67 -66 -65 -59 -58 -57 -56 -55 -54 -53 -52 -48 -46 -45 -44 -43 -41 -40 -39 -38 -37 -36 +15 +16 +17 +18 -29 -27 -25 -24 -23 -22 -21 -20 -19 +30 +31 +32 +33 +34 +35 -14 -13 -12 -11 -10 -9 -7 -6 -5 -4 +42 +252 $
>BUMA.0721.00011.1
-144 -143 -142 +149 +150 +151 +152 +153 +154 +155 +156 +157 +158 +159 +160 +161 +162 -138 -137 -136 -135 +165 +166 +167 +168 +169 +133 +134 -164 -163 +173 +174 +175 +176 +177 +178 +179 +180 +181 -111 -110 -109 -108 -107 -106 -105 -104 -103 -102 -101 -100 -99 -250 -249 -248 -247 -246 -245 -244 -243 -242 -241 -240 -239 -238 -237 +217 +218 +219 +220 +221 +222 +223 +224 +225 +226 +227 -266 -265 -264 -263 +228 +229 +230 +231 +232 +233 +234 +235 +236 -216 -215 -214 -213 -212 -211 -210 -209 -208 -207 +112 +182 +183 +184 +185 +186 +187 +188 +190 +191 +192 +193 +194 +195 -31 +196 +197 +198 +199 +200 +201 +202 +203 +204 +205 +206 +113 +114 +115 +116 +117 +118 +119 +120 +121 +122 +123 +124 +125 +126 +127 +128 +129 +130 +131 +132 +170 +171 +172 +139 +140 +141 -148 -147 -146 -145 $
>BUMA.0721.00002.1
-226 -225 -224 -223 -222 -221 -220 -219 -218 -217 -216 -215 -214 -213 -212 -211 -210 -209 -208 -207 -206 -205 -204 -203 -202 -201 -200 -199 -198 -197 -196 +31 -195 -194 -193 -192 -191 -190 -189 -188 -187 -186 -185 -184 -183 -182 -181 -180 -179 -178 -177 -176 -175 -174 -173 -172 -171 -170 -169 -168 -167 -166 -165 -164 -163 -162 -161 -160 -159 -158 -157 -156 -155 -154 -153 -152 -151 -150 -149 -148 -147 -146 -145 -144 -143 -142 -141 -140 -139 -138 -137 -136 -135 -134 -133 -132 -131 -130 -129 -128 -127 -126 -125 -124 -123 -122 -121 -120 -119 -118 -117 -116 -115 -114 -113 -112 -111 -110 -109 -108 -107 -106 -105 -104 -103 -102 -101 -100 -99 -250 -249 -248 -247 -246 -245 -244 -243 -242 -241 -240 -239 -238 -237 -236 -235 -234 -233 -232 -231 -230 -229 -228 +263 +264 +265 +266 -227 $
>BUMA.0721.00006.2
+59 +65 +66 +67 -80 -79 +255 -78 -77 -76 -75 -74 +256 +257 +258 +259 +68 +69 +70 +71 +72 +73 -261 -260 +81 +82 +83 +84 +85 +86 -62 -61 -60 +87 +88 +89 +90 +91 +92 +93 -254 -253 -252 -251 +94 +95 +96 +97 +98 +84 +1 +2 +3 +4 +5 +6 +7 +8 +9 +10 +11 +12 +13 +14 +15 +16 +17 +18 +19 +20 +21 +22 +23 +24 +25 +26 +27 +28 +29 +30 +31 +32 +33 +34 +35 +36 +37 +38 +39 +40 +41 +42 +43 +44 +45 +46 +47 +48 +49 +50 +51 +52 +53 +54 +55 +56 +57 +58 $
>BUMA.0721.00007.2
-91 -90 -89 -88 -87 -80 -79 +255 -78 -77 -76 -75 -74 +256 +257 +258 +259 +68 +69 +70 +71 +72 +73 -261 -260 +81 +82 +83 +84 +85 +86 -62 -61 -60 -67 -66 -65 -59 -58 -57 -56 -55 -54 -53 -52 -51 -50 -49 -48 -47 -46 -45 -44 -43 -42 -41 -40 -39 -38 -37 -36 -35 -34 -33 -32 -31 -30 -27 -26 -25 -24 -23 -22 -21 -20 -19 -18 -17 -16 -15 -14 -13 -12 -11 -10 -9 -8 -7 -6 -5 -4 -3 -2 -1 -84 -98 -97 -96 -95 -94 +251 +252 +253 +254 -93 -92 $
>BUMA.0721.00011.2
+10 +11 +12 +13 +14 +15 +16 +17 +18 +19 +20 +21 +22 +23 +24 +25 +26 +27 +28 +29 +30 +31 +32 +33 +34 +35 +36 +37 +38 +39 -2 -1 -84 -98 -97 -96 -95 -67 +60 +61 -85 -84 -83 -82 -81 +260 +261 +68 +69 +70 +71 +72 +73 -259 -258 -257 -256 +74 +75 +76 +77 +78 +79 +80 +87 +88 +89 +90 +91 +92 +93 -254 -253 -252 -66 -65 -64 -63 -62 -59 -58 -57 -56 -55 -53 -52 -51 -50 -49 -48 -47 -46 -45 -44 -43 -42 +3 +4 +5 +6 +7 +8 +9 $
>BUMA.0721.00008.1
-115 -114 +116 +117 -126 -125 -124 -123 -122 -121 -120 -119 -118 -169 -168 -154 -153 -152 -151 -150 -149 -139 -138 -137 -262 -141 -140 -148 -147 -146 -145 -144 -143 -142 -136 -135 -134 -133 -132 -131 -130 -129 -128 -127 +170 +171 +172 -162 -161 -160 -159 -158 -157 -156 -155 -176 -175 -174 -173 +163 +164 +182 -190 -112 -111 -110 -109 -108 -107 -106 -105 -104 -103 -102 -101 -100 -205 +204 -99 -250 -249 +206 +207 +208 +226 +227 -266 -265 -264 -263 +228 +229 +230 +231 +232 +233 +234 +235 +236 -216 -215 -214 -213 -212 -211 -210 -209 -225 -224 -223 -222 -221 -220 -219 -218 -217 +237 +238 +239 +240 +241 +242 +243 +244 +245 +246 +247 +248 -203 -202 -201 -200 -199 -198 -197 -196 +31 -195 +194 -193 -192 -191 +183 +184 +185 +186 +187 +188 +189 +113 -180 -179 -178 -177 -167 -166 -165 -181 $
>BUMA.0721.00004.2
-75 -74 +256 +257 +258 +259 +60 +61 +62 -86 -85 -84 -83 -82 -73 -72 -71 -70 -69 -68 +87 +88 +89 +90 +91 +92 +93 -254 -253 -252 -53 -52 -51 -50 -49 -48 -47 -46 -45 -44 -43 -42 -39 -38 -37 -36 -35 -34 -33 -32 -31 -30 -29 -28 -27 -26 -25 -24 -23 -22 -21 -20 -19 -18 -17 -16 -15 -14 -13 -12 -11 -10 -9 -8 -7 -6 -5 -4 -3 -2 -1 -84 -98 -97 -96 -95 +67 -80 -79 +255 -78 -77 -76 $
>BUMA.0721.00005.1
-219 -218 -217 +237 -227 -226 +238 +239 +240 +241 +242 +243 +244 +113 -115 -164 -163 +173 +174 +175 +176 +155 +156 +157 +158 +159 +160 +161 +162 -172 -171 -170 +121 +122 +123 +124 +125 +126 -169 -168 -154 -153 -152 -151 +139 +140 +141 -148 -147 -146 -145 -144 -143 -150 -149 -142 -138 -137 -262 -136 -135 -134 -133 -132 -131 -130 -129 -128 +127 -120 -119 -118 -117 -116 +114 +165 +166 +167 +177 +178 +179 +180 +181 +182 -190 -189 -188 -187 -186 -185 -184 -183 +191 +192 +193 +195 -31 +196 +197 +198 +199 +200 +201 +211 +212 +213 +214 +215 +216 +202 +203 +204 -248 -247 -246 -245 -112 -111 -110 -109 -108 -107 -106 -105 -104 -103 -102 -101 -100 -99 -250 -249 +206 +207 +208 +209 +210 -236 -235 -234 -233 +225 -266 -263 +228 +229 +230 +231 +232 -224 -223 -222 -221 -220 $
>BUMA.0721.00019.2
+22 +23 +24 +25 +26 +27 +28 +29 -12 -11 -10 -9 -8 -7 -6 -5 -4 -3 -96 -95 -94 +251 +252 +253 +254 -93 -92 -91 -90 -89 +65 +66 -67 -80 -79 +255 -78 -77 -76 -75 -74 +68 +69 +70 +71 +72 +73 +82 +83 +84 +82 +83 +84 +85 +86 -62 -61 -60 +87 +88 -59 -58 -57 -56 -55 -54 -53 -52 -51 -50 -49 -48 -47 -46 -45 -44 -43 -42 -41 -40 -39 -38 -37 -36 -35 -34 -33 -32 -31 -30 +14 +15 +16 +17 +18 +19 +20 +21 $
>BUMA.0721.00013.1
-163 +173 +174 +175 +176 +118 +119 +120 +121 +149 +150 +143 +144 +145 +146 +147 +148 -141 -140 -139 +133 +134 +135 +136 +262 +137 +138 +122 +123 +124 +125 +126 -169 -168 -154 -153 +172 -162 -161 -160 -159 -158 -157 -156 -155 -152 -151 -142 -132 -131 -130 -129 -128 -127 +170 +171 -117 -116 +114 +115 -113 -112 -111 -110 -109 -108 -107 -106 -105 -104 -103 -102 -101 -100 -99 -250 -249 +206 +207 +208 +209 +210 +211 +212 +213 +214 +215 +216 -232 -231 -230 -229 -228 +263 +266 -227 -226 -225 -224 -223 -222 -221 -220 -219 -218 -217 +237 +238 +239 +240 +241 +242 +243 +244 +245 +246 +247 +248 +205 -204 -203 -202 -201 -200 -199 -198 -197 -196 +31 -195 -194 -193 -192 -191 -190 -188 -187 -186 -185 -184 -183 -182 -181 -180 -179 -178 -177 -167 -166 -165 -164 $
>BUMA.0721.00024.1
+216 +211 +212 +213 +214 +215 +216 -232 -231 -230 -229 -228 +263 +266 -227 -226 -225 -224 -223 -222 -221 -220 -219 -218 -217 +237 +238 +239 +240 +241 +242 +243 +244 +245 +246 +247 +248 +205 -204 -203 -202 -201 -200 -199 -198 -197 -196 +31 -195 -193 -192 -191 -190 -189 -188 -187 -186 -185 -184 -183 -182 -181 -180 -179 -178 -177 -167 -166 -165 -164 -163 +173 +174 +175 +176 +118 +119 +120 +121 +149 +150 +143 +144 +145 +146 +147 +148 -141 -140 -138 -137 -262 -136 -135 -134 -133 +139 +122 +123 +124 +125 +126 -169 -168 -154 -153 +172 -162 -161 -160 -159 -158 -157 -156 -155 -152 -151 -142 -132 -131 -130 -129 -128 -127 +170 +171 -117 -116 +114 +115 -113 -112 -111 -110 -109 -108 -107 -106 -105 -104 -103 -102 -101 -100 -99 -250 -249 +206 +207 +208 +209 +210 +211 $
>BUMA.0721.00021.2
+22 +23 +24 +25 +26 +27 +28 +29 -12 -11 -10 -9 -8 -7 -6 -5 -4 -3 -96 -95 -94 +251 -93 -92 -91 -90 -89 +65 +66 -67 -80 -79 +255 -78 -77 -76 -75 -74 +256 +257 +258 +259 +68 +69 +70 +71 +72 +73 +82 +83 +84 +85 +86 -62 -61 -60 +87 +88 -59 -58 -57 -56 -55 -54 -53 -52 -51 -50 -49 -48 -47 -46 -45 -44 -43 -42 -41 -40 -39 -38 -37 -36 -35 -34 -33 -32 -31 -30 +14 +15 +16 +17 +18 +19 +20 +21 $
>BUMA.0721.00018.1
-163 +173 +174 +175 +176 +118 +119 +120 +121 +149 +150 +143 +144 +145 +146 +147 +148 -141 -140 -139 +133 +134 +135 +136 +262 +137 +138 +122 +123 +124 +122 +123 +124 +122 +123 +124 +125 +126 -169 -168 -154 -153 +172 -162 -161 -160 -159 -158 -157 -156 -155 -152 -151 -142 -132 -131 -130 -129 -128 -127 +170 +171 -117 -116 +114 +115 -113 -112 -111 -110 -109 -108 -107 -106 -105 -104 -103 -102 -101 -100 -99 -250 -249 +206 +207 +208 +209 +210 +211 +212 +213 +214 +215 +216 -232 -231 -230 -229 -228 +263 +266 -227 -226 -225 -224 -223 -222 -221 -220 -219 -218 -217 +237 +238 +239 +240 +241 +242 +243 +244 +245 +246 +247 +248 +205 -204 -203 -202 -201 -200 -199 -198 -197 -196 +31 -195 -194 -193 -192 -191 -190 -189 -188 -187 -186 -185 -184 -183 -182 -181 -180 -179 -178 -177 -167 -166 -165 -165 -164 $
>BUMA.0721.00028.2
-20 -19 -18 -17 -16 -15 -14 +38 +39 +27 +28 +29 +30 +31 +32 +33 +34 +35 +36 +37 +40 +41 +42 +43 +44 +45 +46 +47 +48 +49 +50 +51 +52 -88 -87 +251 -85 -84 -83 -82 -81 +260 +261 -73 -72 +269 +246 -70 -69 -68 -259 -258 -257 -256 +74 +75 +76 +77 +78 -255 +79 +80 -268 +89 +90 +91 +92 +93 -254 -253 -252 +86 -64 -63 -62 -61 -60 +97 +98 +84 +1 +2 +3 +221 +94 +4 -53 +67 -66 -65 -59 -58 -57 -56 -55 -54 +5 +6 +7 +8 +9 +10 +11 +12 +13 -269 -26 -25 -24 -23 -22 -21 -20 -19 -18 $
>BUMA.0721.00009.1
-209 +208 -207 -206 +249 +250 +99 +114 +115 -113 +100 +101 -112 +190 -182 -181 -180 -179 -178 -177 -167 -166 -165 -164 -163 +173 +174 +175 +155 +156 +157 +158 +159 +160 +161 +162 -172 -171 -170 -169 -168 +151 +152 -150 -149 -141 -140 -148 +143 +144 +145 +146 +147 -142 -262 -136 -135 +137 +138 +133 +134 -139 -132 -131 -130 -129 -128 -127 -126 -125 -124 -123 -122 -121 -120 -119 -118 -117 -116 -107 -106 -105 -104 -103 -102 -111 -110 -109 -108 -189 -188 -187 -186 -185 -184 -183 +191 +192 +193 +195 -31 +196 +197 +198 +199 +200 +201 +202 +203 +204 -205 -248 -247 -246 -245 -244 -243 -242 -241 -240 -239 -238 +222 +223 +224 +225 +226 +227 -266 -265 -264 -263 +228 -236 -235 -234 -233 +267 -232 -231 -230 -221 -220 -219 -218 -217 +237 -229 -216 -215 -214 -213 -212 -211 -210 $
>BUMA.0721.00021.1
-163 +173 +174 +175 +176 +118 +119 +120 +121 +149 +150 +143 +144 +145 +146 +147 +148 -141 -140 -139 +133 +134 +135 +136 +262 +137 +138 +122 +123 +124 +122 +123 +124 +125 +126 -169 -168 -154 -153 +172 -162 -161 -160 -159 -158 -157 -156 -155 -152 -151 -142 -132 -131 -130 -129 -128 -127 +170 +171 -117 -116 +114 +115 -113 -112 -111 -110 -109 -108 -107 -106 -105 -104 -103 -102 -101 -100 -99 -250 -249 +206 +207 +208 +209 +210 +211 +212 +213 +214 +215 +216 -232 -231 -230 -229 -228 +263 +266 -227 -226 -225 -224 -223 -222 -221 -220 -219 -218 -217 +237 +238 +239 +240 +241 +242 +243 +244 +245 +246 +247 +248 +205 -204 -203 -202 -201 -200 -199 -198 -197 -196 +31 -195 -194 -193 -192 -191 -190 -189 -188 -187 -186 -185 -184 -183 -182 -181 -180 -179 -178 -177 -167 -166 -165 -165 -165 -164 $
>BUMA.0721.00020.1
-163 +173 +174 +175 +176 +118 +119 +120 +121 +149 +150 +143 +144 +145 +146 +147 +148 -141 -140 -139 +133 +134 +135 +136 +262 +137 +138 +122 +123 +124 +122 +123 +124 +125 +126 -169 -168 -154 -153 +172 -162 -161 -160 -159 -158 -157 -156 -155 -152 -151 -142 -132 -131 -130 -129 -128 -127 +170 +171 -117 -116 +114 +115 -113 -112 -111 -110 -109 -108 -107 -106 -105 -104 -103 -102 -101 -100 -99 -250 -249 +206 +207 +208 +209 +210 +211 +212 +213 +214 +215 +216 -232 -231 -230 -229 -228 +263 +266 -227 -226 -225 -224 -223 -222 -221 -220 -219 -218 -217 +237 +238 +239 +240 +241 +242 +243 +244 +245 +246 +247 +248 +205 -204 -203 -202 -201 -200 -199 -194 -193 -192 -191 -190 -189 -188 -187 -186 -185 -184 -183 -182 -181 -180 -179 -178 -177 -167 -166 -165 -165 -165 -164 $
>BUMA.0721.00032.1
+159 +160 +161 +162 +122 +123 +124 +125 +126 -169 -168 +139 +140 +141 +142 +143 +144 +145 +146 +147 +148 +149 +150 +151 +152 +153 +154 +133 +134 -262 -136 -135 +137 +138 +172 -121 -120 -119 -118 -176 -175 -174 -173 -179 -178 -177 -167 -166 -165 +170 +171 -117 -116 -115 -114 -113 -112 -111 -110 -109 -108 -107 -106 -105 -104 -103 -102 +192 +193 +194 +195 -31 +196 +197 +198 +199 +200 +201 +202 +203 +204 -205 -248 -247 -246 -245 -244 -243 -242 -241 -240 -239 -238 -237 +217 +218 +219 +220 +221 +222 +223 +224 -232 -231 -230 -229 -228 +263 +266 -227 -226 -225 -216 -215 -214 -213 -212 -211 -210 -209 -208 -207 -206 +249 +250 +99 +100 +101 -191 +183 +184 +185 +186 +187 +188 +189 +190 -182 -181 -180 +163 +164 +127 +128 +129 +130 +131 +132 +155 +156 +157 +158 $
>BUMA.0721.00016.2
-21 -20 -19 -18 -17 -16 -15 -14 -13 -12 -11 -10 -9 -8 -7 -6 -5 -4 -3 +42 +43 +44 +45 +46 +47 +48 +49 +50 +51 +52 +53 +54 +55 +56 +57 +58 +59 -86 -80 -79 -78 -77 -76 -75 -74 +256 +257 +258 +259 +62 +63 -73 -72 -71 -70 -69 -68 -261 -260 +81 +82 +83 +84 +85 +67 -66 -65 -61 -60 +87 +88 +89 +90 +91 +92 +93 -254 -253 -252 -251 +95 +96 +97 +98 +84 +1 +2 -41 -40 -39 -38 -37 -36 -35 -34 -33 -32 -31 -30 -29 -28 -27 -26 -25 -24 -23 -22 $
>BUMA.0721.00024.2
-44 -43 -42 -41 -40 -39 -38 -37 -36 -35 -34 -33 -32 -31 -30 +14 +15 +16 +17 +18 +19 +20 +21 +22 +23 +24 +25 +26 -10 -9 -8 -7 -6 -5 -4 -3 -96 -95 -94 +251 +252 +253 +254 -93 -92 -91 -90 -89 -67 -80 -79 +255 -78 -77 -76 -75 -74 +256 +257 +258 +259 +68 +69 +70 +71 +72 +73 +82 +83 +84 +85 -53 -52 -51 -50 -49 -48 -47 -46 -45 $
>BUMA.0721.00001.2
-57 -56 -55 -54 -53 -52 -51 -50 -49 -48 -47 -46 -45 -44 -43 -42 +3 +4 +5 +6 +7 +8 +9 +10 +11 +12 +13 +14 +15 +16 +17 +18 +19 +20 +21 +22 +23 +24 +25 +26 +27 +28 +29 +30 +31 +32 +33 +34 +35 +36 +37 +38 +39 +40 +41 -2 -1 -84 -98 -97 -96 -95 +251 +252 +253 +254 -93 -92 -91 -90 -89 -88 -87 +60 +61 +65 +66 -67 -85 -84 -83 -82 -81 +260 +261 +68 +69 +70 +71 +72 +73 -63 -62 -259 -258 -257 -256 +74 +75 +76 +77 +78 +79 +80 +86 -59 -58 $
>BUMA.0721.00023.2
-21 -20 -19 -18 -17 -16 -15 -14 -13 -12 -11 -10 -9 -8 -7 -6 -5 -4 -3 +42 +43 +44 +45 +46 +47 +48 +49 +50 +51 +52 +53 +54 +55 +56 +57 +58 +59 -86 -80 -79 -78 -77 -76 -75 -74 +62 +63 -73 -72 -71 -70 -69 -68 -261 -260 +81 +82 +83 +84 +85 +67 -66 -65 -61 -60 +87 +88 +89 +90 +91 +92 +93 -254 -253 -252 -251 +95 +96 +97 +98 +84 +1 +2 -41 -40 -39 -38 -37 -36 -35 -34 -33 -32 -31 -30 -29 -28 -27 -26 -25 -24 -23 -22 $
>BUMA.0721.00019.1
-163 +173 +174 +175 +176 +118 +119 +120 +121 +149 +150 +143 +144 +145 +146 +147 +148 -141 -140 -139 +133 +134 +135 +136 +262 +137 +138 +122 +123 +124 +122 +123 +124 +125 +126 -169 -168 -154 -153 +172 -162 -161 -160 -159 -158 -157 -156 -155 -152 -151 -142 -132 -131 -130 -129 -128 -127 +170 +171 -117 -116 +114 +115 -113 -112 -111 -110 -109 -108 -107 -106 -105 -104 -103 -102 -101 -100 -99 -250 -249 +206 +207 +208 +209 +210 +211 +212 +213 +214 +215 +216 -232 -231 -230 -229 -228 -227 -226 -225 -224 -223 -222 -221 -220 -219 -218 -217 +237 +238 +239 +240 +241 +242 +243 +244 +245 +246 +247 +248 -204 -203 -202 -201 -200 -199 -198 -197 -196 +31 -195 -194 -193 -192 -191 -190 -189 -188 -187 -186 -185 -184 -183 -182 -181 -180 -179 -178 -177 -167 -166 -165 -165 -164 $
>BUMA.0721.00010.2
-254 -253 -252 -251 +95 +96 +97 +98 +84 +85 -59 -58 -57 -56 -55 -53 -52 -51 -50 -49 -48 -47 -46 -45 -44 -43 -42 +3 +4 +5 +6 +7 +8 +9 +10 +11 +12 +13 +14 +15 +16 +17 +18 -29 -28 -27 -26 -25 -24 -23 -22 -21 -20 -19 +30 +31 +32 +33 +34 +35 +36 +37 +38 +39 +40 +41 -2 -1 -84 -83 -82 -86 -80 -79 -78 -77 -76 -75 -74 +256 +257 +258 +259 -73 -72 -71 -70 -69 -68 +87 +88 +89 +90 +91 +92 +93 +89 $
>BUMA.0721.00022.2
+22 +23 +24 +25 +26 +27 +28 +29 -12 -11 -10 -9 -8 -7 -6 -5 -4 -3 -96 -95 -94 -93 -92 -91 -90 -89 +65 +66 -67 -80 -79 +255 -78 -77 -76 -75 -74 +256 +257 +258 +259 +68 +69 +70 +71 +72 +73 +82 +83 +84 +85 +86 -62 -61 -60 +87 +88 -59 -58 -57 -56 -55 -54 -53 -52 -51 -50 -49 -48 -47 -46 -45 -44 -43 -42 -41 -40 -39 -38 -37 -36 -35 -34 -33 -32 -31 -30 +14 +15 +16 +17 +18 +19 +20 +21 $
>BUMA.0721.00017.2
+22 +23 +24 +25 +26 +27 +28 +29 -12 -11 -10 -9 -8 -7 -6 -5 -4 -3 -96 -95 -94 +251 +252 +253 +254 -93 -92 -91 -90 -89 +65 +66 -67 -80 -79 +255 -78 -77 -76 -75 -74 +68 +69 +70 +71 +72 +73 +82 +83 +84 +85 +86 -62 -61 -60 +87 +88 -59 -58 -57 -56 -55 -54 -53 -52 -51 -50 -49 -48 -47 -46 -45 -44 -43 -42 -41 -40 -39 -38 -37 -36 -35 -34 -33 -32 -31 -30 +14 +15 +16 +17 +18 +19 +20 +21 $
>BUMA.0721.00016.1
-163 +173 +174 +175 +176 +168 +169 +170 +165 +166 +167 +177 +178 +179 -180 +181 +182 +183 +184 +185 +186 +187 +188 +189 +190 +191 +192 +193 +194 +195 -31 +196 +197 +198 +199 +200 +201 +202 +203 +204 +207 +208 +209 +210 +211 +212 +213 +214 +215 +216 -236 -235 -234 -233 -232 -231 -230 -229 -228 -227 -226 -225 -224 -223 -222 -221 -220 -219 -218 -217 +237 +238 +239 +240 +241 +242 +243 +244 +245 +246 +247 +248 +249 +250 +99 +100 +101 +102 +103 +104 +105 +106 +107 +108 +109 +110 +111 -112 +113 +114 +115 +116 +117 +118 +119 +120 +121 +122 +123 +124 +125 +126 +127 +128 +129 +130 +131 +132 -136 -135 -134 -133 +137 +138 +139 +140 +141 -148 -147 -146 -145 -144 -143 -142 -205 -206 +149 +150 +151 +152 +153 +154 +155 +156 +157 +158 +159 +160 +161 +162 -172 -171 -164 $
>BUMA.0721.00007.1
+134 -262 -136 -135 +137 +138 -132 -131 -130 -129 -128 -127 +170 +171 +172 -162 -161 -160 -159 -158 -157 -156 -155 -176 -175 -174 -173 +163 +164 +165 +166 +167 +177 +178 +179 +180 +181 +182 -112 -111 -110 -109 -108 -107 -106 -105 -104 -103 -102 +192 +193 +194 +195 -31 +196 +197 +198 +199 +200 +201 +202 +203 +204 -205 -248 -247 -246 -245 -244 -243 -242 -241 -240 -239 -238 -237 +217 +218 +219 +220 +221 +222 +223 +224 -232 -231 -230 -229 -228 +263 +266 -227 -226 -225 -216 -215 -214 -213 -212 -211 -210 -209 -208 -207 -206 +249 +250 +99 +100 +101 -191 +183 +184 +185 +186 +187 +188 +189 +190 +113 +115 +116 +117 +118 +119 +120 +121 +122 +123 +124 +125 +126 -169 -168 -154 -153 -152 -151 -150 -149 +142 +143 +144 +145 +146 +147 +148 -141 -140 -139 +133 $
>BUMA.0721.00022.1
-163 +173 +174 +175 +176 +118 +119 +120 +121 +149 +150 +143 +144 +145 +146 +147 +148 -141 -140 -139 +133 +134 +135 +136 +262 +137 +138 +122 +123 +124 +125 +137 +138 +122 +123 +124 +125 +126 -169 -168 -154 -153 +172 -162 -161 -160 -159 -158 -157 -156 -155 -152 -151 -142 -132 -131 -130 -129 -128 -127 +170 +171 -117 -116 +114 +115 -113 -112 -111 -110 -109 -108 -107 -106 -105 -104 -103 -102 -101 -100 -99 -250 -249 +206 +207 +208 +209 +210 +211 +212 +213 +214 +215 +216 -232 -231 -230 -229 -228 +263 +266 -227 -226 -225 -224 -223 -222 -221 -220 -219 -218 -217 +237 +238 +239 +240 +241 +242 +243 +244 +245 +246 +247 +248 +205 -204 -203 -202 -201 -200 -199 -198 -197 -196 +31 -195 -194 -193 -192 -191 -190 -188 -187 -186 -185 -184 -183 -182 -181 -180 -179 -178 -177 -167 -166 -165 -164 $
>BUMA.0721.00027.1
+31 -195 -194 -193 -192 -191 -190 -189 -188 -187 -186 -185 -184 -183 -182 -181 +180 -179 -178 -177 -167 -166 -165 -170 -169 -168 -176 -175 -174 -173 +163 +164 +171 +172 -162 -161 -160 -159 -158 -157 -156 -155 -154 -153 -152 -151 -150 -149 +206 +205 +142 +143 +144 +145 +146 +147 +148 -141 -140 -139 -138 -137 +133 +134 +135 +136 -132 -131 -130 -129 -128 -127 -126 -125 -124 -123 -122 -121 -120 -119 -118 -117 -116 -115 -114 -113 +112 -111 -110 -109 -108 -107 -106 -105 -104 -103 -102 -101 -100 -99 -250 -249 -248 -247 -246 -245 -244 -243 -242 -241 -240 -239 -238 -237 +217 +218 +219 +220 +221 +222 +223 +224 +225 +226 +227 +228 +229 +230 +231 +232 +233 +234 +235 +236 -216 -215 -214 -213 -212 -211 -210 -209 -208 -207 -204 -203 -202 -201 -200 -199 -198 -197 -196 +31 -195 -193 $
>BUMA.0721.00006.1
+188 +189 +190 +118 +119 +120 +121 +122 +123 +124 +125 +126 +139 +140 +141 -148 -169 -168 -152 -151 -150 -149 +142 -147 -146 -145 -144 -143 +153 +154 +133 +134 -262 -136 -135 +137 +138 -132 -131 -130 -129 -128 -127 +170 +171 +172 -162 -161 -160 -159 -158 -157 -156 -155 -176 -175 -174 -173 -179 -178 -177 -167 -166 -165 -164 -163 +180 +181 +182 -117 -116 -115 -114 -113 -112 -111 -110 -109 -108 -107 -106 -105 -104 -103 -102 -186 -185 -184 -183 +191 -101 -100 -99 -250 -249 +206 +207 +208 +209 +210 +211 +212 +213 +214 +215 +216 -236 -235 -234 -233 +225 +226 +227 -266 -263 +228 +229 +230 +231 +232 -224 -223 -222 -221 -220 -219 -218 -217 +237 +238 +239 +240 +241 +242 +243 +244 +245 +246 +247 +248 +205 -204 -203 -202 -201 -200 -199 -198 -197 -196 +31 -195 -194 -193 -192 +187 $
>BUMA.0721.00005.2
-49 -48 -47 -46 -45 -44 -43 -42 -39 -38 -37 -36 -35 -34 -33 -32 -31 -30 -29 -28 -27 -26 -25 -24 -23 -22 -21 -20 -19 -18 -17 -16 -15 -14 -13 -12 -11 -10 -9 -8 -7 -6 -5 -4 -3 -2 -1 -84 -98 -97 -96 -95 +67 -80 -79 +255 -78 -77 -76 -75 -74 +256 +257 +258 +259 +60 +61 +62 -86 -85 -84 -83 -82 -73 -72 -71 -70 -69 -68 +87 +88 +89 +90 +91 +92 +93 -254 -253 -252 -53 -52 -51 -50 $
>BUMA.0721.00020.2
+22 +23 +24 +25 +26 +27 +28 +29 -12 -11 -10 -9 -8 -7 -6 -5 -4 -3 -96 -95 -94 +251 -93 -92 -91 -90 -89 +65 +66 -67 -80 -79 +255 -78 -77 -76 -75 -74 +255 -78 -77 -76 -75 -74 +256 +257 +258 +259 +68 +69 +70 +71 +72 +73 +82 +83 +84 +85 +86 -62 -61 -60 +87 +88 -59 -58 -57 -56 -55 -54 -53 -52 -51 -50 -49 -48 -47 -46 -45 -44 -43 -42 -41 -40 -39 -38 -37 -36 -35 -34 -33 -32 -31 -30 +14 +15 +16 +17 +18 +19 +20 +21 $
>BUMA.0721.00018.2
+22 +23 +24 +25 +26 +27 +28 +29 -12 -11 -10 -9 -8 -7 -6 -5 -4 -3 -96 -95 -94 +251 +252 +253 +254 -93 -92 -91 -90 -89 +65 +66 -67 -80 -79 +255 -78 -77 -76 -75 -74 +68 +69 +70 +71 +72 +73 +82 +83 +84 +85 +86 -62 -61 -60 +87 +88 -59 -58 -57 -56 -55 -54 -53 -52 -51 -50 -49 -48 -47 -46 -45 -44 -43 -42 -41 -40 -39 -38 -37 -36 -35 -34 -33 -32 -31 -30 +14 +15 +16 +17 +18 +19 +20 +21 $
>BUMA.0721.00032.2
-50 -49 -48 -47 -46 -45 -44 -43 -42 -41 -40 -39 -38 -37 -36 -35 -34 -33 -32 -31 -30 -29 -28 -27 -26 -25 -24 -23 -22 -21 -20 -19 -18 -17 -16 -15 -14 -13 -12 -11 -10 -9 -8 -7 -6 -5 -4 -3 -2 -1 -84 -98 -97 -96 -95 +67 -80 -79 +255 -78 -77 -76 -75 -74 +256 +257 +258 +259 +68 +69 +70 +71 +72 +73 -261 -260 +81 +82 +83 +84 +85 +86 -62 -61 -60 +87 +88 +89 +90 +91 +92 +93 -254 -253 -252 -251 +94 -66 -65 -59 -58 -57 -56 -55 -54 -53 -52 -51 $
>BUMA.0721.00030.1
-127 +139 +149 +150 +151 +152 +153 +154 +168 +169 +118 +119 +120 +121 +122 +123 +124 +125 +126 -117 -116 +114 +115 +181 +182 -190 -112 -111 -110 -109 -108 -107 -106 -105 -104 -103 -102 -101 -100 -205 +204 -99 -250 -249 +206 +207 +208 +209 +210 +211 +212 +213 +214 +215 +216 -232 -231 -230 -229 -228 +263 +264 +265 +266 -227 -226 -225 -224 -223 -222 -221 -220 -219 -218 -217 +237 +238 +239 +240 +241 +242 +243 +244 +245 +246 +247 +248 -203 -202 -201 -200 -199 -198 -197 -196 +31 -195 -193 -192 -191 +183 +184 +185 +186 +187 +188 +189 +113 -180 -179 -178 -177 -167 -166 -165 -164 -163 +173 +174 +175 +176 +155 +156 +157 +158 +159 +160 +161 +162 -172 -171 -170 +127 +128 +129 +130 +131 +132 +133 +134 +135 +136 +142 +143 +144 +145 +146 +147 +148 +140 +141 +262 +137 +138 -129 -128 $
>BUMA.0721.00001.1
+178 +179 -180 +181 +182 +183 +184 +185 +186 +187 +188 +189 +190 +191 +192 +193 +194 +195 -31 +196 +197 +198 +199 +200 +201 +202 +203 +204 +207 +208 +209 +210 +211 +212 +213 +214 +215 +216 -236 -235 -234 -233 -232 -231 -230 -229 -228 -227 -226 -225 -224 -223 -222 -221 -220 -219 -218 -217 +237 +238 +239 +240 +241 +242 +243 +244 +245 +246 +247 +248 +249 +250 +99 +100 +101 +102 +103 +104 +105 +106 +107 +108 +109 +110 +111 -112 +113 +114 +115 +116 +117 +118 +119 +120 +121 +122 +123 +124 +125 +126 +127 +128 +129 +130 +131 +132 -136 -135 -134 -133 +137 +138 +139 +140 +141 -148 -147 -146 -145 -144 -143 -142 -205 -206 +149 +150 +151 +152 +153 +154 +155 +156 +157 +158 +159 +160 +161 +162 -172 -171 -164 -163 +173 +174 +175 +176 +168 +169 +170 +165 +166 +167 +177 $
>BUMA.0721.00030.2
+68 +69 +70 +71 +72 +73 -259 -258 -257 -256 +74 +75 +76 +77 +78 +79 +80 +81 +82 +83 +84 +85 +86 +87 +88 +95 +96 +97 +98 +84 +1 +2 +3 +4 +5 +6 +7 +8 +9 +10 +11 +12 +13 +14 +15 +16 +17 +18 +19 +20 +21 +22 +23 +24 +25 +26 +27 +28 +29 +30 +31 +32 +33 +34 +35 +36 +37 +38 +39 +42 +43 +44 +45 +46 -67 +65 +66 $
>BUMA.0721.00025.2
+19 +20 +21 +22 +23 +24 +25 +26 +27 +28 +29 -12 -11 -10 -9 -8 -7 -6 -5 -4 -3 -96 -95 -94 -93 -92 -91 -90 -89 +65 +66 -67 -80 -79 +255 -78 -77 -76 -75 -74 +256 +257 +258 +259 +68 +69 +70 +71 +72 +73 +82 +83 +84 +85 +86 -62 -61 -60 +87 +88 -59 -58 -57 -56 -55 -54 -53 -52 -51 -50 -49 -48 -47 -46 -45 -44 -43 -42 -41 -40 -39 -38 -37 -36 -35 -34 -33 -32 -31 -30 +14 +15 +16 +17 +18 $
>BUMA.0721.00009.2
+88 +79 +80 -268 +89 +90 +91 +92 +93 -254 -253 -252 +9 +10 +11 +12 +13 +14 -35 -34 -33 -32 -31 -30 +19 +20 +21 +22 +23 +24 +25 +26 +36 +37 +38 +39 +40 +41 +42 +251 -8 -7 -6 -5 -4 +43 +44 +45 +46 +48 +52 +53 +54 +55 +56 +57 +58 +59 +65 +66 -67 +255 -78 -77 -76 -75 -74 -96 -95 -73 -72 -84 -83 -82 -81 +260 +261 +68 +69 +70 +71 +85 +86 -64 -63 -62 -61 -60 +87 $
>BUMA.0721.00015.1
-163 +173 +174 +175 +176 +118 +119 +120 +121 +149 +150 +143 +144 +145 +146 +147 +148 -141 -140 -139 +133 +134 +135 +136 +262 +137 +138 +122 +123 +124 +125 +126 -169 -168 -154 -153 +172 -162 -161 -160 -159 -158 -157 -156 -155 -152 -151 -142 -132 -131 -130 -129 -128 -127 +170 +171 -117 -116 +114 +115 -113 -112 -111 -110 -109 -108 -107 -106 -105 -104 -103 -102 -101 -100 -99 -250 -249 +206 +207 +208 +209 +210 +211 +212 +213 +214 +215 +216 -232 -231 -230 -229 -228 +263 +266 -227 -226 -225 -224 -223 -222 -221 -220 -219 -218 -217 +237 +238 +239 +240 +241 +242 +243 +244 +245 +246 +247 +248 +205 -204 -203 -202 -201 -200 -199 -198 -197 -196 +31 -195 -194 -193 -192 -191 -190 -188 -187 -186 -185 -184 -183 -182 -181 -180 -179 -178 -177 -167 -166 -165 -164 $
>BUMA.0721.00013.2
-21 -20 -19 -18 -17 -16 -15 -14 +30 +31 +32 +33 +34 +35 +36 +37 +38 +39 +40 +41 +42 +43 +44 +45 +46 +47 +48 +49 +50 +51 +52 +53 +54 +55 +56 +57 +58 +59 -88 -87 +60 +61 +62 -86 -85 -84 -83 -82 -73 -72 -71 -70 -69 -68 -259 -258 -257 -256 +74 +75 +76 +77 +78 -255 +79 +80 +67 -66 -65 +89 +90 +91 +92 +93 +94 +95 +96 +3 +4 +5 +6 +7 +8 +9 +10 +11 +12 -29 -28 -27 -26 -25 -24 -23 -22 $
>BUMA.0721.00029.1
-163 +173 +174 +175 +176 +168 +169 +170 +165 +166 +167 +177 +178 +179 -180 +181 +182 +183 +184 +185 +186 +187 +188 +189 +190 +191 +192 +193 +194 +195 -31 +196 +197 +198 +199 +200 +201 +202 +203 +204 +207 +208 +209 +210 +211 +212 +213 +214 +215 +216 -236 -235 -234 -233 -232 -231 -230 -229 -228 -227 -226 -225 -224 -223 -222 -221 -220 -219 -218 -217 +237 +238 +239 +240 +241 +242 +243 +244 +245 +246 +247 +248 +249 +250 +99 +100 +101 +102 +103 +104 +105 +106 +107 +108 +109 +110 +111 -112 +113 +114 +115 +116 +117 +118 +119 +120 +121 +122 +123 +124 +125 +126 +127 +128 +129 +130 +131 +132 -136 -135 -134 -133 +137 +138 +139 +140 +141 -148 -147 -146 -145 -144 -143 -142 -205 -206 +149 +150 +151 +152 +153 +154 +155 +156 +157 +158 +159 +160 +161 +162 -172 -171 -164 $
>BUMA.0721.00026.1
+128 +129 +130 +131 +132 +133 +134 +135 +136 +142 +143 +144 +145 +146 +147 +148 +140 +141 +262 +137 +138 -129 -128 -127 +139 +149 +150 +151 +152 +153 +154 +168 +169 +118 +119 +120 +121 +122 +123 +124 +125 +126 -117 -116 +114 +115 +181 +182 -190 -112 -111 -110 -109 -108 -107 -106 -105 -104 -103 -102 -101 -100 -205 +204 -99 -250 -249 +206 +207 +208 +209 +210 +211 +212 +213 +214 +215 +216 -232 -231 -230 -229 -228 +263 +264 +265 +266 -227 -226 -225 -224 -223 -222 -221 -220 -219 -218 -217 +237 +238 +239 +240 +241 +242 +243 +244 +245 +246 +247 +248 -203 -202 -201 -200 -199 -198 -197 -196 +31 -195 -193 -192 -191 +183 +184 +185 +186 +187 +188 +189 +113 -180 -179 -178 -177 -167 -166 -165 -164 -163 +173 +174 +175 +176 +155 +156 +157 +158 +159 +160 +161 +162 -172 -171 -170 +127 $
>BUMA.0721.00031.1
-163 +180 +181 +182 -190 -189 -188 -187 -186 -185 -184 -183 +191 -101 -100 -99 -250 -249 +206 +207 +208 +209 +210 +211 +212 +213 +214 +215 +216 +225 +226 +227 -266 -263 +228 +229 +230 +231 +232 -224 -223 -222 -221 -220 -219 -218 -217 +237 +238 +239 +240 +241 +242 +243 +244 +245 +246 +247 +248 +205 -204 -203 -202 -201 -200 -199 -198 -197 -196 +31 -195 -194 -193 -192 +102 +103 +104 +105 +106 +107 +108 +109 +110 +111 +112 +113 +114 +115 +116 +117 -171 -170 +165 +165 +166 +167 +177 +178 +179 +173 +174 +175 +176 +118 +119 +120 +121 -172 -138 -137 +135 +136 +262 -134 -133 -154 -153 -152 -151 -150 -149 -148 -147 -146 -145 -144 -143 -142 -141 -140 -139 +168 +169 -126 -125 -124 -123 -122 -162 -161 -160 -159 -158 -157 -156 -155 -132 -131 -130 -129 -128 -127 -164 $
>BUMA.0721.00029.2
+22 +23 +24 +25 +26 +27 +28 +29 +30 +31 +32 +33 +34 +35 +36 +37 +38 +39 +40 +41 -2 -1 -84 -98 -97 -96 -95 +251 +252 +253 +254 -93 -92 -91 -90 -89 -88 -87 +60 +61 +65 +66 -67 -85 -84 -83 -82 -81 +260 +261 +68 +69 +70 +71 +72 +73 -63 -62 -259 -258 -257 -256 +74 +75 +76 +77 +78 +79 +80 +86 -59 -58 -57 -56 -55 -54 -53 -52 -51 -50 -49 -48 -47 -46 -45 -44 -43 -42 +3 +4 +5 +6 +7 +8 +9 +10 +11 +12 +13 +14 +15 +16 +17 +18 +19 +20 +21 $
>BUMA.0721.00031.2
+22 +23 +24 +25 +26 +27 +28 +29 +30 +31 +32 +33 +34 +35 +36 +37 +38 +39 +40 +41 +42 +43 +44 +45 +46 +47 +48 +49 +50 +51 +52 +53 +54 +55 +56 +57 +58 +59 +65 +66 +67 -80 -79 +255 -78 -77 -76 -75 -74 +256 +257 +258 +259 +68 +69 +70 +71 +72 +73 -261 -260 +81 +82 +83 +84 +85 +86 -62 -61 -60 +87 +88 +89 +90 +91 +92 +93 -254 -253 -252 -251 +94 +95 +96 +97 +98 +84 +1 +2 +3 +4 +5 +6 +7 +8 +9 +10 +11 +12 +13 +14 +15 +16 +17 +18 +19 +20 +21 $
>BUMA.0721.00004.1
-217 +237 -227 -226 +238 +239 +240 +241 +242 +243 +244 +113 -115 -164 -163 +173 +174 +175 +176 +155 +156 +157 +158 +159 +160 +161 +162 -172 -171 -170 +121 +122 +123 +124 +125 +126 -169 -168 -154 -153 -152 -151 +139 +140 +141 -148 -147 -146 -145 -144 -143 -150 -149 -142 -138 -137 -262 -136 -135 -134 -133 -132 -131 -130 -129 -128 +127 -120 -119 -118 -117 -116 +114 +165 +166 +167 +177 +178 +179 +180 +181 +182 -190 -189 -188 -187 -186 -185 -184 -183 +191 +192 +193 +195 -31 +196 +197 +198 +199 +200 +201 +211 +212 +213 +214 +215 +216 +202 +203 +204 -248 -247 -246 -245 -112 -111 -110 -109 -108 -107 -106 -105 -104 -103 -102 -101 -100 -99 -250 -249 +206 +207 +208 +209 +210 -236 -235 -234 -233 +225 -266 -263 +228 +229 +230 +231 +232 -224 -223 -222 -221 -220 -219 -218 $
>BUMA.0721.00025.1
+124 +125 +126 -169 -168 -154 -153 +172 -162 -161 -160 -159 -158 -157 -156 -155 -152 -151 -142 -132 -131 -130 -129 -128 -127 +170 +171 -117 -116 +114 +115 -113 -112 -111 -110 -109 -108 -107 -106 -105 -104 -103 -102 -101 -100 -99 -250 -249 +206 +207 +208 +209 +210 +211 +212 +213 +214 +215 +216 -232 -231 -230 -229 -228 +263 +266 -227 -226 -225 -224 -223 -222 -221 -220 -219 -218 -217 +237 +238 +239 +240 +241 +242 +243 +244 +245 +246 +247 +248 +205 -204 -203 -202 -201 -200 -199 -198 -197 -196 +31 -195 -194 -193 -192 -191 -190 -188 -187 -186 -185 -184 -183 -182 -181 -180 -179 -178 -177 -167 -166 -165 -164 -163 +173 +174 +175 +176 +118 +119 +120 +121 +149 +150 +143 +144 +145 +146 +147 +148 -141 -140 -139 +133 +134 +135 +136 +262 +137 +138 +122 +123 +124 +125 +137 $
>BUMA.0721.00017.1
-163 +173 +174 +175 +176 +118 +119 +120 +121 +149 +150 +143 +144 +145 +146 +147 +148 -141 -140 -139 +133 +134 +135 +136 +262 +137 +138 +122 +123 +124 +122 +123 +124 +125 +126 -169 -168 -154 -153 +172 -162 -161 -160 -159 -158 -157 -156 -155 -152 -151 -142 -132 -131 -130 -129 -128 -127 +170 +171 -117 -116 +114 +115 -113 -112 -111 -110 -109 -108 -107 -106 -105 -104 -103 -102 -100 -100 -100 -100 -99 -250 -249 +206 +207 +208 +209 +210 +211 +212 +213 +214 +215 +216 -232 -231 -230 -229 -228 +263 +266 -227 -226 -225 -224 -223 -222 -221 -220 -219 -218 -217 +237 +238 +239 +240 +241 +242 +243 +244 +245 +246 +247 +248 +205 -204 -203 -202 -201 -200 -199 -198 -197 -196 +31 -195 -194 -193 -192 -191 -190 -189 -188 -187 -186 -185 -184 -183 -182 -181 -180 -179 -178 -177 -167 -166 -165 -164 $
>BUMA.0721.00027.2
-12 -11 -10 -9 -8 -7 -6 -5 -4 -3 +42 +43 +44 +45 +46 +47 +48 +49 +50 +51 +52 +53 +54 +55 +56 +57 +58 +59 -86 -80 -79 -78 -77 -76 -75 -74 +256 +257 +258 +259 +62 +63 -73 -72 -71 -70 -69 -68 -261 -260 +81 +82 +83 +84 +85 +67 -66 -65 -61 -60 +87 +88 +89 +90 +91 +92 +93 -254 -253 -252 -251 +95 +96 +97 +98 +84 +1 +2 -41 -40 -39 -38 -37 -36 -35 -34 -33 -32 -31 -30 -29 -28 -27 -26 -25 -24 -23 -22 -21 -20 -19 -18 -17 -16 -15 -14 -13 $
>BUMA.0721.00002.2
+23 +24 +25 +26 +27 +28 +29 -18 -17 -16 -15 -14 -13 -12 -11 -10 -9 -8 -7 -6 -5 -4 -3 +42 +43 +44 +45 +46 +47 +48 +49 +50 +51 +52 +53 +55 +56 +57 +58 +59 -85 -84 -83 -82 -81 +260 +261 +60 +61 +62 +63 +64 +65 +66 -67 -86 -80 -79 -78 -77 -76 -75 -74 +256 +257 +258 +259 -73 -72 -71 -70 -69 -68 +87 +88 +89 +90 +91 +92 +93 -254 -253 -252 -251 +95 +96 +97 +98 +84 +1 +2 -41 -40 -39 -38 -37 -36 -35 -34 -33 -32 -31 -30 +19 +20 +21 +22 $
>BUMA.0721.00023.1
-163 +173 +174 +175 +176 +168 +169 +170 +165 +166 +167 +177 +178 +179 -180 +181 +182 +183 +184 +185 +186 +187 +188 +189 +190 +191 +192 +193 +194 +195 -31 +196 +197 +198 +199 +200 +201 +202 +203 +204 +207 +208 +209 +210 +211 +212 +213 +214 +215 +216 -236 -235 -234 -233 -232 -231 -230 -229 -228 -227 -226 -225 -224 -223 -222 -221 -220 -219 -218 -217 +237 +238 +239 +240 +241 +242 +243 +244 +245 +246 +247 +248 +249 +250 +99 +100 +101 +102 +103 +104 +105 +106 +107 +108 +109 +110 +111 -112 +113 +114 +115 +116 +117 +118 +119 +120 +121 +122 +123 +124 +125 +126 +127 +128 +129 +130 +131 +132 -136 -135 -134 -133 +137 +138 +139 +140 +141 -148 -147 -146 -145 -144 -143 -142 -205 -206 +149 +150 +151 +152 +153 +154 +155 +156 +157 +158 +159 +160 +161 +162 -172 -171 -164 $
>BUMA.0721.00028.1
+265 +266 -227 -226 -225 -224 -223 -222 -232 -231 -230 -229 -216 -215 -214 -213 -212 -211 -210 -209 -208 -207 -206 +249 +250 +99 +112 +205 -204 -203 -202 -201 -200 -199 +100 +101 +113 -190 +114 +115 -182 -181 +180 -179 -178 -177 -176 -175 -174 -173 +149 -150 +151 +152 +153 +154 +168 +169 +170 +171 +172 -162 -161 -160 -159 -158 -157 -156 -155 -167 -166 -165 -164 -163 -262 -136 -135 +137 +138 -147 -146 -145 -144 -143 -142 -141 -140 -148 -129 -128 -127 -132 -131 -130 +133 +134 -139 -96 -95 -126 -125 -124 -123 -122 -121 +118 +119 +120 -117 -116 -107 -106 -105 -104 -103 -102 -111 -110 -109 -108 -189 -188 -187 -186 -185 -184 -183 +191 +192 +193 -194 +195 -31 +196 +197 +198 -248 -247 -246 -245 -244 -243 -242 -241 -240 -239 -238 -237 +217 +218 +219 +220 +221 -236 -235 -234 -233 +267 -228 +263 +264 $
>BUMA.0721.00026.2
+17 +18 +19 +20 +21 +22 +23 +24 +25 +26 +27 +28 +29 +30 +31 +32 +33 +34 +35 +36 +37 +38 +39 +42 +43 +44 +45 +46 -67 +65 +66 +68 +69 +70 +71 +72 +73 -259 -258 -257 -256 +74 +75 +76 +77 +78 +79 +80 +81 +82 +83 +84 +85 +86 +87 +88 +95 +96 +97 +98 +84 +1 +2 +3 +4 +5 +6 +7 +8 +9 +10 +11 +12 +13 +14 +15 +16 $
