>STPN.0321.00034
+1 +2 +3 +4 +5 +6 +7 +8 +9 +10 +11 +12 +13 +14 +15 +16 +17 +18 +19 +20 +21 +22 +23 +24 +25 +26 +27 +28 +29 +30 +31 +32 +33 +34 +35 +36 +37 +38 +39 +40 +41 +42 +43 +44 +45 +46 +47 +48 +49 +50 +51 +52 +53 +54 +55 +56 +57 +58 +59 +60 +61 +62 +63 +64 +65 +66 +67 +68 +69 +70 +71 +72 +73 +74 +75 +76 +77 +78 +79 +80 +81 +82 +83 +84 +85 +86 +87 +88 +89 +90 +91 +92 +93 +94 +95 +96 +97 +98 +99 +100 +101 +102 +103 +104 +105 +106 $
>STPN.0321.00033
+86 +87 +107 +108 +88 +89 +90 +91 +92 +93 +94 +95 +96 +97 +98 +99 +100 +101 +102 +109 +104 +105 +106 +1 +3 +4 +5 +6 +7 +8 +9 +10 +12 +13 +14 +15 +16 +17 +18 +19 +110 +111 +20 +21 +22 +23 +24 +25 +26 +27 +28 +29 +30 +31 +32 -65 -64 +63 -62 -61 -60 -59 -58 -57 -56 -55 -54 -53 -52 -51 -50 -49 -48 -47 -45 -44 -43 -42 -41 -40 -39 -38 -37 -36 -35 -34 -33 +66 +67 +68 +69 +70 +71 +72 +73 +74 +75 +76 +77 +78 +79 +80 +81 +82 +83 +84 +85 $
>STPN.0321.00027
+1 +112 +3 +4 +5 +6 +7 +8 +10 +12 +13 +14 +15 +16 +17 +18 +19 +20 +21 +22 +23 +24 +25 +26 +27 +28 +29 +30 +113 +31 +32 +33 +34 +35 +36 +37 +38 +39 +40 +41 +42 +43 +44 +45 +47 +48 +49 +50 +51 +52 +53 +54 +55 +56 +114 +115 +57 +58 +59 +60 +61 +62 +64 +65 +66 +67 +68 +69 +70 +71 +72 +73 +74 +75 +76 +77 +78 +79 +80 +81 +82 +83 +84 +85 +86 +87 +88 +89 +90 +91 +92 +93 +94 +95 +96 +97 +98 +99 +100 +101 +102 +103 +104 +105 +106 $
>STPN.0321.00028
+1 +2 +3 +4 +5 +6 +7 +8 +9 +10 +116 +12 +13 +14 +15 +16 +17 +18 +19 +111 +20 +21 +22 +23 +24 +25 +26 +27 +28 +29 +30 +31 +32 +33 +34 +35 +36 +37 +38 +39 +40 +41 +42 +43 +44 +45 +117 +47 -50 +108 +118 -49 -48 +51 +52 +53 +54 +55 +56 +57 +58 +59 +60 +61 +62 +63 +64 +65 +66 +67 +68 +69 +70 +71 +72 +73 +74 +75 +76 +77 +78 +79 +80 +81 +119 +120 +82 +83 +84 +85 +86 +87 +88 +89 +90 +91 +92 +93 +94 +95 +96 +97 +98 +99 +100 +101 +102 +103 +104 +105 +106 $
>STPN.0321.00045
+1 +3 +4 +5 +121 +6 +7 +8 +10 +12 +13 +14 +15 +16 +17 +18 +19 +20 +21 +22 +23 +24 +25 +26 +27 +28 +29 +30 +31 +32 +33 +34 +35 +36 +37 +38 +39 +40 +41 +42 +43 +44 +45 -55 -54 -53 -52 -51 -50 -49 -48 -47 +56 +57 +58 +59 +60 +61 +62 +63 +64 +65 +66 +67 +68 +69 +70 +71 +72 +73 +122 +74 +75 +76 +77 +78 +79 +80 +81 +119 +82 +83 +84 +85 +86 +87 +88 +89 +90 +91 +92 +93 +94 +95 +96 +97 +98 +99 +100 +101 +102 +103 +104 +105 +106 $
>STPN.0321.00048
+106 +1 +3 +4 +5 +6 +7 +8 +9 +10 +12 +13 +14 +15 +16 +17 +18 +19 +111 +20 +21 +22 +23 +24 +25 +26 +27 +28 +29 +30 +31 +32 +33 +34 +35 +36 +37 +38 +39 +40 +41 -108 +42 +43 +44 +45 +123 +47 +48 +49 +50 +51 +52 +53 +54 +55 +56 +57 +58 +59 +60 +61 +62 +63 +64 +65 +66 +67 +68 +69 +70 +71 +72 +73 +74 +75 +76 +77 +78 +79 +80 +81 +82 +83 +84 +85 +86 +87 +107 +88 +89 +90 +91 +92 +93 +94 +95 +96 +97 +98 +99 +100 +101 +102 +109 +104 +105 $
>STPN.0321.00046
+101 +102 +109 +104 +105 +106 +1 +3 +4 +5 +6 +7 +8 +124 +9 +10 +125 +12 +13 +14 +15 +16 +17 +18 +19 +111 +20 +21 +22 +23 +24 +25 +26 +27 +28 +29 +30 +31 +32 +33 +34 +35 +36 +37 +38 +39 +40 +41 +42 +43 -49 +44 +45 +126 +47 +48 +50 +51 +52 +53 +54 +55 +56 +57 +58 +59 +60 +61 +62 +64 +65 +66 +67 +68 +69 +70 +127 +71 +72 +73 +74 +75 +76 +77 +78 +79 +80 +81 +82 +83 +84 +85 +86 +87 +88 +89 +90 +91 +92 +93 +94 +95 +96 +97 +98 +99 +100 $
>STPN.0321.00047
+1 +3 +4 +5 +6 +7 +8 +10 +12 +13 +14 +15 +16 +17 +18 +19 +20 +21 +22 +23 +24 +25 +26 +27 +28 +29 +30 +31 +32 +33 +34 +35 +36 +37 +38 +39 +40 +41 +42 +43 +44 +45 +47 +48 +49 +50 +51 +52 +53 +54 +55 +56 -113 +57 +58 +59 +60 +61 +62 +63 +64 +65 +66 +67 +68 +69 +70 +71 +72 +73 +74 +75 +76 +77 +78 +79 +80 +81 +119 +82 +83 +84 +85 +86 +87 +88 +89 +90 +91 +92 +93 +94 +95 +96 +97 +98 +99 +100 +101 +102 +109 +104 +105 +106 $
>STPN.0321.00087
+1 +3 +4 +5 +128 +6 +7 +8 +9 +10 +129 +116 +12 +13 +14 +15 +16 +17 +18 +19 +111 +20 +21 +22 +23 +24 +25 +26 +27 +28 +29 +30 +31 +32 +33 +34 +35 +36 +37 +38 -115 -114 +39 +40 +41 +42 +43 +44 +45 +47 +48 +49 +50 +51 +52 +53 +54 +55 +56 -113 +57 +58 +59 +60 +61 +62 +63 +64 +65 +66 +67 +68 +69 +70 +71 +72 +73 +74 +75 +76 +77 +78 +79 +80 +81 +119 +82 +83 +84 +85 +86 +87 +88 +89 +90 +91 +92 +93 +94 +95 +96 +97 +98 +99 +100 +101 +102 +109 +104 +105 +106 $
>STPN.0321.00085
+1 +2 +3 +4 +5 +6 +7 +8 +9 +10 +11 +12 +13 +14 +15 +16 +17 +18 +19 +20 +21 +22 +23 +24 +25 +26 +27 +28 +29 +30 +31 +32 +33 +34 +35 +36 +37 +38 +39 +40 +41 +42 +43 +44 +45 +46 +47 +48 +49 +50 +51 +52 +53 +54 +55 +56 +57 +58 +59 +60 +61 +62 +63 +64 +65 +66 +67 +68 +69 +70 +71 +72 +73 +74 +75 +76 +77 +78 +79 +80 +81 +82 +83 +84 +85 +86 +87 +88 +89 +90 +91 +92 +93 +94 +95 +96 +97 +98 +99 +100 +101 +102 +103 +104 +105 +106 $
>STPN.0321.00086
+1 +3 +4 +5 +121 +6 +7 +8 +10 +12 +13 +14 +15 +16 +17 +18 +19 +20 +21 +22 +23 +24 +25 +26 +27 +28 +29 +30 +31 +32 +33 +34 +35 +36 +37 +38 -115 -114 +39 +40 +41 +42 +43 +44 +45 -55 -54 -53 -52 -51 -50 -49 -48 -47 +56 +57 +58 +59 +60 +61 +62 +63 +64 +65 +66 +67 +68 +69 +70 +71 +72 +73 +122 +74 +75 +76 +77 +78 +79 +80 +81 +130 +82 +83 +84 +85 +86 +87 +88 +89 +90 +91 +92 +93 +94 +95 +96 +97 +98 +99 +100 +101 +102 +109 +104 +105 +106 $
>STPN.0321.00013
+1 +3 +4 +5 +6 +7 +8 +9 +10 +131 +12 +13 +14 +15 +16 +17 +18 +19 +111 +20 +21 +22 +23 +24 +25 +26 +27 +28 +29 +30 +31 +32 +33 +34 +35 +36 +37 +38 +39 +40 +41 +42 +43 -49 -48 -47 +132 -45 -44 +50 +51 +52 +53 +54 +55 +56 +57 +58 +59 +60 +61 +62 +63 +64 +65 +66 +67 +68 +69 +70 +71 +72 +73 +74 +75 +76 +77 +78 +79 +80 +81 +82 +83 +84 +85 +86 +87 +133 +88 +89 +90 +91 +92 +93 +94 +95 +96 +97 +98 +99 +100 +101 +102 +109 +104 +105 +106 $
>STPN.0321.00043
-71 -70 -69 -68 -67 -66 -65 -64 -62 -61 -60 -59 -58 -57 -56 -55 -54 -53 -52 -51 -50 +134 -108 +118 -49 -48 -47 -45 -44 -43 -42 -41 -40 -39 -38 -37 -36 -35 -34 -33 -32 -31 -30 -29 -28 -27 -26 -25 -24 -23 -22 -21 -20 -111 -110 -19 -18 -17 -16 -15 -14 -13 -12 -125 -10 -9 -8 -7 -6 -5 -4 -3 -1 -106 -105 -104 -109 -102 -101 -100 -99 -98 -97 -96 -95 -94 -93 -92 -91 -90 -89 -88 -107 -87 -86 -85 -84 -83 -82 -81 -80 -79 -78 -77 -76 -75 -74 -73 -72 $
>STPN.0321.00089
+1 +2 +3 +4 +5 +6 +7 +8 +9 +10 +11 +12 +13 +14 +15 +16 +17 +18 +19 +20 +21 +22 +23 +24 +25 +26 +27 +28 +29 +30 +31 +32 +33 +34 +35 +36 +37 +38 +39 +40 +41 +42 +43 +44 +45 +46 +47 +48 +49 +50 +51 +52 +53 +54 +55 +56 +57 +58 +59 +60 +61 +62 +63 +64 +65 +66 +67 +68 +69 +70 +71 +72 +73 +74 +75 +76 +77 +78 +79 +80 +81 +82 +83 +84 +85 +86 +87 +88 +89 +90 +91 +92 +93 +94 +95 +96 +97 +98 +99 +100 +101 +102 +103 +104 +105 +106 $
>STPN.0321.00019
+1 +2 +3 +4 +5 +6 +7 +8 +10 +135 +12 +13 +14 +15 +16 +17 +18 +19 +110 +111 +20 +21 +22 +23 +24 +25 +26 +27 +28 +29 +30 +31 +32 +33 +34 +35 +36 +37 +38 +39 +40 +41 +42 +43 +44 +45 +47 +48 +49 +50 +51 +52 +53 +54 +55 +56 +57 +58 +59 +60 +61 +62 +63 +64 +65 +66 +67 +68 +69 +70 +127 +71 +72 +73 +74 +75 +76 +77 +78 +79 +80 +81 +119 +82 +83 +84 +85 +86 +87 +107 +88 +89 +90 +91 +92 +93 +94 +95 +96 +97 +98 +99 +100 +101 +102 +103 +104 +105 +106 $
>STPN.0321.00038
+1 +3 +4 +5 +6 +7 +8 +9 +10 +11 +12 +13 +14 +15 +16 +17 +18 +19 +110 +111 +20 +21 +22 +23 +24 +25 +26 +27 +28 +29 +30 +31 +32 +33 +34 +35 +36 +37 +38 +39 +40 +41 +42 +43 +44 +45 +47 +48 +49 -118 -108 +50 +51 +52 +53 +54 +55 +56 +57 +58 +59 +60 +61 +62 -63 +64 +65 +66 +67 +68 +69 +70 +71 +72 +73 +74 +75 +76 +77 +78 +79 +80 +81 +119 +82 +83 +84 +85 +86 +87 +107 +88 +89 +90 +91 +92 +93 +94 +95 +96 +97 +98 +99 +100 +101 +102 +109 +104 +105 +106 $
>STPN.0321.00088
+44 +45 +46 +47 +48 +49 +50 +51 +52 +53 +54 +55 +56 +57 +58 +59 +60 +61 +62 +63 +64 +65 +66 +67 +68 +69 +70 +71 +72 +73 +74 +75 +76 +77 +78 +79 +80 +81 +82 +83 +84 +85 +86 +87 +107 +88 +89 +90 +91 +92 +93 +94 +95 +96 +97 +98 +99 +100 +101 +102 +109 +104 +105 +106 +1 +2 +3 +4 +5 +6 +7 +8 +9 +10 +11 +12 +13 +14 +15 +16 +17 +18 +19 +111 +20 +21 +22 +23 +24 +25 +26 +27 +28 +29 +30 +31 +32 +33 +34 +35 +36 +37 +38 +39 +40 +41 +42 +43 $
>STPN.0321.00059
+105 +106 +1 +3 +4 +5 +6 +7 +8 +9 +10 +12 +13 +14 +15 +16 +17 +18 +19 +20 +21 +22 +23 +24 +25 +26 +27 +28 +29 +30 +31 +32 +33 +34 +35 +36 +37 +38 +39 +40 +41 +42 +43 +44 +45 +47 +48 +49 +50 +51 +52 +53 +54 +55 +56 +114 +115 +57 +58 +59 +60 +61 +62 +64 +65 +66 +67 +68 +69 +70 +71 +72 +73 +74 +75 +76 +77 +78 +79 +80 +81 +82 +83 +84 +85 +86 +87 +88 +89 +90 +91 +92 +93 +94 +95 +96 +97 +98 +99 +100 +101 +102 +103 +104 -107 $
>STPN.0321.00037
+21 +22 +23 +24 +25 +26 +27 +28 +29 +30 +113 +31 +32 +33 +34 +35 +36 +37 +38 +39 +40 +41 +42 +43 +44 +45 +47 +48 +49 +50 +51 +52 +53 +54 +55 +56 +114 +115 +57 +58 +59 +60 +61 +62 +64 +65 +66 +67 +68 +69 +70 +71 +72 +73 +74 +75 +76 +77 +78 +79 +80 +81 +82 +83 +84 +85 +86 +87 +88 +89 +90 +91 +92 +93 +94 +95 +96 +97 +98 +99 +100 +101 +102 +103 +104 +105 +106 +1 +112 +3 +4 +5 +6 +7 +8 +10 +12 +13 +14 +15 +16 +17 +18 +19 +20 $
>STPN.0321.00049
+1 +3 +4 +5 +6 +7 +8 +9 +10 +131 +12 +13 +14 +15 +16 +17 +18 +19 +111 +20 +21 +22 +23 +24 +25 +26 +27 +28 +29 +30 +31 +32 +33 +34 +35 +36 +37 +38 +39 +40 +41 +42 +43 +44 +45 -132 +47 +48 +49 +50 +51 +52 +53 +54 +55 +56 +57 +58 +59 +60 +61 +62 +63 +64 +65 +66 +67 +68 +69 +70 +71 +72 +73 +74 +75 +76 +77 +78 +79 +80 +81 +82 +83 +84 +85 +86 +87 +133 +88 +89 +90 +91 +92 +93 +94 +95 +96 +97 +98 +99 +100 +101 +102 +109 +104 +105 +106 $
>STPN.0321.00084
+1 +2 +3 +4 +5 +6 +7 +8 +9 +10 +116 +12 +13 +14 +15 +16 +17 +18 +19 +111 +20 +21 +22 +23 +24 +25 +26 +27 +28 +29 +30 +31 +32 +33 +34 +35 +36 +37 +38 +39 +40 +41 +42 +43 -49 -48 -47 -117 -45 -44 +50 +51 +52 +53 +54 +55 +56 +57 +58 +59 +60 +61 +62 +63 +64 +65 +66 +67 +68 +69 +70 +71 +72 +73 +74 +75 +76 +77 +78 +79 +80 +81 +82 +83 +84 +85 +86 +87 +88 +89 +90 +91 +92 +93 +94 +95 +96 +97 +98 +99 +100 +101 +102 +109 +104 +105 +106 $
>STPN.0321.00030
+1 +3 +4 +5 +121 +6 +7 +8 +10 +12 +13 +14 +15 +16 +17 +18 +19 +20 +21 +22 +23 +24 +25 +26 +27 +28 +29 +30 +31 +32 +33 +34 +35 +36 +37 +38 -115 -114 +39 +40 +41 +42 +43 +44 +45 -55 -54 -53 -52 -51 -50 -49 -48 -47 +56 +57 +58 +59 +60 +61 +62 +63 +64 +65 +66 +67 +68 +69 +70 +71 +72 +73 +122 +74 +75 +76 +77 +78 +79 +80 +81 +130 +82 +83 +84 +85 +86 +87 +88 +89 +90 +91 +92 +93 +94 +95 +96 +97 +98 +99 +100 +101 +102 +103 +104 +105 +106 $
>STPN.0321.00055
+106 +1 +3 +4 +5 +6 +7 +8 +9 +10 +136 +12 +13 +14 +15 +16 +17 +18 +19 +20 +21 +22 +23 +24 +25 +26 +27 +28 +29 +30 +31 +32 +33 +34 +35 +36 +37 +38 +39 +40 +41 +42 +43 +44 +45 +47 +48 +49 +50 +51 +52 +53 +54 +55 +56 +114 +115 +57 +58 +59 +60 +61 +62 +64 +65 +66 +67 +68 +69 +70 +127 +71 +72 +73 +74 +75 +76 +77 +78 +79 +80 +81 +119 +82 +83 +84 +85 +86 +87 +107 +88 +89 +90 +91 +92 +93 +94 +95 +96 +97 +98 +99 +100 +101 +102 +109 +104 +105 $
>STPN.0321.00067
+1 +2 +3 +4 +5 +121 +6 +7 +8 +124 +9 +10 +12 +13 +14 +15 +16 +17 +18 +19 +20 +21 +22 +23 +24 +25 +26 -63 +27 +28 +29 +30 +31 +32 +33 -65 -64 -62 -61 -60 -59 -58 -57 +34 +35 +36 +37 +38 +39 +40 +41 +42 +43 +44 +45 +47 +48 +49 +50 +51 +52 +53 +54 +55 +56 +114 +115 +66 +67 +68 +69 +70 +71 +72 +73 +74 +75 +76 +77 +78 +79 +80 +81 +119 +82 +83 +84 +85 +86 +87 +107 +88 +89 +90 +91 +92 +93 +94 +95 +96 +97 +98 +99 +100 +101 +102 +103 +104 +105 +106 $
>STPN.0321.00044
+1 +3 +4 +5 +6 +7 +8 +10 +11 +12 +13 +14 +15 +16 +17 +18 +19 +20 +21 +22 +23 +24 +25 +26 +27 +28 +29 +30 +31 +32 +33 +34 +35 +36 +37 +38 +137 +138 +139 +108 +140 +141 +39 +40 +41 +42 +43 +44 +45 +142 +47 +48 +49 +50 +51 +52 +53 +54 +55 +56 +57 +58 +59 +60 +61 +62 +64 +65 +66 +67 +68 +69 +70 +71 +72 +73 +74 +75 +76 +77 +78 +79 +80 +81 +82 +83 +84 +85 +86 +87 +88 +89 +90 +91 +92 +93 +94 +95 +96 +97 +98 +99 +100 +101 +102 +103 +104 +105 +106 $
>STPN.0321.00054
+3 +4 +5 +121 +128 +6 +7 +8 +9 +10 +12 +13 +14 +15 +16 +17 +18 +19 +111 +20 +21 +22 +23 +24 +25 +26 +27 +28 +29 +30 +31 +32 +33 +34 +35 +36 +37 +38 +39 +40 +41 +42 +43 +44 +45 +47 +48 +49 +50 +51 +52 +53 +54 +55 +56 +57 +58 +59 +60 +61 +62 +63 +64 +65 +66 +67 +68 +69 +70 +71 +72 +73 +122 +74 +75 +76 +77 +78 +79 +80 +81 +82 +83 +84 +85 +86 +87 +88 +89 +90 +91 +92 +93 +94 +95 +96 +97 +98 +99 +100 +101 +102 +103 +104 +105 +106 +1 $
>STPN.0321.00056
+106 +1 +3 +4 +5 +6 +7 +8 +9 +10 +125 +12 +13 +14 +15 +16 +17 +18 +19 +110 +111 +20 +21 +22 +23 +24 +25 +26 +27 +28 +29 +30 +31 +32 +33 +34 +35 +36 +37 +38 +39 +40 +41 +42 +43 +44 +45 +47 +48 +50 +51 +52 +53 +54 +55 +56 +134 -108 +118 -49 +57 +58 +59 +60 +61 +62 +64 +65 +66 +67 +68 +69 +70 +71 +72 +73 +74 +75 +76 +77 +78 +79 +80 +81 +82 +83 +84 +85 +86 +87 +107 +88 +89 +90 +91 +92 +93 +94 +95 +96 +97 +98 +99 +100 +101 +102 +109 +104 +105 $
>STPN.0321.00060
+3 +4 +5 +128 +6 +7 +8 +9 +10 +12 +13 +14 +15 +16 +17 +18 +19 +20 +21 +22 +23 +24 +25 +26 +27 +28 +29 +30 +31 +32 +33 +34 +35 +36 +37 +38 +39 +40 +41 +42 +43 +44 +45 +47 +48 +49 +50 +51 +52 +53 +54 +55 +56 +57 +58 +59 +60 +61 +62 +63 +64 +65 +66 +67 +68 +69 +70 +71 +72 +73 +74 +75 +76 +77 +78 +79 +80 +81 +119 +82 +83 +84 +85 +86 +87 +88 +89 +90 +91 +92 +93 +94 +95 +96 +97 +98 +99 +100 +101 +102 +109 +104 +105 +106 +1 $
>STPN.0321.00051
-106 -105 -104 -109 -102 -101 -100 -99 -98 -97 -96 -95 -94 -93 -92 -91 -90 -89 -88 -87 -86 -85 -84 -83 -82 -81 -80 -79 -78 -77 -76 -75 -74 -73 -72 -71 +143 -70 -69 -68 -67 -66 -65 -64 -63 -62 -61 -60 -59 -58 -57 -115 -114 -56 -55 -54 -53 -52 -51 -50 -49 -48 -47 -45 +144 +145 +118 +108 -44 -43 -42 -41 -40 -39 -38 -37 -36 -35 -34 -33 -32 -31 -30 -29 -28 -27 -26 -25 -24 -23 -22 -21 -20 -19 -18 -17 -16 -15 -14 -13 -12 +146 -10 -8 -7 -6 -5 -4 -3 -1 $
>STPN.0321.00065
+3 +4 +5 +121 +6 +7 +8 +10 +12 +13 +14 +15 +16 +17 +18 +19 +20 +21 +22 +23 +24 +25 +26 +27 +28 +29 +30 +31 +32 +33 +34 +35 +36 +37 +38 -115 -114 +39 +40 +41 +42 +43 +44 +45 +47 +48 +49 +50 +51 +52 +53 +54 +55 +56 +57 +58 +59 +60 +61 +62 +63 +64 +65 +66 +67 +68 +69 +70 +71 +72 +73 +122 +74 +75 +76 +77 +78 +79 +80 +81 +130 +82 +83 +84 +85 +86 +87 +88 +89 +90 +91 +92 +93 +94 +95 +96 +97 +98 +99 +100 +101 +102 +103 +104 +105 +106 +1 $
>STPN.0321.00031
+79 +80 +81 +82 +83 +84 +85 +86 +87 +88 +89 +90 +91 +92 +93 +94 +95 +96 +97 +98 +99 +100 +101 +102 +103 +104 +105 +106 +1 +112 +3 +4 +5 +6 +7 +8 +10 +12 +13 +14 +15 +16 +17 +18 +19 +20 +21 +22 +23 +24 +25 +26 +27 +28 +29 +30 +113 +31 +32 +33 +34 +35 +36 +37 +38 +39 +40 +41 +42 +43 +44 +45 +47 +48 +49 +50 +51 +52 +53 +54 +55 +56 +114 +115 +57 +58 +59 +60 +61 +62 +64 +65 +66 +67 +68 +69 +70 +71 +72 +73 +74 +75 +76 +77 +78 $
>STPN.0321.00061
+3 +4 +5 +6 +7 +8 +10 +12 +13 +14 +15 +16 +17 +18 +19 +20 -22 -21 +23 +24 +25 +26 +27 +28 +29 +30 +31 +32 +33 +34 +35 +36 +37 +38 +39 +40 +41 +42 +43 +44 -108 -118 -144 +45 +47 +48 +49 +50 +51 +52 +53 +54 +55 +56 +114 +115 +57 +58 +59 +60 +61 +62 +63 +64 +65 +66 +67 +68 +69 +70 +71 +72 +73 +74 +75 +76 +77 +78 +79 +80 +81 +82 +83 +84 +85 +86 +87 +88 +89 +90 +91 +92 +93 +94 +95 +96 +97 +98 +99 +100 +101 +102 +109 +104 +105 +106 +1 $
>STPN.0321.00064
+3 +4 +5 +6 +7 +8 +10 +135 +12 +13 +14 +15 +16 +17 +18 +19 +20 +21 +22 +23 +24 +25 +26 +27 +28 +29 +30 +31 +32 +33 +34 +35 +36 +37 +38 +137 +138 +139 +108 +140 +141 +39 +40 +41 +42 +43 +44 +45 +142 +47 +48 +49 +50 +51 +52 +53 +54 +55 +56 +57 +58 +59 +60 +61 +62 +64 +65 +66 +67 +68 +69 +70 +71 +72 +73 +74 +75 +76 +77 +78 +79 +80 +81 +82 +83 +84 +85 +86 +87 +91 +92 +93 +94 +88 +89 +90 +95 +96 +97 +98 +99 +100 +101 +102 +103 +104 +105 +106 +1 $
>STPN.0321.00042
+21 +22 +23 +24 +25 +26 +27 +28 +29 +30 +31 +32 +33 +34 +35 +36 +37 +38 +39 +40 +41 +42 +43 +44 +47 +48 +49 +50 +51 +52 +53 +54 +55 +56 +108 +57 +58 +59 +60 +61 +62 +63 +64 +65 +66 +67 +68 +69 +70 +127 +71 +72 +73 +74 +75 +76 +77 +78 +79 +80 +81 +82 +83 +84 +85 +86 +87 +107 +88 +89 +90 +91 +92 +93 +94 +95 +96 +97 +98 +99 +100 +101 +102 +109 +104 +105 +106 +1 +3 +4 +5 +6 +7 +8 +10 +147 +12 +13 +14 +15 +16 +17 +18 +19 +110 +111 +20 $
>STPN.0321.00032
+1 +2 +3 +4 +5 +6 +7 +8 +9 +10 +11 +12 +13 +14 +15 +16 +17 +18 +19 +20 +21 +22 +23 +24 +25 +26 +27 +28 +29 +30 +31 +32 +33 +34 +35 +36 +37 +38 +39 +40 +41 +42 +43 +44 +45 +46 +47 +48 +49 +50 +51 +52 +53 +54 +55 +56 +57 +58 +59 +60 +61 +62 +63 +64 +65 +66 +67 +68 +69 +70 +71 +72 +73 +74 +75 +76 +77 +78 +79 +80 +81 +82 +83 +84 +85 +86 +87 +88 +89 +90 +91 +92 +93 +94 +95 +96 +97 +98 +99 +100 +101 +102 +103 +104 +105 +106 $
>STPN.0321.00095
+1 +3 +4 +5 +128 +6 +7 +8 +9 +10 +148 +12 +13 +14 +15 +16 +17 +18 +19 +111 +20 +21 +22 +23 +24 +25 +26 +27 +28 +29 +30 +31 +32 +33 +34 +35 +36 +37 +38 +39 +40 +41 +42 +43 +44 +45 +47 +48 +49 -118 +108 +50 +51 +52 +53 +54 +55 +56 +114 +115 +57 +58 +59 +60 +61 +62 +63 +64 +65 +66 +67 +68 +69 +70 +71 +72 +73 +74 +75 +76 +77 +78 +79 +80 +81 +82 +83 +84 +85 +86 +87 +88 +89 +90 +91 +92 +93 +94 +95 +96 +97 +98 +99 +100 +101 +102 +103 +104 +105 +106 $
>STPN.0321.00026
+1 +112 +3 +4 +5 +128 +6 +7 +8 +9 +10 +149 +12 +13 +14 +15 +16 +17 +18 +19 +111 +20 +21 +22 +23 +24 +25 +26 +27 +28 +29 +30 +31 +32 +33 +34 +35 +36 +37 +38 +39 +40 +41 +42 +43 +44 +45 +47 +48 +49 +50 +51 +52 +53 +54 +55 +56 +57 +58 +59 +60 +61 +62 +64 +65 +66 +67 +68 +69 +70 -143 +71 +72 +73 +74 +75 +76 +77 +78 +79 +80 +81 +119 +82 +83 +84 +85 +86 +87 +107 +88 +89 +90 +91 +92 +93 +94 +95 +96 +97 +98 +99 +100 +101 +102 +103 +104 +105 +106 $
>STPN.0321.00057
+1 +108 +3 +4 +5 +6 +7 +8 +150 +9 +10 +149 +12 +13 +14 +15 +16 +17 +18 +19 +111 +20 +21 +22 +23 +24 +25 +26 +27 +28 +29 +30 +31 +32 +33 +34 +35 +36 +37 +38 +39 +40 +41 +42 +43 +44 +45 +126 +47 +48 +49 +50 +51 +52 +53 +54 +55 +56 +57 +58 +59 +60 +61 +62 +64 +65 +66 +67 +68 +69 +70 -127 +71 +72 +73 +122 +74 +75 +76 +77 +78 +79 +80 +81 +119 +82 +83 +84 +85 +86 +87 +88 +89 +90 +91 +92 +93 +94 +95 +96 +97 +98 +99 +100 +101 +102 +109 +104 +105 +106 $
>STPN.0321.00052
-70 -69 -68 -67 -66 -65 -64 -63 -62 -61 -60 -59 -58 -57 -115 -114 -56 -55 -54 -53 -52 -51 -144 +45 +47 +48 +49 +50 +145 +118 +108 -44 -43 -42 -41 -40 -39 -38 -37 -36 -35 -34 -33 -32 -31 -30 -29 -28 -27 -26 -25 -24 -23 -22 -21 -20 -19 -18 -17 -16 -15 -14 -13 -12 +146 -10 -8 -7 -6 -5 -4 -3 -1 -106 -105 -104 -109 -102 -101 -100 -99 -98 -97 -96 -95 -94 -93 -92 -91 -90 -89 -88 -87 -86 -85 -84 -83 -82 -81 -80 -79 -78 -77 -76 -75 -74 -73 -72 -71 $
>STPN.0321.00074
+1 +3 +4 +5 +6 +7 +8 +9 +10 +131 +12 +13 +14 +15 +16 +17 +18 +19 +111 +20 +21 +22 +23 +24 +25 +26 +27 +28 +29 +30 +31 +32 +33 +34 +35 +36 +37 +38 +39 +40 +41 +42 +43 +44 +45 -132 +47 +48 +49 +50 +51 +52 +53 +54 +55 +56 +57 +58 +59 +60 +61 +62 +63 +64 +65 +66 +67 +68 +69 +70 +71 +72 +73 +74 +75 +76 +77 +78 +79 +80 +81 +82 +83 +84 +85 +86 +87 +133 +88 +89 +90 +91 +92 +93 +94 +95 +96 +97 +98 +99 +100 +101 +102 +109 +104 +105 +106 $
>STPN.0321.00036
+39 +40 +41 +42 +43 +44 +45 +47 +48 +49 +50 +51 +52 +53 +54 +55 +56 -113 +57 +58 +59 +60 +61 +62 +64 +65 +66 +67 +68 +69 +70 +71 +72 +73 +122 +74 +75 +76 +77 +78 +79 +80 +81 +82 +83 +84 +85 +86 +87 +151 +133 +88 +89 +90 +91 +92 +93 +94 +95 +96 +97 +98 +99 +100 +101 +102 +109 +104 +105 +106 +1 +3 +4 +5 +128 +6 +7 +8 +150 +9 +10 +12 +13 +14 +15 +16 +17 +18 +19 +20 +21 +22 +23 +24 +25 +26 +27 +28 +29 +30 +31 +32 +33 +34 +35 +36 +37 +38 $
>STPN.0321.00072
+1 +3 +4 +5 +6 +7 +8 +9 +10 +131 +12 +13 +14 +15 +16 +17 +18 +19 +111 +20 +21 +22 +23 +24 +25 +26 +27 +28 +29 +30 +31 +32 +33 +34 +35 +36 +37 +38 +39 +40 +41 +42 +43 +44 +45 -132 +47 +48 +49 +50 +51 +52 +53 +54 +55 +56 +57 +58 +59 +60 +61 +62 +63 +64 +65 +66 +67 +68 +69 +70 +71 +72 +73 +74 +75 +76 +77 +78 +79 +80 +81 +82 +83 +84 +85 +86 +87 +133 +88 +89 +90 +91 +92 +93 +94 +95 +96 +97 +98 +99 +100 +101 +102 +109 +104 +105 +106 $
>STPN.0321.00001
-106 -105 -104 -109 -102 -101 -100 -99 -98 -97 -96 -95 -94 -93 -92 -91 -90 -89 -88 -87 -86 -85 -84 -83 -82 -81 -80 -79 -78 -77 -76 -75 -74 -73 -72 -71 -70 -69 -68 -67 -66 -65 -64 -63 -62 -61 -60 -59 -58 -57 -115 -114 -56 -55 -54 -53 -52 -51 -50 -49 -48 -47 -45 +144 +145 +118 +108 -44 -43 -42 -41 -40 -39 -38 -37 -36 -35 -34 -33 -32 -31 -30 -29 -28 -27 -26 -25 -24 -23 -22 -21 -20 -19 -18 -17 -16 -15 -14 -13 -12 +146 -10 -8 -7 -6 -5 -4 -3 -1 $
>STPN.0321.00073
+1 +152 +3 +4 +5 +6 +7 +8 +9 +10 +136 +12 +13 +14 +15 +16 +17 +18 +19 +110 +111 +20 +21 +22 +23 +24 +25 +26 +27 +28 +29 +30 -65 -64 -63 -62 -61 -60 -59 -58 -57 -115 -114 -56 -55 -54 -53 -52 -51 -50 -108 +118 -49 -48 -47 -45 -44 -43 -42 -41 -40 -39 -38 -37 -36 -35 -34 -33 -32 -31 +66 +67 +68 +69 +70 +71 +72 +73 +74 +75 +76 +77 +78 +79 +80 +81 +82 +83 +84 +85 +86 +87 +107 +88 +89 +90 +91 +92 +93 +94 +95 +96 +97 +98 +99 +100 +101 +102 +103 +104 +105 +106 $
>STPN.0321.00058
+106 +1 +3 +4 +5 +6 +7 +8 +9 +10 +12 +13 +14 +15 +16 +17 +18 +19 +110 +111 +20 +21 +22 +23 +24 +25 +26 +27 +28 +29 +30 +31 +32 +33 +34 +35 +36 +37 +38 +39 +40 +41 +42 +43 +44 +45 +47 +48 +49 +50 +51 +52 +53 +54 +55 +56 +108 +118 +57 +58 +59 +60 +61 +62 -63 +64 +65 +66 +67 +68 +69 +70 +71 +72 +73 +74 +75 +76 +77 +78 +79 +80 +81 +119 +82 +83 +84 +85 +86 +87 +88 +89 +90 +91 +92 +93 +94 +95 +96 +97 +98 +99 +100 +101 +102 +109 +104 +105 -107 $
>STPN.0321.00097
+9 +10 +129 +116 +12 +13 +14 +15 +16 +17 +18 +19 +111 +20 +21 +22 +23 +24 +25 +26 +27 +28 +29 +30 +31 +32 +33 +34 +35 +36 +37 +38 +39 +40 +41 +42 +43 +44 +45 +47 +48 +49 +50 +51 +52 +53 +54 +55 +56 -113 +57 +58 +59 +60 +61 +62 +63 +64 +65 +66 +67 +68 +69 +70 +71 +72 +73 +74 +75 +76 +77 +78 +79 +80 +81 +82 +83 +84 +85 +86 -8 -7 -6 -5 -4 -3 -1 -106 -105 -104 -109 -102 -101 -100 -99 -98 -97 -96 -95 -94 -93 -92 -91 +87 +88 +89 +90 $
>STPN.0321.00077
+1 +152 +3 +4 +5 +6 +7 +8 +9 +10 +12 +13 +14 +15 +16 +17 +18 +19 +111 +20 +21 +22 +23 +24 +25 +26 +27 +28 +29 +30 +31 +32 +33 +34 +35 +36 +37 +38 +39 +40 +41 +42 +43 +44 +45 +47 +48 +49 +50 +51 +52 +53 +54 +55 +56 +57 +58 +59 +60 +61 +62 +63 +64 +65 +66 +67 +68 +69 +70 +71 +72 +73 +74 +75 +76 +77 +78 +79 +80 +81 +119 +82 +83 +84 +85 +86 +87 +88 +89 +90 +91 +92 +93 +94 +95 +96 +97 +98 +99 +100 +101 +102 +103 +104 +105 +106 $
>STPN.0321.00083
+1 +112 +3 +4 +5 +6 +7 +8 +10 +147 +12 +13 +14 +15 +16 +17 +18 +19 +111 +20 +21 +22 +23 +24 +25 +26 +27 +28 +29 +30 +31 +32 +33 +34 +35 +36 +37 +38 +137 +138 +141 +39 +40 +41 +42 +43 -49 -48 -47 -117 -45 -44 +50 +51 +52 +53 +54 +55 +56 +114 +115 +57 +58 +59 +60 +61 +62 +63 +64 +65 +66 +67 +68 +69 +70 +71 +72 +73 +74 +75 +76 +77 +78 +79 +80 +81 +82 +83 +84 +85 +86 +87 +88 +89 +90 +91 +92 +93 +94 +95 +96 +97 +98 +99 +100 +101 +102 +109 +104 +105 +106 $
>STPN.0321.00071
+1 +3 +4 +5 +128 +6 +7 +8 +9 +10 +153 +12 +13 +14 +15 +16 +17 +18 +19 +110 +111 +20 +21 +22 +23 +24 +25 +26 +27 +28 +29 +30 +31 +32 +33 +34 +35 +36 +37 +38 +39 +40 +41 +42 +43 +44 +45 +47 +48 +49 +50 +51 +52 +53 +54 +55 +56 +114 +115 +57 +58 +59 +60 +61 +62 +63 +64 +65 +66 +67 +68 +69 +70 +71 +72 +73 +74 +75 +76 +77 +78 +79 +80 +81 +119 +82 +83 +84 +85 +86 +87 +133 +88 +89 +90 +91 +92 +93 +94 +95 +96 +97 +98 +99 +100 +101 +102 +109 +104 +105 +106 $
>STPN.0321.00068
+105 +106 +1 +3 +4 +5 +6 +7 +8 +9 +10 +12 +13 +14 +15 +16 +17 +18 +19 +20 +21 +22 +23 +24 +25 +26 +27 +28 +29 +30 +31 +32 +33 +34 +35 +36 +37 +38 +39 +40 +41 +42 +43 +44 +45 +47 +48 +49 +50 +51 +52 +53 +54 +55 +56 +57 +58 +59 +60 +61 +62 -63 +64 +65 +66 +67 +68 +69 +70 +71 +72 +73 +74 +75 +76 +77 +78 +79 +80 +81 +82 +83 +84 +85 +86 +87 +88 +89 +90 +91 +92 +93 +94 +95 +96 +97 +98 +99 +100 +101 +102 +109 +104 $
>STPN.0321.00021
+1 +3 +4 +5 +128 +6 +7 +8 +9 +10 +153 +12 +13 +14 +15 +16 +17 +18 +19 +110 +111 +20 +21 +22 +23 +24 +25 +26 +27 +28 +29 +30 +31 +32 +33 +34 +35 +36 +37 +38 +39 +40 +41 +42 +43 +44 +45 +47 +48 +49 +50 +51 +52 +53 +54 +55 +56 +114 +115 +57 +58 +59 +60 +61 +62 +63 +64 +65 +66 +67 +68 +69 +70 +71 +72 +73 +74 +75 +76 +77 +78 +79 +80 +81 +119 +82 +83 +84 +85 +86 +87 +151 +133 +88 +89 +90 +91 +92 +93 +94 +95 +96 +97 +98 +99 +100 +101 +102 +109 +104 +105 +106 $
>STPN.0321.00053
+1 +3 +4 +5 +6 +7 +8 +10 -146 +12 +13 +14 +15 +16 +17 +18 +19 +20 +21 +22 +23 +24 +25 +26 +27 +28 +29 +30 +31 +32 +33 +34 +35 +36 +37 +38 +39 +40 +41 +42 +43 +44 -108 -118 -145 -144 +45 +47 +48 +49 +50 +51 +52 +53 +54 +55 +56 +114 +115 +57 +58 +59 +60 +61 +62 +63 +64 +65 +66 +67 +68 +69 +70 +71 +72 +73 +74 +75 +76 +77 +78 +79 +80 +81 +82 +83 +84 +85 +86 +87 +88 +89 +90 +91 +92 +93 +94 +95 +96 +97 +98 +99 +100 +101 +102 +109 +104 +105 +106 $
>STPN.0321.00022
+1 +3 +4 +5 +121 +6 +7 +8 +10 +12 +13 +14 +15 +16 +17 +18 +19 +111 +20 +21 +22 +23 +24 +25 +26 +27 +28 +29 +30 +31 +32 +33 +34 +35 +36 +37 +38 +39 +40 +41 +42 +43 +44 +45 +123 +47 +48 +49 +50 +51 +52 +53 +54 +55 +56 +57 +58 +59 +60 +61 +62 +63 +64 +65 +66 +67 +68 +69 +70 +71 +72 +73 +74 +75 +76 +77 +78 +79 +80 +81 +119 +82 +83 +84 +85 +86 +87 +88 +89 +90 +91 +92 +93 +94 +95 +96 +97 +98 +99 +100 +101 +102 +109 +104 +105 +106 $
>STPN.0321.00050
-106 -105 -104 -109 -102 -101 -100 -99 -98 -97 -96 -95 -94 -93 -92 -91 -90 -89 -88 -87 -86 -85 -84 -83 -82 -81 -80 -79 -78 -77 -76 -75 -74 -73 -72 -71 -70 -69 -68 -67 -66 -65 -64 -63 -62 -61 -60 -59 -58 -57 -115 -114 -56 -55 -54 -53 -52 -51 -50 -49 -48 -47 -45 +144 +145 +118 +108 -44 -43 -42 -41 -40 -39 -38 -37 -36 -35 -34 -33 -32 -31 -30 -29 -28 -27 -26 -25 -24 -23 -22 -21 -20 -19 -18 -17 -16 -15 -14 -13 -12 +146 -10 -8 -7 -6 -5 -4 -3 -1 $
>STPN.0321.00062
+3 +4 +5 +6 +7 +8 +10 +12 +13 +14 +15 +16 +17 +18 +19 +20 -23 -22 -21 +24 +25 +26 +27 +28 +29 +30 +31 +32 +33 +34 +35 +36 +37 +38 +39 +40 +41 +42 +43 +44 +45 +47 +48 +50 +51 +52 +53 +54 +55 +56 -113 +57 +58 +59 +60 +61 +62 +63 +64 +65 +108 +118 -49 +66 +67 +68 +69 +70 +71 +72 +73 +74 +75 +76 +77 +78 +79 +80 +81 +119 +82 +83 +84 +85 +86 +87 +88 +89 +90 +91 +92 +93 +94 +95 +96 +97 +98 +99 +100 +101 +102 +109 +104 +105 +106 +1 $
>STPN.0321.00008
+1 +3 +4 +5 +6 +7 +8 +10 +12 +13 +14 +15 +16 +17 +18 +19 +110 +111 +20 +21 +22 +23 +24 +25 +26 +27 +28 +29 +30 +31 +32 -65 -64 +63 -62 -61 -60 -59 -58 -57 -56 -55 -54 -53 -52 -51 -50 -49 -48 -47 -45 -44 -43 -42 -41 -40 -39 -38 -37 -36 -35 -34 -33 +66 +67 +68 +69 +70 +71 +72 +73 +74 +75 +76 +77 +78 +79 +80 +81 +82 +83 +84 +85 +86 +87 +107 +108 +88 +89 +90 +91 +92 +93 +94 +95 +96 +97 +98 +99 +100 +101 +102 +109 +104 +105 +106 $
>STPN.0321.00069
+1 +3 +4 +5 +128 +6 +7 +8 +9 +10 +148 +12 +13 +14 +15 +16 +17 +18 +19 +20 +21 +22 +23 +24 +25 +26 +27 +28 +29 +30 +31 +32 +33 +34 +37 +38 +39 +40 +41 +42 +43 +44 +45 +47 +48 +55 +56 +114 +115 +57 +58 +59 +60 +61 +62 +63 +64 +65 +66 +67 +68 +69 +70 +71 +72 +73 +74 +75 +76 +77 +78 +79 +80 +81 +82 +83 +84 +85 +86 -36 -35 -87 +49 +50 +51 +52 +53 +54 +107 +133 +88 +89 +90 +91 +92 +93 +94 +95 +96 +97 +98 +99 +100 +101 +102 +109 +104 +105 +106 $
>STPN.0321.00017
+1 +3 +4 +5 +6 +7 +8 +10 +12 +13 +14 +15 +16 +17 +18 +19 +20 +21 +22 +23 +24 +25 +26 +27 +28 +29 +30 +31 +32 +33 +34 +35 +36 +37 +38 +39 +40 +41 +42 +43 +44 +45 +47 +48 +49 +50 +51 +52 +53 +54 +55 +56 +57 +58 +59 +60 +61 +62 +63 +64 +65 +66 +67 +68 +69 +70 +71 +72 +73 +74 +75 +76 +77 +78 +79 +80 +81 +82 +83 +84 +85 +86 +87 +88 +89 +90 +91 +92 +93 +94 +95 +96 +97 +98 +99 +100 +101 +102 +109 +104 +105 +106 $
>STPN.0321.00092
+44 +45 +47 +48 +49 +50 +51 +52 +53 +54 +55 +56 -113 +57 +58 +59 +60 +61 +62 +63 +64 +65 +66 +67 +68 +69 +70 +71 +72 +73 +74 +75 +76 +77 +78 +79 +80 +81 +119 +82 +83 +84 +85 +86 +87 -1 -106 -105 -104 -109 -102 -101 -100 -99 -98 -97 -96 -95 -94 -93 -92 -91 -90 -89 -88 +3 +4 +5 +128 +6 +7 +8 +9 +10 +129 +116 +12 +13 +14 +15 +16 +17 +18 +19 +111 +20 +21 +22 +23 +24 +25 +26 +27 +28 +29 +30 +31 +32 +33 +34 +35 +36 +37 +38 -115 -114 +39 +40 +41 +42 +43 $
>STPN.0321.00094
+1 +152 +3 +4 +5 +121 +6 +7 +8 +10 +12 +13 +14 +15 +16 +17 +18 +19 +20 +21 +22 +23 +24 +25 +26 +27 +28 +29 +30 +31 +32 +33 +34 +35 +36 +37 +38 -115 -114 +39 +40 +41 +42 +43 +44 +45 -55 -54 -53 -52 -51 -50 -49 -48 -47 +56 +57 +58 +59 +60 +61 +62 +63 +64 +65 +66 +67 +68 +69 +70 +71 +72 +73 +122 +74 +75 +76 +77 +78 +79 +80 +81 +130 +82 +83 +84 +85 +86 +87 +88 +89 +90 +91 +92 +93 +94 +95 +96 +97 +98 +99 +100 +101 +102 +103 +104 +105 +106 $
>STPN.0321.00012
+1 +3 +4 +5 +6 +7 +8 +124 +9 +10 +136 +12 +13 +14 +15 +16 +17 +18 +19 +111 +20 +21 +22 +23 +24 +25 +26 +27 +28 +29 +30 +31 +32 +33 +34 +35 +36 +37 +38 +39 +40 +41 +154 +42 +43 +44 +45 -132 +47 +48 +49 +50 +51 +52 +53 +54 +55 +56 -113 +57 +58 +59 +60 +61 +62 +63 +64 +65 +66 +67 +68 +69 +70 +127 +127 +71 +72 +73 +74 +75 +76 +77 +78 +79 +80 +81 +119 +82 +83 +84 +85 +86 +87 +88 +89 +90 +91 +92 +93 +94 +95 +96 +97 +98 +99 +100 +101 +102 +109 +104 +105 +106 $
>STPN.0321.00091
+1 +2 -101 -100 -99 -98 -97 -96 -95 -94 -93 -92 -91 -90 -89 -88 -87 -86 -85 -84 -83 -82 -81 -80 -79 -78 -77 -76 -75 -74 -73 -72 -71 -70 -69 -68 -67 -66 -65 -64 -63 -62 -61 -60 -59 -58 -57 -114 -56 -55 +155 -54 -53 -52 -51 +27 +28 +29 +30 +31 +32 +33 +34 +35 +36 +37 +38 +39 +40 +41 +42 +43 +44 +45 +47 +48 +49 +50 -26 -25 -24 -23 -22 -21 -20 -19 -18 -17 -16 -15 -14 -13 -12 -11 -10 -9 -8 -7 -6 -5 -4 -3 +102 +109 +104 +105 +106 $
>STPN.0321.00093
+1 +143 +3 +4 +5 +6 +7 +8 +9 +10 +12 +13 +14 +15 +16 +17 +18 +19 +110 +111 +20 +21 +22 +23 +24 +25 +26 +27 +28 +29 +30 +31 +32 -65 -64 +63 -62 -61 -60 -59 -58 -57 -56 -55 -54 -53 -52 -51 -50 +44 +45 +47 +48 +49 -43 -42 -41 -40 -39 -38 -37 -36 -35 -34 -33 +66 +67 +68 +69 +70 +71 +72 +73 +74 +75 +76 +77 +78 +79 +80 +81 +82 +83 +84 +85 +86 +87 +107 +108 +88 +89 +90 +91 +92 +93 +94 +95 +96 +97 +98 +99 +100 +101 +102 +109 +104 +105 +106 $
>STPN.0321.00079
+1 +2 +3 +4 +5 +6 +7 +8 +10 +116 +12 +13 +14 +15 +16 +17 +18 +19 +111 +20 +21 +22 +23 +24 +25 +26 +27 +28 +29 +30 +31 +32 +33 +34 +35 +36 +37 +38 +39 +40 +41 +42 +43 +44 +45 +117 +47 +48 +49 -108 -118 +50 +51 +52 +53 +54 +55 +56 +57 +58 +59 +60 +61 +62 +63 +64 +65 +66 +67 +68 +69 +70 +71 +72 +73 +74 +75 +76 +77 +78 +79 +80 +81 +82 +83 +84 +85 +86 +87 +88 +89 +90 +91 +92 +93 +94 +95 +96 +97 +98 +99 +100 +101 +102 +109 +104 +105 +106 $
>STPN.0321.00003
+1 +3 +4 +5 +6 +7 +8 +10 -146 +12 +13 +14 +15 +16 +17 +18 +19 +20 +21 +22 +23 +24 +25 +26 +27 +28 +29 +30 +31 +32 +33 +34 +35 +36 +37 +38 +39 +40 +41 +42 +43 +44 -108 -118 -145 -144 +45 +47 +48 +49 +50 +51 +52 +53 +54 +55 +56 +57 +58 +59 +60 +61 +62 +63 +64 +65 +66 +67 +68 +69 +70 +71 +72 +73 +74 +75 +76 +77 +78 +79 +80 +81 +82 +83 +84 +85 +86 +87 +88 +89 +90 +91 +92 +93 +94 +95 +96 +97 +98 +99 +100 +101 +102 +109 +104 +105 +106 $
>STPN.0321.00076
+1 +112 +143 +3 +4 +5 +6 +7 +8 +10 +12 +13 +14 +15 +16 +17 +18 +19 +110 +111 +20 +21 +22 +23 +24 +25 +26 +27 +28 +29 +30 +113 +31 +32 +33 +34 +35 +36 +37 +38 +39 +40 +41 +42 +43 +44 +45 +47 +48 +49 -118 +50 +51 +52 +53 +54 +55 +56 -108 +114 +115 +57 +58 +59 +60 +61 +62 +64 +65 +66 +67 +68 +69 +70 +71 +72 +73 +74 +75 +76 +77 +78 +79 +80 +81 +119 +82 +83 +84 +85 +86 +87 +107 +88 +89 +90 +91 +92 +93 +94 +95 +96 +97 +98 +99 +100 +101 +102 +109 +104 +105 +106 $
>STPN.0321.00078
+1 +3 +4 +5 +6 +7 +8 +10 +12 +13 +14 +15 +16 +17 +18 +19 +20 +21 +22 +23 +24 +25 +26 +27 +28 +29 +30 +31 +32 +33 +34 +35 +36 +37 +38 +39 +40 +41 +42 +43 +44 +45 +47 +48 +49 +50 +51 +52 +53 +54 +55 +56 +114 +115 +57 +58 +59 +60 +61 +62 +63 +64 +65 +66 +67 +68 +69 +70 +71 +72 +73 +74 +75 +76 +77 +78 +79 +80 +81 +119 +82 +83 +84 +85 +86 +87 +133 +88 +89 +90 +91 +92 +93 +94 +95 +96 +97 +98 +99 +100 +101 +102 +109 +104 +105 +106 $
>STPN.0321.00075
+1 +3 +4 +5 +6 +7 +8 +9 +10 +12 +13 +14 +15 +16 +17 +18 +19 +110 +111 +20 +21 +22 +23 +24 +25 +26 +27 +28 +29 +30 +31 +32 -65 -64 +63 -62 -61 -60 -59 -58 -57 -56 -55 -54 -53 -52 -51 -50 +44 +45 +47 +48 +49 -43 -42 -41 -40 -39 -38 -37 -36 -35 -34 -33 +66 +67 +68 +69 +70 +71 +72 +73 +74 +75 +76 +77 +78 +79 +80 +81 +82 +83 +84 +85 +86 +87 +107 +108 +88 +89 +90 +91 +92 +93 +94 +95 +96 +97 +98 +99 +100 +101 +102 +109 +104 +105 +106 $
>STPN.0321.00040
+1 +3 +4 +5 +6 +7 +8 +10 +125 +12 +13 +14 +15 +16 +17 +18 +19 +20 +21 +22 +23 +24 +25 +26 +27 +28 +29 +30 +31 +32 +33 +34 +35 +36 +37 +38 +39 +40 +41 +42 +43 +44 +45 +47 +48 +49 +50 +51 +52 +53 +54 +55 +56 +114 +115 +156 +118 +108 +57 +58 +59 +60 +61 +62 +63 +64 +65 +66 +67 +68 +69 +70 -143 +71 +72 +73 +74 +75 +76 +77 +78 +79 +80 +81 +119 +82 +83 +84 +85 +86 +87 +133 +88 +89 +90 +91 +92 +93 +94 +95 +96 +97 +98 +99 +100 +101 +102 +109 +104 +105 +106 $
>STPN.0321.00066
+3 +4 +5 +121 +6 +7 +8 +9 +10 +136 +12 +13 +14 +15 +16 +17 +18 +19 +111 +20 +21 +22 +23 +24 +25 +26 +27 +28 +29 +30 +31 +32 +33 +34 +35 +36 +37 +38 +39 +40 +41 +42 +43 -49 -48 -47 -45 -44 +50 +51 +52 +53 +54 +55 +56 -113 +57 +58 +59 +60 +61 +62 +63 +64 +65 +66 +67 +68 +69 +70 +71 +72 +73 +74 +75 +76 +77 +78 +79 +80 +81 +130 +82 +83 +84 +85 +86 +87 +133 +88 +89 +90 +91 +92 +93 +94 +95 +96 +97 +98 +99 +100 +101 +102 +109 +104 +105 +106 +1 $
>STPN.0321.00081
+1 +3 +4 +5 +121 +108 +6 +7 +8 +9 +10 +12 +13 +14 +15 +16 +17 +18 +19 +20 +21 +22 +23 +24 +25 +26 +27 +28 +29 +30 +31 +32 +33 +34 +35 +36 +37 +38 -115 -114 +39 +40 +41 +42 +43 +44 +45 -55 -54 -53 -52 -51 -50 -49 -48 -47 +56 +156 +118 +57 +58 +59 +60 +61 +62 +63 +64 +65 +66 +67 +68 +69 +70 +71 +72 +73 +122 +74 +75 +76 +77 +78 +79 +80 +81 +119 +82 +83 +84 +85 +86 +87 +88 +89 +90 +91 +92 +93 +94 +95 +96 +97 +98 +99 +100 +101 +102 +103 +104 +105 +106 $
>STPN.0321.00080
+1 +3 +4 +5 +6 +7 +8 +10 +12 +13 +14 +15 +16 +17 +18 +19 +111 +20 +21 +22 +23 +24 +25 +26 +27 +28 +29 +30 +31 +32 +33 +34 +35 +36 +37 +38 +39 +40 +41 +42 +43 +44 +45 +117 +47 +48 +49 +50 +51 +52 +53 +54 +55 +56 +114 +115 -108 +118 +57 +58 +59 +60 +61 +62 +64 +65 +66 +67 +68 +69 +70 +71 +72 +73 +74 +75 +76 +77 +78 +79 +80 +81 +82 +83 +84 +85 +86 +87 +88 +89 +90 +91 +92 +93 +94 +95 +96 +97 +98 +99 +100 +101 +102 +103 +104 +105 +106 $
>STPN.0321.00016
+1 +3 +4 +5 +6 +7 +8 +10 +12 +13 +14 +15 +16 +17 +18 +19 +110 +111 +20 +21 +22 +23 +24 +25 +26 +27 +28 +29 +30 +31 +32 -65 -64 +63 -62 -61 -60 -59 -58 -57 -56 -55 -54 -53 -52 -51 -50 -49 -48 -47 -45 -44 -43 -42 -41 -40 -39 -38 -37 -36 -35 -34 -33 +66 +67 +68 +69 +70 +71 +72 +73 +74 +75 +76 +77 +78 +79 +80 +81 +82 +83 +84 +85 +86 +87 +107 +108 +88 +89 +90 +91 +92 +93 +94 +95 +96 +97 +98 +99 +100 +101 +102 +109 +104 +105 +106 $
>STPN.0321.00082
+91 +92 +93 +94 +95 +96 +97 +98 +99 +100 +101 +102 +109 +104 +105 +106 +1 +3 +4 +5 +6 +7 +8 +10 +12 +13 +14 +15 +16 +17 +18 +19 +110 +111 +20 +21 +22 +23 +24 +25 +26 +27 +28 +29 +30 +31 +32 -65 -64 +63 -62 -61 -60 -59 -58 -57 -56 -55 -54 -53 -52 -51 -50 -49 -48 -47 -45 -44 -43 -42 -41 -40 -39 -38 -37 -36 -35 -34 -33 +66 +67 +68 +69 +70 +71 +72 +73 +74 +75 +76 +77 +78 +79 +80 +81 +82 +83 +84 +85 +86 +87 +107 +108 +88 +89 +90 $
>STPN.0321.00018
+79 +80 +81 +119 +82 +83 +84 +85 +86 +87 +107 +88 +89 +90 +91 +92 +93 +94 +95 +96 +97 +98 +99 +100 +101 +102 +109 +104 +105 +106 +1 +3 +4 +5 +121 +6 +7 +8 +9 +10 +147 +12 +13 +14 +15 +16 +17 +18 +19 +20 +21 +22 +23 +24 +25 +26 +27 +28 +29 +30 +31 +32 +33 +34 +35 +36 +37 +38 +39 +40 +41 +42 +43 +44 +45 +46 +47 +48 +49 +50 +51 +52 +53 +54 +55 +56 -113 +57 +58 +59 +60 +61 +62 -63 +64 +65 +66 +67 +68 +69 +70 +71 +72 +73 +122 +74 +75 +76 +77 +78 $
>STPN.0321.00090
+1 +2 +3 +4 +5 +6 +7 +8 +9 +10 +11 +12 +13 +14 +15 +16 +17 +18 +19 +20 +21 +22 +23 +24 +25 +26 +27 +28 +29 +30 +31 +32 +33 +34 +35 +36 +37 +38 +39 +40 +41 +42 +43 +44 +45 +46 +47 +48 +49 +50 +51 +52 +53 +54 +55 +56 +57 +58 +59 +60 +61 +62 +63 +64 +65 +66 +67 +68 +69 +70 +71 +72 +73 +74 +75 +76 +77 +78 +79 +80 +81 +82 +83 +84 +85 +86 +87 +88 +89 +90 +91 +92 +93 +94 +95 +96 +97 +98 +99 +100 +101 +102 +103 +104 +105 +106 $
>STPN.0321.00005
+1 +3 +4 +5 +6 +7 +8 +10 -146 +12 +13 +14 +15 +16 +17 +18 +19 +20 +21 +22 +23 +24 +25 +26 +27 +28 +29 +30 +31 +32 +33 +34 +35 +36 +37 +38 +39 +40 +41 +42 +43 +44 -108 -118 -145 +47 +48 +49 +50 +51 +52 +53 +54 +55 +56 +114 +115 +57 +58 +59 +60 +61 +62 +63 +64 +65 +66 +67 +68 +69 +70 +71 +72 +73 +74 +75 +76 +77 +78 +79 +80 +81 +82 +83 +84 +85 +86 +87 +88 +89 +90 +91 +92 +93 +94 +95 +96 +97 +98 +99 +100 +101 +102 +109 +104 +105 +106 $
>STPN.0321.00035
+1 +3 +4 +5 +6 +7 +8 +9 +10 +131 +12 +13 +14 +15 +16 +17 +18 +19 +111 +20 +21 +22 +23 +24 +25 +26 +27 +28 +29 +30 +31 +32 +33 +34 +35 +36 +37 +38 +39 +40 +41 +42 +43 -49 -48 -47 +132 -45 -44 +50 +51 +52 +53 +54 +55 +56 +57 +58 +59 +60 +61 +62 +63 +64 +65 +66 +67 +68 +69 +70 +71 +72 +73 +74 +75 +76 +77 +78 +79 +80 +81 +82 +83 +84 +85 +86 +87 +133 +88 +89 +90 +91 +92 +93 +94 +95 +96 +97 +98 +99 +100 +101 +102 +109 +104 +105 +106 $
>STPN.0321.00015
+1 +3 +4 +5 +6 +7 +8 +9 +10 +131 +12 +13 +14 +15 +16 +17 +18 +19 +111 +20 +21 +22 +23 +24 +25 +26 +27 +28 +29 +30 +31 +32 +33 +34 +35 +36 +37 +38 +39 +40 +41 +42 +43 +44 +45 -132 +47 +48 +49 +50 +51 +52 +53 +54 +55 +56 +57 +58 +59 +60 +61 +62 +63 +64 +65 +66 +67 +68 +69 +70 +71 +72 +73 +74 +75 +76 +77 +78 +79 +80 +81 +82 +83 +84 +85 +86 +87 +133 +88 +89 +90 +91 +92 +93 +94 +95 +96 +97 +98 +99 +100 +101 +102 +109 +104 +105 +106 $
>STPN.0321.00014
+1 +3 +4 +5 +128 +6 +7 +8 +9 +10 +148 +12 +13 +14 +15 +16 +17 +18 +19 +111 +20 +21 +22 +23 +24 +25 +26 +27 +28 +29 +30 +31 +32 +33 +34 +35 +36 +37 +38 +39 +40 +41 +42 +43 +44 +45 +47 +48 +49 -118 +108 +50 +51 +52 +53 +54 +55 +56 +114 +115 +57 +58 +59 +60 +61 +62 +63 +64 +65 +66 +67 +68 +69 +70 +71 +72 +73 +74 +75 +76 +77 +78 +79 +80 +81 +82 +83 +84 +85 +86 +87 +88 +89 +90 +91 +92 +93 +94 +95 +96 +97 +98 +99 +100 +101 +102 +103 +104 +105 +106 $
>STPN.0321.00029
-71 -70 -69 -68 -67 -66 -65 -64 -63 -62 -61 -60 -59 -58 -57 -56 -55 -54 -53 -52 -51 -50 +118 +108 -49 -48 -47 -117 -45 -44 -43 -42 -41 -40 -39 -38 -37 -36 -35 -34 -33 -32 -31 -30 -29 -28 -27 -26 -25 -24 -23 -22 -21 -20 -111 -19 -18 -17 -16 -15 -14 -13 -12 -116 -10 -8 -7 -6 -5 -4 -3 -2 -1 -106 -105 -104 -109 -102 -101 -100 -99 -98 -97 -96 -95 -94 -93 -92 -91 -90 -89 -88 -87 -86 -85 -84 -83 -82 -81 -80 -79 -78 -77 -76 -75 -74 -73 -72 $
>STPN.0321.00024
+1 +3 +4 +5 +128 +6 +7 +8 +9 +10 +148 +12 +13 +14 +15 +16 +17 +18 +19 +20 +21 +22 +23 +24 +25 +26 +27 +28 +29 +30 +31 +32 +33 +34 +35 +36 +37 +38 +39 +40 +41 +42 +43 -45 -44 +50 -47 -108 +118 -49 -48 +51 +52 +53 +54 +55 +56 +57 +58 +59 +60 +61 +62 +63 +64 +65 +66 +67 +68 +69 +70 +71 +72 +73 +74 +75 +76 +77 +78 +79 +80 +81 +82 +83 +84 +85 +86 +87 +88 +89 +90 +91 +92 +93 +94 +95 +96 +97 +98 +99 +100 +101 +102 +103 +104 +105 +106 $
>STPN.0321.00023
+1 +3 +4 +5 +6 +7 +8 +9 +10 +11 +12 +13 +14 +15 +16 +17 +18 +19 +111 +20 +21 +22 +23 +24 +25 +26 +27 +28 +29 +30 +31 +32 +33 +34 +35 +36 +37 +38 +39 +40 +41 +42 +43 +44 +45 +46 +47 +48 +49 -118 -108 +50 +51 +52 +53 +54 +55 +56 +57 +58 +59 +60 +61 +62 +63 +64 +65 +66 +67 +68 +69 +70 +71 +72 +73 +74 +75 +76 +77 +78 +79 +80 +81 +82 +83 +84 +85 +86 +87 +107 +88 +89 +90 +91 +92 +93 +94 +95 +96 +97 +98 +99 +100 +101 +102 +109 +104 +105 +106 $
>STPN.0321.00025
+1 +143 +3 +4 +5 +128 +6 +7 +8 +10 +12 +13 +14 +15 +16 +17 +18 +19 +110 +20 +21 +22 +23 +24 +25 +26 +27 +28 +29 +30 +113 +31 +32 +33 +34 +35 +36 +37 +38 +39 +40 +41 +42 +43 +44 +45 +47 +48 +49 -118 -134 +50 +51 +52 +53 +54 +55 +56 +57 +58 +59 +60 +61 +62 +64 +65 +66 +67 +68 +69 +70 +71 +72 +73 +74 +75 +76 +77 +78 +79 +80 +81 +130 +82 +83 +84 +85 +86 +87 +88 +89 +90 +91 +92 +93 +94 +95 +96 +97 +98 +99 +100 +101 +102 +109 +104 +105 +106 $
>STPN.0321.00010
+1 +3 +4 +5 +128 +6 +7 +8 +9 +10 +153 +12 +13 +14 +15 +16 +17 +18 +19 +110 +111 +20 +21 +22 +23 +24 +25 +26 +27 +28 +29 +30 +31 +32 +33 +34 +35 +36 +37 +38 +39 +40 +41 +42 +43 +44 +45 +47 +48 +49 +50 +51 +52 +53 +54 +55 +56 +114 +115 +57 +58 +59 +60 +61 +62 +63 +64 +65 +66 +67 +68 +69 +70 +71 +72 +73 +74 +75 +76 +77 +78 +79 +80 +81 +119 +82 +83 +84 +85 +86 +87 +133 +88 +89 +90 +91 +92 +93 +94 +95 +96 +97 +98 +99 +100 +101 +102 +109 +104 +105 +106 $
>STPN.0321.00020
-20 -110 -19 -18 -17 -16 -15 -14 -13 -12 -136 -10 -8 -7 -6 -128 -5 -4 -3 -1 -106 -105 -104 -109 -102 -101 -100 -99 -98 -97 -96 -95 -94 -93 -92 -91 -90 -89 -88 -87 -86 -85 -84 -83 -82 -130 -81 -80 -79 -78 -77 -76 -75 -74 -73 -72 -71 -70 -69 -68 -67 -66 -65 -64 -62 -61 -60 -59 -58 -57 -56 -55 -54 -53 -52 -51 -50 +134 +118 -49 -48 -47 -45 -44 -43 -42 -41 -40 -39 -38 -37 -36 -35 -34 -33 -32 -31 -113 -30 -29 -28 -27 -26 -25 -24 -23 -22 -21 $
>STPN.0321.00070
+1 +3 +4 +5 +128 +6 +7 +8 +9 +10 +153 +12 +13 +14 +15 +16 +17 +18 +19 +110 +111 +20 +21 +22 +23 +24 +25 +26 +27 +28 +29 +30 +31 +32 +33 +34 +35 +36 +37 +38 +39 +40 +41 +42 +43 +44 +45 +47 +48 +49 +50 +51 +52 +53 +54 +55 +56 +114 +115 +57 +58 +59 +60 +61 +62 +63 +64 +65 +66 +67 +68 +69 +70 +71 +72 +73 +74 +75 +76 +77 +78 +79 +80 +81 +119 +82 +83 +84 +85 +86 +87 +133 +88 +89 +90 +91 +92 +93 +94 +95 +96 +97 +98 +99 +100 +101 +102 +109 +104 +105 +106 $
>STPN.0321.00006
-20 -111 -19 -18 -17 -16 -15 -14 -13 -12 -116 -10 -9 -8 -7 -6 -5 -4 -3 -2 -1 -106 -105 -104 -103 -102 -101 -100 -99 -98 -97 -96 -95 -94 -93 -92 -91 -90 -89 -88 -87 -86 -85 -84 -83 -82 -120 -119 -81 -80 -79 -78 -77 -76 -75 -74 -73 -72 -71 -70 -69 -68 -67 -66 -65 -64 -63 -62 -61 -60 -59 -58 -57 -56 -55 -54 -53 -52 -51 +48 +49 +50 -47 -117 -45 -44 -43 -42 -41 -40 -39 -38 -37 -36 -35 -34 -33 -32 -31 -30 -29 -28 -27 -26 -25 -24 -23 -22 -21 $
>STPN.0321.00041
+1 +3 +4 +5 +6 +7 +8 +9 +10 +12 +13 +14 +15 +16 +17 +18 +19 +20 -80 -79 -78 -77 -76 -75 +30 +31 +32 -65 -64 +63 -62 -61 -60 -59 -58 -57 -56 -55 -54 -53 -52 -51 -50 +44 +45 +47 +48 +49 -43 -42 -41 -40 -39 -38 -37 -36 -35 -34 -33 +66 +67 +68 +69 +70 +71 +72 +73 +74 -29 -28 -27 -26 -25 -24 -23 -22 -21 +81 +82 +83 +84 +85 +86 +87 +107 +108 +88 +89 +90 +91 +92 +93 +94 +95 +96 +97 +98 +99 +100 +101 +102 +103 +104 +105 +106 $
>STPN.0321.00004
+1 +3 +4 +5 +6 +7 +8 +10 +13 +14 +15 +16 +17 +18 +19 +20 +21 +22 +23 +24 +25 +26 +28 +29 +30 +31 +32 +33 -65 -64 +157 -62 -61 -60 -59 -58 -57 +108 -118 -56 -55 -54 -53 -52 -51 -50 -49 -48 -47 -44 -43 -42 -154 -41 -40 -39 -38 -37 -36 -35 -34 +66 +67 +68 +69 +70 +127 +71 +72 +73 +74 +75 +76 +77 +78 +79 +80 +81 +82 +83 +84 +85 +86 +87 +88 +89 +90 +91 +92 +93 +94 +95 +96 +97 +98 +99 +100 +101 +104 +105 +106 $
>STPN.0321.00063
+112 +3 +4 +5 +6 +7 +8 +9 +10 +136 +12 +13 +14 +15 +16 +17 +18 +19 +110 +20 +21 +22 +23 +24 +25 +26 +27 +28 +29 +30 +31 +32 +33 +34 +35 +36 +37 +38 +39 +40 +41 +42 +43 +44 +45 +47 +48 +50 +51 +52 +53 +54 +55 +56 +114 +115 +57 -108 +118 -49 +58 +59 +60 +61 +62 -157 +64 +65 +66 +67 +68 +69 +70 +71 +72 +73 +74 +75 +76 +77 +78 +79 +80 +81 +82 +83 +84 +85 +86 +87 +107 +88 +89 +90 +91 +92 +93 +94 +95 +96 +97 +98 +99 +100 +101 +102 +103 +104 +105 +106 +1 $
>STPN.0321.00007
+1 +3 +4 +5 +6 +7 +8 +10 -146 +12 +13 +14 +15 +16 +17 +18 +19 +20 +21 +22 +23 +24 +25 +26 +27 +28 +29 +30 +31 +32 +33 +34 +35 +36 +37 +38 +39 +40 +41 +42 +43 +44 -108 -118 -145 -144 +45 +47 +48 +49 +50 +51 +52 +53 +54 +55 +56 +114 +115 +57 +58 +59 +60 +61 +62 +63 +64 +65 +66 +67 +68 +69 +70 +71 +72 +73 +74 +75 +76 +77 +78 +79 +80 +81 +82 +83 +84 +85 +86 +87 +88 +89 +90 +91 +92 +93 +94 +95 +96 +97 +98 +99 +100 +101 +102 +109 +104 +105 +106 $
>STPN.0321.00039
+1 +3 +4 +5 +6 +7 +8 +10 +12 +13 +14 +15 +16 +17 +18 +19 +20 +21 +22 +23 +24 +25 +26 +27 +28 +29 +30 +31 +32 +33 +34 +35 +36 +37 +38 +39 +40 +41 +42 +43 +44 +47 +48 +49 +50 +51 +52 +53 +54 +55 +56 +108 +57 +58 +59 +60 +61 +62 +63 +64 +65 +66 +67 +68 +69 +70 +127 +71 +72 +73 +74 +75 +76 +77 +78 +79 +80 +81 +82 +83 +84 +85 +86 +87 +107 +88 +89 +90 +91 +92 +93 +94 +95 +96 +97 +98 +99 +100 +101 +102 +109 +104 +105 +106 $
>STPN.0321.00011
+1 +2 +3 +4 +5 +6 +7 +8 +9 +10 +116 +12 +13 +14 +15 +16 +17 +18 +19 +111 +20 +21 +22 +23 +24 +25 +26 +27 +28 +29 +30 +31 +32 +33 +34 +35 +36 +37 +38 +39 +40 +41 +42 +43 +44 -118 -108 +45 +117 +47 +48 +49 +50 +51 +52 +53 +54 +55 +56 +57 +58 +59 +60 +61 +62 +64 +65 +66 +67 +68 +69 +70 +71 +72 +73 +74 +75 +76 +77 +78 +79 +80 +81 +82 +83 +84 +85 +86 +87 +88 +89 +90 +91 +92 +93 +94 +95 +96 +97 +98 +99 +100 +101 +102 +103 +104 +105 +106 $
>STPN.0321.00002
+1 +2 +143 +3 +4 +5 +6 +7 +8 +9 +10 +12 +13 +14 +15 +16 +17 +18 +19 +20 +21 +22 +23 +24 +25 +26 +27 +28 +29 +30 +113 +31 +32 +33 +34 +35 +36 +37 +38 +39 +40 +41 +42 +43 +44 +45 +47 +48 +49 +50 +51 +52 +53 +54 +55 +56 +114 +115 +57 +58 +59 +60 +61 +62 +64 +65 +66 +67 +68 +69 +70 +71 +72 +73 +74 +75 +76 +77 +78 +79 +80 +81 +119 +82 +83 +84 +85 +86 +87 +107 +88 +89 +90 +91 +92 +93 +94 +95 +96 +97 +98 +99 +100 +101 +102 +103 +104 +105 +106 $
>STPN.0321.00009
+1 +3 +4 +5 +6 +7 +8 +9 +10 +11 +12 +13 +14 +15 +16 +17 +18 +19 +20 +21 +22 +23 +24 +25 +26 +27 +28 +29 +30 +31 +32 +33 +34 +35 +36 +37 +38 +39 +40 +41 +42 +43 +44 +45 +47 +48 +49 +50 +51 +52 +53 +54 -155 +55 +56 +57 +58 +59 +60 +61 +62 +63 +64 +65 +66 +67 +68 +69 +70 +71 +72 +73 +74 +75 +76 +77 +78 +79 +80 +81 +82 +83 +84 +85 +86 +87 +88 +89 +90 +91 +92 +93 +94 +95 +96 +97 +98 +99 +100 +101 +102 +109 +104 +105 +106 +107 $
